49 95 74 98 39 63 84 32 31 12 68 67 54 83 62 75 62 27 3 39 55 68 32 95 15 0 1 25 17 24 81 75 66 94 68 68 41 71 46 73 1 22 25 29 18 52 7 73 29 69 45 70 98 84 65 73 4 58 44 23 31 35 76 4 67 74 40 50 76 19 83 80 29 99 7 83 27 3 45 43 27 55 56 66 6 29 57 14 7 98 83 66 77 38 36 37 30 39 75 47 67 33 97 54 96 53 46 17 73 100 63 67 43 34 93 13 100 29 14 89 64 88 71 1 83 68 49 2
74 93 99 86 50 66 79 23 73 4 67 57 14 43 84 71 22 47 48 73 27 89 30 86 48 64 20 39 76 73 44 89 16 54 86 35 27 55 71 57 37 33 81 30 94 85 68 81 100 74 13 24 13 15 48 2 47 49 25 63 71 48 16 40 36 34 80 18 76 38 29 80 91 21 88 21 19 83 51 97 44 27 90 1 74 92 66 2 21 36 54 49 52 14 62 67 66 99 9 27 52 10 25 7 72 9 7 16 58 1 77 96 11 79 11 22 22 80 11 1 63 87 42 46 24 35 80 4
100 71 5 98 15 75 33 52 9 65 31 81 89 69 86 88 8 11 68 99 22 45 27 6 2 59 39 36 90 40 73 92 16 75 95 16 55 33 1 52 90 75 34 33 15 62 41 3 4 5 62 43 100 18 65 46 79 61 98 50 22 46 61 71 61 78 42 63 97 10 36 97 51 72 96 63 19 97 44 28 51 6 96 97 90 63 86 46 29 90 18 95 71 60 24 89 77 70 66 6 75 7 7 54 40 62 32 31 48 5 9 47 43 6 39 11 53 94 65 4 72 26 95 78 25 78 21 61
52 12 90 82 97 63 99 14 67 14 60 16 87 85 13 92 29 66 16 21 57 62 12 41 74 98 57 71 80 100 3 52 99 62 51 80 29 80 37 82 1 86 98 89 12 4 52 65 65 16 3 76 23 92 60 77 48 50 9 4 24 32 42 0 29 17 8 49 11 78 19 38 51 43 49 83 10 10 15 43 73 40 63 19 79 20 27 62 99 90 69 32 67 20 54 24 75 89 66 23 65 31 69 27 52 16 53 64 41 97 5 82 53 64 71 2 4 13 25 65 3 72 29 32 18 23 99 89
6 13 99 10 17 23 90 79 84 56 33 15 29 0 33 68 32 89 53 79 53 96 71 5 71 91 28 79 5 23 37 8 52 32 30 53 0 45 64 12 86 45 32 59 73 36 55 38 95 78 52 58 63 16 42 86 63 13 77 9 49 47 85 81 25 83 15 79 94 90 65 57 69 91 41 96 46 14 99 18 18 8 29 46 46 98 3 32 6 86 15 33 3 14 100 56 80 5 31 55 30 90 21 81 64 69 38 18 42 7 92 62 30 81 73 50 4 52 11 31 26 81 72 37 61 8 43 70
77 84 85 37 35 7 99 32 94 76 38 69 94 56 37 98 97 95 66 61 83 87 58 86 36 85 14 0 79 63 12 44 80 87 88 54 43 73 56 62 87 7 68 39 53 31 75 84 99 45 31 67 82 31 56 88 85 60 1 34 50 9 37 88 87 14 15 11 23 84 0 23 46 40 29 46 24 38 72 15 78 58 35 20 18 67 28 82 29 11 68 36 52 47 27 33 37 52 70 11 46 8 37 51 25 7 90 59 19 96 80 58 2 72 70 29 40 7 12 50 24 68 97 100 76 27 31 66
49 13 57 86 56 14 89 51 27 46 84 24 27 41 48 63 30 64 92 68 81 71 0 47 11 23 100 2 39 99 32 64 59 1 73 41 66 49 48 42 10 70 19 12 56 71 38 25 33 25 74 82 9 89 52 26 89 35 24 91 65 78 81 93 1 34 96 91 69 0 96 38 51 15 90 0 35 100 59 50 16 2 16 75 25 60 90 86 73 14 53 5 97 96 25 40 83 2 26 24 23 77 13 72 80 9 85 70 4 96 4 55 94 33 66 63 70 44 92 67 96 70 9 33 100 15 23 53
38 36 67 40 82 6 3 8 40 16 92 12 59 40 18 90 95 10 29 6 57 99 64 74 68 49 88 73 30 90 12 33 10 67 82 76 89 48 71 29 19 33 44 78 42 82 14 21 0 5 94 7 87 29 58 17 56 92 80 56 38 52 94 71 70 73 29 32 67 32 34 67 74 2 67 2 74 88 34 33 35 21 47 57 41 76 88 7 70 55 74 48 56 54 41 14 40 11 72 73 29 35 81 48 23 9 4 12 83 70 62 29 22 78 65 8 34 77 89 1 75 81 3 46 59 32 28 100
20 31 97 5 82 19 69 83 71 51 11 38 40 52 35 21 3 44 70 38 4 85 29 78 62 34 42 9 19 89 10 16 16 16 82 9 22 18 19 5 24 70 93 37 76 25 15 76 75 20 19 64 74 72 45 89 44 22 49 33 58 35 59 77 100 6 97 18 25 7 17 53 19 19 98 64 78 47 58 14 31 92 67 19 32 68 29 6 3 75 57 49 17 86 18 45 10 74 23 38 56 85 68 26 33 27 50 44 25 49 8 21 63 63 88 20 32 55 58 57 34 47 77 31 13 6 76 37
57 20 13 95 11 18 94 32 39 29 12 2 95 68 25 91 80 41 8 9 82 50 88 69 2 81 83 77 99 89 62 55 21 26 26 9 83 97 24 35 50 24 27 22 34 80 34 41 33 52 38 42 64 22 99 85 71 88 46 73 69 74 98 15 66 18 70 50 12 3 99 53 35 11 28 57 14 90 47 55 29 18 66 9 33 94 9 13 37 28 42 84 26 3 97 16 72 29 27 30 76 75 75 5 27 5 26 16 9 25 65 9 35 62 93 68 39 7 69 91 73 70 21 96 40 91 20 38
60 34 86 88 86 7 76 0 4 72 65 97 93 92 88 61 89 38 66 42 87 81 16 68 7 85 34 97 2 42 89 38 61 46 79 18 64 21 57 35 60 78 11 49 22 18 49 64 51 63 18 64 96 28 23 78 82 20 1 30 87 9 6 16 5 1 70 9 61 65 52 82 75 53 35 4 20 45 44 32 6 37 69 26 60 93 6 5 78 80 71 52 18 87 53 16 39 91 50 10 7 48 78 75 63 71 1 94 29 95 55 14 8 57 63 31 9 59 44 58 49 3 39 42 3 5 78 18
50 42 71 23 90 50 36 90 30 46 95 88 64 17 67 36 95 100 44 87 71 3 80 41 37 3 46 5 87 43 63 44 85 35 95 3 51 52 95 53 50 12 29 11 82 63 54 53 60 24 30 73 62 90 12 75 79 19 87 92 39 97 61 10 47 21 48 12 14 18 80 50 94 77 42 69 13 10 55 85 56 43 25 47 52 74 19 10 0 35 64 93 78 62 34 7 24 43 28 46 74 25 90 23 61 2 54 11 35 5 75 79 52 76 61 21 27 82 99 17 38 53 67 68 39 90 27 83
21 89 37 88 30 13 25 37 9 62 75 82 42 16 22 64 60 20 76 18 50 35 31 80 83 19 48 14 36 40 82 14 91 23 11 58 34 84 27 71 17 44 35 35 3 63 38 60 80 53 98 55 57 12 50 55 80 53 32 63 13 47 19 2 73 17 9 71 7 54 80 40 6 76 45 78 39 0 84 48 15 25 92 48 89 28 42 14 47 45 87 84 68 88 94 5 65 79 20 42 68 22 77 79 4 29 97 1 85 46 94 38 74 58 79 75 51 77 34 38 99 38 91 86 31 84 46 28
66 91 82 71 72 22 54 56 28 35 1 76 12 48 63 47 2 16 14 89 84 69 19 69 67 75 67 96 43 19 100 30 48 47 70 85 17 62 60 82 11 22 12 73 37 10 11 80 44 7 86 67 21 87 78 14 11 55 12 25 34 17 56 44 11 65 64 45 74 74 48 45 17 2 61 48 80 60 68 0 93 100 55 98 27 9 60 38 19 68 27 90 91 33 97 81 21 62 67 89 7 24 51 83 96 30 60 83 16 87 94 61 42 13 58 72 88 88 89 44 94 65 70 45 54 46 16 88
72 35 84 60 20 4 37 73 59 92 26 18 17 13 50 47 61 1 18 55 17 51 88 100 36 67 80 7 22 56 0 15 63 80 59 87 30 30 80 60 3 30 88 22 38 96 51 98 95 20 19 57 18 5 7 36 75 90 66 30 6 53 70 74 99 12 48 4 27 77 48 11 49 95 15 74 69 47 89 100 28 72 17 12 21 54 59 10 6 33 50 63 84 99 23 38 67 58 68 25 72 48 44 98 89 31 82 16 31 34 70 55 80 31 11 34 76 84 92 80 94 17 54 62 55 65 27 35
82 79 23 97 68 39 57 3 90 97 65 34 74 33 71 27 87 75 5 66 28 2 13 72 52 18 73 54 87 93 69 79 37 98 13 96 42 15 30 40 45 48 20 90 80 80 65 91 78 99 38 55 79 44 12 66 73 90 84 53 95 41 14 95 75 9 42 50 74 4 84 77 37 85 31 20 66 16 97 91 91 71 81 49 93 95 59 40 46 12 54 56 44 26 35 19 55 4 41 30 88 76 44 78 47 41 90 31 67 46 68 79 31 70 10 8 26 9 48 27 30 62 72 36 95 45 77 59
92 47 36 98 0 11 37 94 51 19 90 76 48 68 3 27 72 61 70 90 71 96 10 72 29 72 52 7 59 25 90 56 96 13 59 91 3 76 45 19 96 84 55 75 96 50 62 6 41 90 13 100 80 80 4 53 1 47 28 51 35 23 7 77 80 75 60 5 84 25 98 14 24 91 12 81 38 70 90 14 74 16 40 58 47 7 85 91 88 47 19 91 100 50 50 13 75 4 77 8 66 19 98 18 8 13 93 81 13 45 54 79 51 63 34 29 70 35 62 41 98 80 48 15 96 55 7 75
40 69 2 82 81 20 9 27 46 69 83 22 67 95 23 34 82 73 73 2 22 40 97 77 85 59 2 66 48 17 85 84 84 40 67 60 58 49 85 35 86 11 42 33 91 35 59 0 56 44 5 94 93 35 71 93 48 17 86 92 46 46 61 35 79 27 98 6 45 18 12 69 54 84 63 64 1 68 14 49 50 81 94 46 87 65 100 21 52 48 32 37 87 84 39 96 51 30 51 19 86 54 13 52 78 11 95 35 55 33 53 31 37 81 57 42 33 2 85 55 41 92 94 80 51 6 79 56
76 38 58 59 90 66 20 32 9 56 53 64 30 62 39 24 77 44 25 10 92 100 100 65 74 63 8 7 64 49 20 36 96 23 44 21 89 0 40 6 43 97 57 96 90 85 46 46 51 85 78 28 86 0 6 62 17 18 18 33 73 12 91 2 91 20 59 62 36 18 32 69 34 90 43 23 1 81 33 14 76 58 2 96 47 81 13 64 61 63 71 16 100 26 3 69 36 19 87 30 72 82 65 29 56 82 88 3 83 46 15 81 88 97 41 54 19 41 73 94 24 34 54 1 35 75 70 87
46 81 25 23 37 65 64 52 4 60 92 61 58 67 96 5 78 29 9 47 67 33 95 19 18 88 35 86 28 30 72 5 32 42 81 82 97 41 70 33 21 67 51 63 45 21 26 72 38 71 90 72 81 76 52 99 63 94 20 27 69 22 13 2 17 71 36 38 3 67 77 29 32 51 55 76 59 4 98 15 46 28 44 24 87 27 14 24 66 8 86 79 97 89 4 6 73 40 0 9 69 36 28 93 65 74 99 23 5 96 20 51 34 88 46 70 83 19 3 41 22 52 1 73 55 12 81 24
99 55 25 41 10 30 21 95 49 62 90 2 30 76 41 89 61 100 34 88 92 22 69 5 63 53 54 19 51 87 30 37 33 72 42 61 43 76 100 83 29 76 75 27 83 19 83 39 72 61 10 30 55 93 99 72 77 46 70 68 32 32 21 56 73 93 0 90 10 29 20 97 34 96 28 95 76 44 14 80 23 91 94 10 53 85 8 26 74 35 29 72 16 100 36 86 86 25 58 83 92 70 83 47 15 86 81 55 29 58 48 51 64 30 56 36 78 60 100 54 10 64 15 55 86 98 2 47
69 50 66 7 17 23 62 62 80 44 95 95 70 0 69 30 84 80 84 17 76 44 64 8 8 96 59 13 41 8 36 38 35 20 84 82 29 16 63 53 93 69 31 61 49 58 52 12 14 84 44 71 56 91 91 22 56 3 48 51 62 64 50 25 76 0 53 78 10 73 61 85 40 100 4 0 20 60 87 2 33 93 83 47 73 58 23 20 42 24 35 58 86 94 29 72 82 73 94 59 98 2 49 4 62 84 66 1 66 51 83 13 54 70 65 77 0 17 76 29 71 98 7 43 54 14 22 60
82 85 63 6 29 100 45 32 77 86 59 54 84 54 48 6 15 42 5 10 42 90 41 10 36 71 85 50 54 30 52 86 36 55 42 25 40 2 71 18 12 80 91 48 53 67 89 71 63 0 44 76 47 39 27 9 61 17 91 34 61 21 11 50 44 65 80 99 30 20 24 20 27 89 29 53 35 17 11 50 28 32 15 33 20 21 38 20 77 57 73 39 33 94 54 82 39 39 66 50 37 69 96 87 2 13 11 69 15 19 11 3 61 16 95 76 66 0 100 16 41 19 71 53 85 9 25 33
7 3 60 68 62 27 63 65 96 33 31 28 8 26 31 16 62 78 32 97 5 15 88 29 6 9 68 18 70 80 65 36 22 6 50 60 93 11 78 2 97 67 84 64 43 9 8 77 76 38 72 4 53 14 99 8 77 96 11 89 15 75 6 25 92 58 35 70 43 65 32 46 9 2 32 3 13 70 89 33 12 92 23 67 67 6 64 81 89 80 2 51 66 89 54 67 41 78 6 0 94 2 99 38 2 88 98 90 73 17 67 94 52 46 14 37 26 51 3 24 54 1 36 12 6 64 65 13
27 81 47 90 51 0 34 74 58 62 38 57 91 72 90 63 66 56 99 48 48 88 85 56 49 96 89 29 69 64 52 94 26 33 26 93 9 77 56 54 20 44 50 78 90 32 84 56 3 53 45 13 1 83 24 92 9 32 21 29 10 74 15 75 23 4 66 92 17 49 5 64 33 26 18 93 82 76 19 21 36 63 50 66 25 80 71 4 26 0 59 48 49 89 54 83 99 33 43 6 99 50 23 95 61 59 5 45 43 22 59 71 68 64 63 10 73 58 45 90 21 56 89 19 69 83 63 93
58 50 46 28 67 57 17 33 17 76 42 59 30 89 82 54 28 96 30 35 98 70 76 38 63 87 100 46 10 13 58 90 30 52 97 65 98 37 62 14 18 79 92 64 61 14 21 32 47 100 95 48 2 55 57 68 82 12 79 35 36 33 81 56 95 96 59 68 60 49 69 77 73 61 19 68 6 78 9 6 27 21 75 61 93 95 96 80 2 89 7 33 15 34 58 61 82 44 52 6 6 55 54 92 33 52 5 90 52 51 79 76 10 40 34 44 20 43 54 93 5 29 24 64 49 9 17 88
17 3 100 91 22 93 37 88 50 41 24 92 23 2 56 46 76 60 29 55 41 33 9 41 73 24 76 75 12 1 92 54 51 70 8 39 29 53 6 68 50 90 61 73 33 82 58 6 54 62 48 68 63 25 83 54 25 37 78 74 2 10 98 68 5 74 68 66 95 25 52 22 24 79 80 43 10 55 12 51 50 87 95 19 99 5 78 23 55 42 64 77 12 51 88 21 15 39 75 79 43 38 30 11 30 91 46 9 20 9 3 43 13 37 29 14 18 42 23 59 8 70 100 89 1 73 37 8
14 56 91 60 19 75 62 94 19 19 37 77 78 81 57 17 51 56 61 50 69 9 67 69 25 87 100 51 63 59 31 54 41 53 55 25 86 87 94 75 94 16 82 76 3 24 70 93 81 84 18 37 25 99 24 52 76 61 1 24 85 59 29 94 32 11 26 37 71 35 61 58 99 35 9 24 12 35 56 94 33 55 45 34 46 15 95 87 74 53 74 79 11 27 56 42 4 36 43 22 13 49 87 79 79 36 3 81 84 40 33 78 99 48 43 11 93 19 58 66 32 63 88 43 32 36 44 4
48 13 61 82 60 65 4 23 68 29 30 84 21 16 25 42 78 72 71 36 51 40 38 91 22 2 84 66 63 55 63 5 49 90 27 73 68 17 89 81 72 50 65 63 68 76 4 63 55 37 21 81 18 61 81 54 69 23 9 4 99 75 99 74 20 64 36 45 81 84 82 89 19 92 6 32 77 45 85 88 1 0 22 82 60 28 99 100 100 4 78 20 55 34 97 3 96 43 29 54 83 78 53 11 82 15 72 90 60 40 91 28 36 56 85 0 94 50 70 21 45 92 96 75 9 48 42 33
100 71 97 57 27 25 22 72 16 50 28 30 13 76 69 64 19 0 9 24 18 52 24 62 74 35 22 91 37 46 80 12 79 91 32 54 6 60 88 26 16 27 66 33 33 100 54 51 34 19 32 74 33 6 96 15 70 78 22 24 79 13 69 46 79 48 93 86 31 40 48 55 51 16 38 59 20 61 64 11 100 6 35 81 61 98 22 40 80 3 55 27 31 70 72 58 42 23 99 98 86 42 60 57 46 89 46 59 5 43 94 26 11 71 66 75 37 70 82 67 39 6 54 88 82 58 23 72
96 10 50 100 24 7 60 1 19 17 23 66 91 15 67 5 8 46 48 12 72 50 71 19 99 94 41 1 86 61 56 39 54 53 16 65 9 80 55 84 27 39 1 82 62 1 54 63 66 52 34 69 67 76 92 32 65 96 40 45 94 70 2 52 40 61 95 47 27 18 11 59 58 54 67 91 95 57 11 6 54 30 90 47 83 71 11 43 35 48 45 55 91 80 76 8 94 92 98 6 74 99 72 32 80 47 45 73 82 63 57 60 80 62 16 18 88 59 68 20 94 23 66 67 81 29 70 22
68 0 95 28 25 67 11 48 100 56 27 30 81 62 72 3 76 53 33 42 93 59 8 66 85 58 94 0 18 14 12 50 78 94 47 42 40 38 26 33 100 21 36 28 13 44 92 81 58 81 77 85 0 82 8 47 57 61 33 40 53 98 76 13 25 26 7 99 12 24 12 85 66 19 0 38 97 86 5 17 3 35 12 53 77 78 29 42 53 26 38 17 52 0 0 45 28 51 6 23 23 62 95 0 85 81 61 65 44 85 99 83 34 50 6 57 65 21 86 49 35 21 98 66 72 25 56 16
16 96 39 88 49 42 98 25 3 80 89 47 75 65 78 23 40 38 75 88 57 39 85 1 82 46 69 75 7 90 90 91 92 17 4 21 27 47 8 72 25 56 4 2 96 70 74 74 28 75 91 30 47 15 6 87 95 5 60 42 88 23 36 70 38 12 74 16 50 10 17 30 59 0 44 51 75 61 84 72 27 59 100 51 63 42 95 43 81 45 90 6 51 82 44 56 48 55 57 35 84 17 75 8 19 6 50 10 11 75 3 55 96 18 67 55 25 68 83 44 34 7 61 1 31 55 84 65
36 1 18 39 3 8 97 0 68 92 50 77 11 75 60 28 13 58 30 52 81 73 39 3 33 48 18 87 64 52 51 51 12 42 63 97 8 13 55 17 45 72 97 40 69 6 58 68 6 58 77 96 92 71 71 8 35 6 86 12 29 24 86 89 56 45 76 5 35 18 19 51 75 88 88 49 83 75 84 12 4 8 74 64 3 98 15 64 53 68 77 20 83 28 77 64 34 5 22 97 19 39 72 98 92 6 48 18 82 96 0 49 44 31 8 34 71 32 30 27 98 53 71 40 21 55 57 18
81 8 12 20 4 89 84 69 10 79 97 12 18 62 8 19 15 4 90 84 61 76 35 66 67 56 76 100 80 36 50 47 48 40 14 42 11 89 100 50 83 10 77 69 63 22 0 92 29 74 28 43 6 85 11 69 69 16 68 58 19 19 70 5 63 61 80 25 100 32 8 35 29 41 60 44 51 46 42 43 41 96 34 74 16 38 96 41 24 42 19 16 15 22 10 37 83 25 35 93 91 3 93 73 91 54 27 19 11 59 94 56 77 78 74 69 30 89 62 25 66 21 27 59 40 42 12 89
53 20 98 2 77 40 100 29 96 50 81 98 56 64 33 81 15 9 34 38 56 83 65 72 60 99 40 32 75 90 68 94 2 64 55 72 98 19 57 21 73 55 36 3 88 42 79 11 65 53 76 28 96 62 34 66 17 70 80 55 20 78 95 29 42 16 94 79 33 60 10 7 46 25 48 97 33 2 68 70 3 2 12 82 56 0 0 39 25 0 60 73 100 0 4 31 29 14 6 21 96 73 29 83 43 17 13 23 56 71 65 96 74 65 26 4 1 31 7 11 39 69 39 68 61 27 94 10
5 23 2 11 5 66 21 87 58 97 70 23 32 68 68 82 48 3 16 36 30 60 86 2 64 4 100 84 8 25 51 43 100 46 32 94 40 64 65 59 19 98 48 31 8 59 41 43 9 45 52 95 37 82 45 81 26 39 62 10 29 70 84 17 69 44 89 72 55 15 20 7 54 100 84 37 86 95 43 71 40 45 91 67 50 11 30 92 95 93 92 41 14 71 35 54 41 55 48 23 17 12 31 89 46 22 73 44 53 16 15 90 22 83 68 54 95 22 33 44 7 46 40 31 82 28 53 56
63 86 94 20 81 34 30 31 99 60 38 46 46 60 37 54 83 88 51 50 0 23 25 9 36 70 47 58 24 3 46 26 77 69 41 2 0 4 15 9 94 73 88 75 93 87 0 90 49 83 100 97 97 86 87 52 26 39 7 14 21 85 24 50 8 62 81 35 59 98 7 93 79 29 27 100 43 47 27 8 47 39 18 2 21 38 56 72 39 19 40 9 78 66 63 53 18 10 23 38 0 67 67 5 94 54 36 59 95 75 99 68 81 41 58 53 85 44 7 8 76 26 46 66 34 24 20 42
89 20 61 6 72 25 18 76 85 64 15 84 31 75 26 33 51 27 1 33 44 55 13 24 32 22 34 89 95 80 38 94 84 91 3 72 42 65 59 79 94 57 82 44 54 73 75 16 89 50 69 55 38 94 73 47 63 27 15 1 95 42 66 73 11 95 88 83 96 12 86 49 6 41 59 66 67 7 27 66 97 69 42 24 22 3 20 69 62 28 83 87 94 50 38 79 82 53 66 60 98 86 71 48 3 52 75 96 45 35 57 41 74 63 2 12 79 82 74 24 29 38 71 22 26 33 73 66
41 51 70 77 10 45 20 29 1 83 10 35 69 8 87 60 71 22 94 38 80 79 57 29 65 55 64 95 97 19 17 58 7 16 55 41 42 25 43 4 72 98 34 32 100 51 57 95 43 79 93 48 69 15 59 6 59 98 78 74 17 46 23 97 72 50 80 1 11 49 14 63 8 94 61 99 18 95 63 88 96 14 46 79 90 32 8 96 22 14 72 32 93 12 3 62 6 2 70 30 78 60 6 63 12 47 67 90 47 43 24 45 48 89 74 52 35 35 18 52 24 1 15 82 95 96 73 18
74 80 51 90 31 48 54 74 58 0 60 73 32 72 40 63 45 3 45 12 45 86 72 35 75 91 33 3 94 48 86 30 65 96 35 7 1 7 83 64 99 13 6 34 72 19 15 100 37 48 51 3 50 3 80 47 73 17 68 57 32 96 49 15 90 74 2 10 31 100 35 30 6 42 6 97 43 12 81 27 48 21 80 51 15 7 87 94 34 86 16 41 15 38 94 57 15 87 41 60 9 51 3 76 40 22 41 78 70 20 98 80 10 3 61 13 40 2 42 1 20 21 86 79 73 91 71 86
93 19 85 11 50 43 89 37 3 85 87 70 63 35 8 93 20 29 11 52 5 43 90 85 81 82 95 44 80 36 60 66 40 50 3 18 55 19 59 49 57 95 74 76 26 24 68 64 97 84 16 56 45 33 52 4 27 23 57 56 11 38 33 73 0 60 25 82 37 40 10 27 0 70 46 51 8 1 77 10 51 100 77 54 93 10 1 43 23 64 6 40 52 65 47 78 36 74 49 87 32 60 30 64 46 50 99 56 52 9 73 15 48 75 91 61 50 65 27 4 71 24 15 90 43 87 75 96
53 56 21 10 15 16 79 66 35 45 49 48 51 46 59 97 18 59 73 95 2 44 26 64 81 7 39 71 56 10 2 67 67 14 96 59 52 5 24 39 68 3 45 33 12 10 47 6 42 59 42 34 93 19 78 10 73 23 68 18 94 14 43 37 37 4 33 1 6 46 59 22 27 90 26 0 55 89 76 84 23 53 72 90 98 75 19 36 92 81 100 7 92 30 99 76 70 11 83 67 8 21 60 27 30 19 70 29 48 95 13 33 91 46 82 65 40 33 11 91 89 24 14 27 13 53 51 19
87 50 32 12 42 11 7 99 46 35 59 81 14 47 34 63 26 8 59 75 32 93 14 38 81 77 83 86 7 37 66 25 66 61 40 13 69 31 10 75 22 99 83 95 85 2 7 49 55 90 84 24 20 64 78 93 49 26 96 17 64 45 22 10 22 83 75 57 99 6 25 79 91 72 42 63 73 33 33 86 64 12 92 67 97 70 98 50 80 9 33 33 97 52 90 44 14 15 34 67 96 45 11 67 21 6 95 46 71 11 56 34 43 73 31 62 78 65 86 58 37 15 61 93 59 80 31 50
31 69 100 24 32 77 47 76 100 52 10 7 74 84 24 91 97 57 62 84 53 15 16 64 85 55 21 95 86 74 91 63 3 69 81 17 50 98 56 34 73 45 88 80 43 20 58 15 70 70 16 88 23 7 32 22 78 6 29 14 68 41 66 36 97 37 87 97 28 9 14 32 90 48 26 49 40 9 33 20 82 70 69 28 27 44 47 19 24 67 22 39 17 12 3 95 26 9 85 50 62 66 14 88 44 3 15 82 6 33 44 80 42 53 33 12 6 10 70 84 27 80 82 5 38 23 14 6
56 53 35 57 16 51 5 13 79 69 21 61 100 99 70 66 70 43 62 91 31 82 83 25 96 35 82 1 51 81 9 7 85 90 30 19 21 54 15 4 62 39 88 99 51 62 36 47 67 36 58 20 11 41 83 86 91 76 34 17 19 24 51 4 49 88 9 52 76 54 32 96 45 73 66 94 12 91 66 67 26 77 34 77 74 81 11 47 22 12 71 75 0 39 99 62 51 90 31 39 95 29 50 10 77 50 58 98 88 87 31 65 88 61 98 56 17 66 10 31 81 81 45 22 33 90 69 43
60 46 32 19 97 75 52 75 93 31 61 59 56 67 0 37 75 29 11 33 25 82 29 12 37 65 40 31 16 40 18 29 51 44 50 38 68 86 63 89 86 41 56 13 43 84 6 68 38 98 17 46 80 94 1 23 93 7 41 97 14 76 46 93 45 52 44 97 36 36 51 1 30 92 91 79 59 66 56 50 77 75 67 61 83 76 31 78 59 10 94 3 3 90 83 47 48 87 96 69 81 36 16 8 81 5 89 31 44 99 87 57 35 77 39 72 0 18 88 21 17 95 41 96 99 17 1 22
97 61 18 4 62 44 99 11 27 26 34 93 78 59 31 49 18 36 88 81 54 45 5 57 54 17 16 86 93 4 44 18 5 24 14 13 48 58 25 82 21 44 63 87 35 87 1 1 79 6 53 4 96 75 25 37 91 6 65 86 43 45 7 8 86 90 68 1 27 63 16 7 98 75 95 88 76 85 40 15 42 96 45 70 35 87 80 69 1 31 72 29 3 97 47 55 89 2 52 44 50 63 69 81 97 37 31 24 8 11 31 6 26 55 30 32 51 98 49 41 27 48 74 69 3 95 29 56
5 81 45 85 97 21 25 6 81 45 0 87 51 76 42 60 85 74 45 15 14 22 28 11 70 86 15 33 68 10 50 24 78 93 55 40 34 100 18 77 53 72 66 16 39 96 54 68 82 20 55 76 38 63 64 3 18 77 60 66 99 76 89 61 36 90 26 96 2 0 49 73 6 8 51 30 67 76 97 41 21 61 74 56 65 50 37 66 28 83 36 85 43 21 34 39 16 40 46 69 54 38 23 0 3 65 56 40 100 35 72 19 81 58 19 64 51 25 49 53 89 77 42 93 75 37 83 12
2 57 36 0 58 55 57 46 23 16 96 86 58 78 40 75 27 75 38 29 27 100 90 85 82 52 56 35 86 61 3 28 82 40 83 85 25 88 56 38 70 76 61 48 7 73 4 69 0 35 1 70 10 16 100 4 69 82 70 57 22 14 38 36 89 81 46 18 95 90 13 96 17 4 1 37 85 62 54 3 97 46 28 25 29 65 55 11 58 45 89 92 45 98 45 4 41 0 45 96 10 99 87 45 47 81 30 24 96 60 38 31 61 80 16 0 80 28 15 65 5 31 65 20 16 42 75 55
80 7 12 83 58 60 100 27 56 72 82 50 51 21 31 20 28 24 38 82 45 14 88 88 27 50 55 4 89 77 13 53 79 64 9 77 60 95 78 12 25 69 69 7 8 8 66 16 80 50 75 18 85 93 23 9 85 48 49 78 19 93 41 6 24 53 62 15 29 64 20 24 55 60 44 78 79 43 24 57 95 81 13 26 28 37 98 18 41 99 57 82 48 53 7 17 66 22 91 21 82 64 1 43 70 94 40 29 84 6 54 80 64 58 83 46 21 20 21 75 25 5 97 100 43 0 1 56
97 14 76 78 5 97 5 100 76 81 4 75 70 86 92 90 35 97 21 86 30 73 35 1 71 0 78 24 95 11 2 3 39 91 32 37 95 37 59 98 30 24 53 56 5 93 66 86 11 0 86 34 83 94 75 80 21 27 15 100 30 48 84 100 6 100 97 59 68 95 33 26 37 54 52 55 4 78 38 41 83 48 83 45 9 68 9 8 91 95 42 57 98 19 44 14 87 38 25 78 86 93 78 15 37 51 9 72 68 10 41 47 84 96 15 92 19 89 20 41 78 36 16 92 67 80 83 61
43 26 95 39 50 97 15 71 34 11 76 51 49 79 4 77 10 49 89 37 69 63 26 92 71 74 28 44 82 31 36 5 39 10 89 63 46 57 45 18 55 76 43 78 71 71 44 77 65 93 22 30 50 86 75 7 10 66 5 6 14 67 95 8 74 6 53 71 20 10 36 1 33 87 89 28 70 98 55 18 100 49 55 24 84 30 85 21 77 16 79 43 44 52 11 70 47 12 36 53 75 58 28 11 0 10 86 89 80 30 20 35 43 64 67 13 76 73 18 27 29 0 79 0 39 40 31 3
33 56 58 85 64 65 57 47 1 0 29 22 29 28 92 23 71 92 52 33 83 73 37 75 41 92 67 67 58 32 2 80 50 46 6 89 3 74 54 70 47 14 20 9 62 26 93 68 19 30 73 82 69 77 62 27 19 33 25 86 94 4 10 100 39 62 29 54 54 45 70 84 26 38 36 71 11 24 23 51 8 0 39 90 0 86 70 55 53 46 84 18 67 44 1 45 73 41 47 17 46 70 9 88 90 5 97 59 64 7 79 70 80 2 99 57 38 14 40 71 45 52 3 93 61 85 19 10
1 11 96 53 48 5 17 43 24 16 5 37 71 55 23 90 6 51 52 69 3 37 4 32 76 90 95 7 44 24 7 50 6 81 28 45 75 31 11 87 34 54 1 91 66 24 94 76 85 87 10 47 4 71 99 52 80 88 35 83 26 64 16 20 16 77 9 38 76 52 34 18 10 6 43 58 7 88 23 6 69 71 15 9 61 73 36 75 20 32 9 66 74 39 76 90 95 46 73 14 55 18 53 78 44 74 96 0 10 6 49 8 51 82 1 66 9 39 3 29 55 83 92 57 64 74 17 7
63 28 100 59 49 68 45 55 59 57 73 14 66 31 17 59 14 67 82 21 89 20 85 12 81 20 14 83 53 77 14 19 95 94 26 8 32 12 91 54 83 66 96 28 43 67 82 10 34 32 81 25 81 45 7 15 14 15 40 59 59 15 11 3 80 29 45 15 73 86 27 37 51 1 9 98 58 36 3 97 24 42 25 13 99 13 46 50 88 21 66 69 58 89 43 83 13 12 67 81 57 93 7 3 74 95 58 88 81 34 67 83 22 39 80 35 89 5 50 85 42 57 82 62 17 71 98 96
42 70 6 21 0 93 54 99 60 89 12 62 46 20 42 18 26 32 2 47 97 2 30 76 99 14 6 4 64 70 81 5 87 23 25 34 87 58 14 48 25 78 54 81 9 4 91 2 33 1 20 14 94 36 71 81 0 18 76 19 33 7 50 9 26 85 47 53 61 88 79 59 11 14 10 11 89 89 12 92 99 78 24 87 15 68 93 98 100 89 4 63 63 22 53 43 95 17 13 9 22 28 2 45 15 82 27 79 71 55 50 5 63 7 40 5 21 23 21 81 43 11 0 42 79 33 3 90
67 27 53 19 1 32 25 52 82 69 6 67 99 35 21 61 33 14 100 34 98 52 25 98 7 83 56 68 35 10 94 20 64 1 91 9 34 46 56 41 91 67 58 54 77 84 80 56 31 93 11 37 90 53 2 47 65 22 59 98 63 21 6 35 5 7 34 29 60 98 89 74 48 14 15 67 39 16 75 85 92 89 65 60 71 83 2 89 63 71 6 66 75 9 4 0 27 29 78 37 78 58 57 86 2 90 69 40 37 39 98 44 77 50 79 53 39 99 56 39 72 86 52 64 0 17 19 94
99 49 29 81 28 28 45 97 33 18 91 56 40 43 4 93 18 66 69 93 89 20 20 13 78 81 4 74 84 12 74 6 80 52 74 8 2 74 45 42 97 1 5 88 100 71 80 77 91 34 67 27 8 62 18 89 10 5 7 17 84 13 83 85 13 80 90 45 6 73 64 39 6 82 73 31 34 61 55 39 76 30 57 66 53 4 33 22 12 66 37 96 53 64 49 4 53 42 24 34 88 92 78 15 21 5 94 2 29 46 95 25 93 92 99 42 77 84 31 92 52 53 67 74 42 69 4 7
57 40 32 74 15 32 40 24 79 20 71 51 30 61 65 78 81 79 2 86 70 82 3 89 38 40 34 56 64 80 44 12 89 56 9 21 62 42 70 75 78 34 32 16 21 23 22 59 49 48 85 56 62 99 74 98 10 98 97 50 93 36 7 13 53 14 12 60 67 36 87 32 50 76 29 29 63 79 99 95 20 34 79 98 58 65 53 66 68 33 93 32 88 100 58 97 97 40 40 65 62 66 34 4 5 20 40 83 8 7 45 47 65 18 29 24 10 95 96 57 40 24 27 94 84 1 0 34
52 63 18 32 61 15 82 44 61 15 51 26 50 90 44 6 34 58 39 42 21 85 3 94 67 5 91 5 76 22 0 33 42 15 94 40 68 5 11 45 16 32 29 23 50 46 79 47 15 15 66 22 80 88 30 57 72 46 10 32 63 54 10 67 96 40 1 4 43 57 16 45 19 60 53 64 26 25 32 5 20 45 3 66 3 95 70 98 64 23 29 75 2 78 95 20 24 96 54 7 5 64 56 51 0 90 65 78 24 4 13 50 62 41 15 53 8 93 75 84 93 8 81 12 71 47 100 88
75 36 88 46 11 91 54 88 67 1 76 66 13 78 49 41 98 52 23 60 15 37 23 15 53 24 0 92 78 40 49 87 79 91 39 88 40 84 50 88 36 49 61 34 36 39 98 54 61 11 37 12 53 88 93 80 64 81 27 33 22 52 20 88 10 13 16 15 25 33 63 2 27 10 16 83 44 38 69 17 28 47 16 56 3 4 69 45 47 77 42 93 69 89 16 59 6 37 87 82 58 21 74 11 21 4 58 90 24 58 92 59 33 32 36 83 72 32 72 53 89 81 33 6 56 36 80 33
97 32 7 16 35 90 26 20 18 72 24 89 10 90 22 89 95 83 86 17 62 84 84 56 31 90 91 53 32 2 41 16 59 93 99 35 9 46 35 5 28 87 26 38 19 45 39 92 18 3 34 52 13 11 47 18 9 82 5 71 29 94 6 22 60 72 20 82 65 77 21 30 88 8 85 57 39 54 43 40 10 33 67 83 17 36 18 58 0 25 21 60 52 68 9 45 82 78 41 71 9 21 56 82 86 18 67 45 35 4 2 54 33 18 24 88 83 43 41 24 96 17 28 33 14 49 74 60
59 42 98 14 33 79 87 81 72 71 63 3 21 35 48 2 10 48 33 6 54 26 17 85 66 97 46 90 18 97 42 70 19 55 79 32 27 27 51 4 15 61 0 48 74 32 14 89 40 13 24 36 11 36 99 6 85 42 40 71 50 99 10 65 25 79 43 47 86 58 8 28 13 40 36 80 42 20 45 52 79 71 25 53 90 80 2 52 72 91 73 34 20 78 28 32 78 86 87 45 8 97 38 70 36 51 80 54 4 81 1 15 19 85 85 86 46 81 19 4 27 53 74 19 17 31 43 92
74 10 15 72 58 15 45 85 40 34 94 68 92 38 88 67 91 16 37 87 77 69 78 99 54 50 22 88 40 48 4 2 7 62 32 63 78 11 25 44 12 0 64 54 84 43 51 19 26 22 90 48 27 24 37 28 76 0 81 60 8 57 87 60 1 43 24 21 32 25 98 16 2 65 81 56 8 46 32 15 86 33 98 85 100 17 28 16 39 48 35 93 93 24 32 71 49 12 44 87 43 24 37 67 39 49 82 71 14 73 83 29 77 74 83 100 0 42 34 25 76 23 57 54 49 40 9 57
79 34 76 6 82 18 76 4 61 53 80 81 45 31 81 62 32 30 11 41 55 2 9 10 85 54 38 8 73 97 0 53 72 48 39 64 20 78 61 70 52 13 52 19 55 45 68 23 55 98 84 52 13 1 76 31 9 11 84 53 24 15 2 13 96 30 78 84 77 53 24 35 9 44 78 23 93 52 88 40 83 29 50 66 2 78 60 50 33 26 69 10 79 4 51 51 98 26 76 49 16 0 46 25 14 91 3 12 24 31 81 94 83 44 99 42 36 13 3 51 35 91 33 11 46 31 62 64
72 59 74 43 47 93 43 39 18 70 60 33 96 94 83 40 83 1 43 71 96 22 80 43 65 21 60 44 75 50 97 50 24 67 98 57 72 49 7 90 17 54 41 100 29 77 40 34 78 94 17 51 45 9 21 29 14 3 65 12 97 90 10 66 85 50 33 61 35 56 57 60 35 10 94 78 28 19 98 65 50 40 92 48 44 82 22 39 3 40 43 64 64 24 27 34 70 45 71 9 95 90 72 29 55 79 47 53 86 87 73 59 36 47 76 12 30 51 7 80 34 77 78 73 81 3 92 45
67 46 33 72 79 9 50 54 43 45 74 7 93 43 3 70 98 47 5 47 33 2 54 82 18 94 19 78 100 32 51 90 39 19 9 1 50 81 99 83 34 86 35 33 61 31 40 65 77 18 74 11 92 51 11 9 16 17 22 73 81 83 48 65 46 66 64 64 10 38 27 35 19 97 54 31 75 3 53 97 25 51 98 66 68 90 35 30 80 57 50 41 80 44 81 40 54 37 96 64 13 11 42 38 33 79 66 14 49 34 50 4 78 47 80 82 65 0 22 60 94 99 74 88 34 15 28 90
26 38 97 6 58 86 30 59 3 27 9 62 29 46 73 71 35 17 78 74 8 55 94 37 76 19 37 8 5 98 54 70 40 20 28 51 81 0 21 7 32 46 86 72 27 73 70 37 98 33 3 52 33 43 48 81 32 36 21 63 64 31 46 73 49 17 38 32 100 10 8 87 7 3 24 3 89 51 51 14 32 80 26 95 32 58 89 5 26 95 100 80 56 99 80 41 37 15 18 16 63 84 37 58 20 11 90 89 46 79 87 78 96 32 14 55 38 11 95 91 24 29 97 96 44 35 42 62
19 94 45 8 39 37 25 47 36 79 62 55 92 32 81 26 24 99 2 40 48 5 31 27 74 45 40 4 68 12 100 68 35 66 55 14 50 97 52 69 7 84 13 95 40 52 34 67 75 81 34 66 71 61 69 69 30 84 12 63 11 90 92 8 53 62 69 37 80 70 45 58 43 100 72 42 10 48 33 14 74 45 5 79 15 45 39 88 48 17 67 78 25 8 49 47 36 41 24 99 25 44 97 48 51 59 77 94 65 18 75 68 12 4 7 23 72 51 72 97 86 1 3 16 15 58 49 63
53 15 49 77 22 23 52 34 72 78 81 40 0 49 13 55 15 77 0 49 39 77 2 83 46 82 80 96 23 39 80 84 42 64 84 75 77 66 94 69 50 88 58 76 60 54 74 59 93 90 68 16 70 93 51 66 61 92 53 64 13 78 5 21 69 32 39 95 47 86 25 22 95 82 80 85 37 4 54 47 26 67 57 84 67 100 18 81 77 77 45 29 41 100 65 39 28 86 37 38 59 94 53 35 19 91 28 68 98 63 64 79 49 82 33 26 61 87 11 39 51 4 15 76 0 84 81 47
97 17 89 3 67 34 38 66 100 19 96 51 22 4 54 18 53 1 61 71 8 6 83 85 55 6 24 99 85 53 66 7 83 34 56 51 25 96 78 73 3 83 68 100 70 82 5 95 15 2 23 58 4 83 48 70 84 30 60 56 26 32 71 98 85 6 16 97 96 12 17 18 17 14 0 12 0 100 52 61 71 95 42 23 46 9 35 12 68 67 70 37 84 14 30 45 37 67 73 69 72 16 38 44 3 100 84 59 82 45 97 38 20 31 32 38 81 4 12 18 64 49 9 27 39 37 86 60
81 58 8 68 41 34 27 60 24 77 64 98 50 55 20 93 61 25 26 67 70 59 30 43 17 92 38 7 81 21 71 65 80 6 18 89 18 77 34 19 66 3 84 55 57 70 55 93 83 9 32 93 38 86 92 54 62 76 31 20 53 85 10 33 95 41 77 66 65 6 7 62 84 58 11 7 15 1 51 74 51 43 54 17 72 47 7 42 64 97 67 48 8 32 78 83 38 44 61 65 3 59 15 78 99 67 1 48 49 39 43 5 28 67 96 29 35 54 22 19 71 66 99 11 76 14 66 43
89 40 3 59 58 49 80 48 67 37 62 17 13 82 36 81 77 93 46 87 33 79 79 66 98 41 39 15 1 53 53 24 15 19 1 78 14 91 62 96 9 87 60 62 24 3 97 95 67 47 50 97 35 45 60 13 55 41 96 22 23 14 16 44 61 66 88 79 81 73 33 83 43 66 67 12 20 46 66 13 37 58 70 12 100 56 39 99 90 88 76 2 22 15 2 96 81 85 59 27 0 82 87 25 39 58 11 71 99 11 72 10 59 49 52 19 32 0 3 80 83 75 58 45 32 64 14 46
53 74 4 66 93 79 79 12 20 100 35 73 22 12 65 48 44 46 27 82 16 2 48 4 43 85 52 39 84 17 56 35 94 55 48 18 86 89 67 75 48 71 84 23 66 64 20 95 39 100 17 41 0 42 17 1 88 6 0 94 30 31 25 4 78 88 65 93 72 85 21 1 50 56 84 55 25 53 2 27 88 79 34 7 95 97 52 88 6 5 70 25 97 90 71 32 15 32 12 75 63 5 96 65 66 62 72 80 81 28 54 94 74 83 21 72 98 41 6 36 29 79 39 44 91 5 53 28
83 42 64 100 27 45 29 62 15 38 50 35 48 32 14 33 41 57 93 71 57 9 80 23 36 81 59 12 44 21 41 69 6 1 25 39 95 42 95 26 98 98 30 88 79 10 70 92 96 27 41 18 65 16 84 71 0 93 67 0 53 17 85 88 61 18 21 31 8 62 58 35 91 3 27 34 55 44 64 89 8 73 84 46 87 29 55 70 52 24 37 89 9 0 51 83 94 3 2 69 20 97 91 42 86 81 19 67 71 49 100 82 76 51 70 81 17 17 2 97 99 67 61 20 68 79 66 38
26 36 45 21 60 81 67 40 79 38 20 80 65 69 8 19 9 22 62 28 91 73 70 11 28 12 89 7 100 29 95 95 53 86 83 22 75 22 3 90 1 10 80 68 43 70 81 85 16 34 48 99 59 6 2 16 87 83 40 95 60 20 92 76 12 10 58 48 52 56 94 39 14 78 1 83 62 57 52 69 82 35 95 6 69 64 51 28 26 95 75 62 60 18 19 22 23 87 34 3 13 12 72 40 62 39 58 14 80 67 58 63 33 12 93 98 86 98 24 76 87 46 59 96 94 89 70 16
97 53 74 65 85 69 88 32 62 27 18 78 28 73 87 44 46 67 7 73 27 34 10 85 0 90 34 92 43 11 26 20 75 7 39 29 42 52 66 80 97 85 2 3 68 7 77 92 65 0 41 21 57 9 77 14 84 61 79 36 22 95 26 64 82 87 12 11 99 99 39 79 27 38 97 20 68 27 68 14 61 51 75 54 55 43 2 15 88 76 3 9 78 99 97 49 2 42 57 95 34 54 87 91 50 72 42 64 40 94 59 57 10 2 35 23 80 62 31 79 2 4 76 0 62 25 86 39
37 60 24 25 69 99 57 37 7 39 100 11 22 35 7 5 70 72 9 95 99 63 89 32 57 10 5 21 20 24 76 96 49 3 29 21 38 89 71 61 37 95 54 13 31 18 16 45 14 15 81 51 92 17 41 29 1 12 70 56 28 84 26 1 95 42 17 66 23 49 80 40 86 35 13 12 79 3 23 51 69 32 46 40 16 55 72 91 51 67 21 8 70 87 18 27 10 33 52 6 9 78 68 78 20 1 0 64 72 10 11 58 95 62 81 24 4 51 84 67 91 78 43 96 31 78 8 91
45 60 72 50 29 46 42 79 67 15 91 10 37 34 55 2 44 78 38 42 69 32 56 18 21 66 21 62 41 93 16 92 81 81 32 89 7 2 63 23 23 12 49 24 28 73 86 79 75 6 78 1 30 46 99 89 83 50 20 7 23 41 85 0 80 39 81 20 23 77 69 0 24 41 49 95 64 31 100 61 53 13 30 20 27 18 55 95 15 71 59 11 28 7 35 26 38 26 82 76 6 49 39 48 20 93 19 63 40 47 75 42 24 74 70 35 43 80 44 1 58 51 39 61 11 47 41 38
70 59 15 99 14 55 52 42 8 69 71 33 11 54 72 41 76 13 75 84 79 67 4 27 29 65 53 81 93 61 89 4 69 81 53 35 78 30 11 88 66 41 57 23 15 99 44 21 87 77 40 27 54 4 54 24 66 53 42 95 58 40 57 44 29 44 79 40 33 80 1 39 52 50 48 98 60 69 25 87 51 19 43 46 81 98 87 88 52 97 63 99 80 13 20 61 79 90 14 32 50 19 47 50 38 58 98 36 55 100 29 75 54 92 19 37 60 86 10 18 74 19 4 55 74 67 66 37
5 32 94 99 81 54 36 15 65 15 63 61 13 96 30 45 74 98 34 61 56 98 62 67 26 41 53 3 85 9 37 96 62 46 75 73 72 20 44 13 12 46 19 20 58 31 54 17 19 100 98 48 100 23 19 9 82 94 38 96 0 27 63 55 63 89 2 36 66 29 51 40 48 11 22 68 59 1 78 40 18 60 36 22 95 82 74 28 43 25 52 73 93 97 69 36 29 23 73 26 62 47 70 5 95 91 98 41 60 47 81 51 6 74 41 25 85 47 60 66 60 24 100 4 59 84 47 76
55 88 74 2 69 71 26 66 8 8 84 55 84 31 3 93 47 68 14 83 63 71 99 13 59 45 3 74 25 98 16 0 25 22 49 80 51 16 20 8 7 86 2 33 100 95 19 55 31 17 85 37 42 24 15 37 78 74 19 51 11 68 20 10 22 6 51 92 28 55 6 38 21 91 40 29 46 56 49 77 89 1 24 33 27 38 35 44 36 4 37 47 26 75 67 12 79 28 55 84 11 41 48 24 41 92 35 74 68 62 26 34 14 18 65 94 23 31 9 83 55 54 53 62 25 3 3 45
54 64 39 10 52 84 68 46 32 5 99 80 13 15 100 60 28 51 51 79 74 37 66 14 7 14 3 74 66 87 24 5 99 14 11 54 24 74 33 65 56 46 49 17 18 16 58 52 62 44 64 48 69 48 45 93 13 89 96 89 90 31 22 44 31 94 11 82 27 28 39 88 71 75 79 70 13 86 22 37 2 98 4 30 53 27 2 74 73 51 35 4 71 4 35 23 7 38 93 65 54 48 26 69 85 74 96 93 44 66 26 100 0 53 90 59 32 77 29 35 74 67 52 30 58 11 74 80
37 100 6 97 77 33 58 0 59 29 40 62 23 4 98 94 40 24 39 95 83 60 95 67 43 3 23 49 81 85 41 15 58 98 39 5 65 42 77 70 51 42 67 84 31 48 100 51 65 29 75 3 94 59 92 59 58 90 62 49 52 3 63 54 56 47 84 35 53 41 75 6 84 67 5 100 5 19 1 85 37 48 73 56 76 48 93 38 85 15 64 86 63 66 55 76 12 15 28 21 48 33 52 34 51 91 56 78 18 41 41 75 52 47 69 55 35 6 34 59 4 2 26 49 83 17 21 37
62 31 11 0 79 76 87 72 88 37 63 11 9 1 21 85 20 14 17 79 21 3 2 53 22 51 90 34 80 96 29 97 45 8 100 83 52 46 19 12 99 75 16 29 5 6 95 73 65 56 24 18 68 1 59 27 84 59 14 7 9 72 86 11 70 91 98 89 55 90 29 52 94 19 6 77 96 41 87 83 65 76 81 71 71 92 73 85 92 49 57 83 27 8 13 25 3 20 76 51 29 92 15 89 82 38 5 21 93 80 69 11 41 64 67 19 63 13 67 69 0 5 70 62 76 39 5 64
41 90 99 45 91 62 64 10 70 87 94 15 85 76 4 78 48 70 53 73 99 47 27 87 56 77 70 76 50 2 40 91 63 79 7 25 83 0 6 22 21 74 93 54 6 29 79 10 20 73 37 59 58 81 73 35 92 97 39 99 13 75 75 35 47 46 0 12 53 25 13 86 78 0 33 99 100 40 5 99 83 17 86 40 34 87 2 94 20 67 49 27 25 70 69 86 66 75 72 59 25 5 49 77 21 84 60 50 23 34 44 26 20 71 76 20 36 76 20 59 45 26 92 95 39 52 84 41
32 68 74 36 88 86 67 49 25 30 56 93 61 75 29 43 13 49 32 75 46 66 66 82 60 50 100 23 68 51 50 77 0 2 41 59 15 95 61 12 41 90 51 92 8 88 14 16 87 95 78 1 89 42 83 40 44 61 32 10 68 45 69 98 90 61 9 33 48 67 0 94 18 92 91 20 85 27 21 48 40 57 73 95 21 14 67 17 44 14 34 16 95 89 88 33 19 25 60 81 97 50 34 32 55 36 58 15 62 98 47 10 88 99 68 45 39 38 54 53 43 22 5 21 21 39 48 59
72 52 55 80 67 5 33 7 77 53 51 86 58 44 65 83 67 64 43 21 99 79 43 98 91 18 25 84 45 29 92 88 99 33 31 83 50 8 90 54 16 94 21 96 4 35 89 30 77 68 0 86 92 91 69 62 23 100 54 66 69 34 55 30 55 11 32 93 70 18 62 81 29 90 91 53 84 18 67 66 3 61 7 54 65 65 81 54 36 0 12 34 32 90 16 50 46 51 46 36 19 52 71 80 31 6 35 20 71 88 34 36 77 7 52 93 68 93 85 38 52 88 12 86 84 4 60 53
98 23 26 6 93 18 36 66 45 70 13 87 13 4 67 7 27 1 99 17 4 36 11 75 72 10 66 50 75 83 65 48 6 51 49 96 74 25 17 47 1 12 64 96 85 58 21 66 88 1 6 6 79 70 9 24 25 79 12 58 58 86 47 69 87 98 19 69 85 53 75 91 84 67 73 82 3 13 11 81 10 76 18 82 82 8 56 91 67 31 48 46 36 29 15 29 22 17 52 59 92 100 75 13 56 44 22 6 64 63 78 97 23 22 26 28 73 30 35 6 40 53 91 57 53 20 22 84
48 20 92 100 38 14 89 42 73 22 68 21 99 6 14 42 98 31 54 25 37 28 63 48 87 65 62 23 73 0 1 82 15 63 52 54 2 81 56 29 72 26 55 29 15 22 30 38 65 1 60 40 92 14 17 58 23 53 50 67 94 58 46 56 7 80 49 4 44 58 87 0 10 10 23 58 72 13 39 23 40 60 60 43 52 52 9 76 33 37 23 51 86 15 96 17 41 50 98 49 84 91 57 69 58 33 59 14 89 3 69 11 88 95 62 45 72 57 59 65 52 20 80 57 65 17 50 72
54 72 30 15 34 25 9 99 58 14 40 48 94 74 49 68 34 67 61 55 37 41 22 81 43 66 96 1 91 30 1 49 15 28 13 23 60 51 78 18 56 67 77 54 85 59 39 84 61 67 11 68 11 61 42 13 30 60 67 17 30 37 21 85 15 73 54 59 59 18 21 73 23 47 93 92 17 71 75 68 1 47 87 66 68 88 27 60 17 11 17 11 50 52 90 86 47 99 26 97 11 53 19 27 12 61 11 40 33 25 88 37 55 38 23 16 95 73 88 73 32 91 2 80 73 57 37 9
2 63 11 76 78 70 96 45 77 75 88 44 66 91 42 26 40 99 19 89 28 100 89 11 31 71 79 5 61 87 40 94 58 34 36 78 24 26 16 15 61 15 31 17 46 76 76 23 98 57 80 29 69 36 8 97 58 90 38 39 100 50 0 6 41 83 63 4 14 35 50 55 13 82 86 74 7 4 94 36 63 85 48 59 2 4 73 1 84 72 35 4 2 25 23 42 58 33 56 46 17 55 59 65 74 46 99 92 9 100 38 75 93 25 57 23 91 90 57 52 58 99 82 20 63 87 60 65
62 36 50 56 42 8 23 53 16 23 9 61 16 13 32 97 25 27 33 3 94 88 6 23 56 15 4 68 9 11 66 12 52 88 5 51 5 32 70 83 0 37 29 1 95 42 12 46 62 91 77 18 89 67 87 77 78 82 0 21 52 18 87 69 15 2 67 44 14 3 24 90 9 28 79 33 1 81 92 42 49 59 40 40 67 8 55 44 75 93 90 85 100 50 46 99 64 14 30 44 81 59 75 83 66 42 73 45 60 65 18 41 14 55 78 9 16 47 87 92 96 46 64 62 62 21 84 93
81 20 27 45 29 52 88 23 66 5 72 53 22 56 29 70 69 27 26 98 86 94 98 18 95 73 32 95 99 15 42 29 26 15 80 61 90 79 1 51 92 14 48 60 83 37 33 73 68 46 90 71 72 67 60 0 85 55 3 38 2 2 47 57 27 47 59 76 54 99 47 22 77 70 75 97 24 29 17 95 34 66 89 27 76 1 27 20 36 39 53 3 86 17 41 19 54 21 7 2 63 100 33 55 80 32 44 38 6 12 57 76 73 49 19 8 35 60 74 92 68 65 68 33 52 91 27 3
11 30 79 2 37 85 69 96 81 23 61 31 82 69 83 20 46 49 33 45 6 95 2 98 58 59 81 84 37 60 79 72 20 66 38 70 82 40 17 23 16 76 42 29 61 0 5 41 48 23 4 54 1 15 60 89 59 82 67 40 11 89 64 69 86 15 34 76 7 57 10 40 77 100 89 42 77 60 46 43 71 76 7 59 3 98 65 61 79 0 14 3 48 84 58 20 45 51 80 56 18 2 75 34 70 66 96 26 91 32 19 85 22 20 22 63 70 1 38 66 42 18 43 34 81 21 37 43
8 67 6 15 46 73 72 57 42 66 67 90 27 25 84 12 59 47 85 22 52 6 45 24 25 59 4 17 29 44 38 9 84 4 39 38 21 37 93 17 80 97 3 28 92 78 14 69 87 13 22 60 25 76 41 84 25 75 31 9 24 33 92 90 80 94 98 96 99 57 32 15 94 14 34 92 85 45 46 14 82 97 12 86 88 40 96 37 9 19 62 73 51 77 80 16 40 56 91 15 7 98 13 23 42 53 75 73 91 30 39 47 16 70 87 19 13 54 19 87 99 33 17 95 2 88 23 27
23 84 76 19 61 53 25 49 87 79 73 26 4 100 72 12 95 16 21 30 21 97 75 77 62 97 22 20 84 51 7 60 67 82 2 52 25 55 81 8 42 64 47 80 95 6 1 71 43 62 82 63 67 76 81 23 47 29 11 16 53 83 0 97 43 51 23 14 47 2 23 76 30 13 8 68 38 68 86 54 60 41 47 31 9 51 71 31 89 24 39 4 58 88 69 60 96 69 58 29 38 71 44 86 91 68 75 5 27 45 89 53 94 54 95 86 70 55 15 58 86 30 55 26 66 95 61 89
27 84 61 27 88 44 91 74 66 59 38 38 80 53 68 91 90 88 24 83 98 0 99 9 22 67 33 52 57 29 59 67 86 33 99 77 66 92 51 32 11 80 95 66 90 28 35 91 14 34 43 7 67 92 83 45 91 18 48 14 88 18 13 34 14 40 76 68 16 73 59 49 36 34 14 88 9 69 32 68 58 60 30 10 41 9 37 10 62 98 99 86 32 10 25 10 9 73 61 72 15 76 75 84 20 43 93 43 80 95 22 80 51 14 59 15 71 12 86 55 52 91 38 52 47 90 25 12
82 51 34 85 14 95 93 67 78 90 90 73 89 12 12 32 22 98 93 72 94 73 17 40 42 97 2 94 2 42 100 72 14 39 69 84 13 38 88 29 37 84 95 21 7 75 74 16 66 15 10 33 30 95 79 29 54 23 97 93 39 42 37 22 64 95 24 66 54 69 83 66 4 47 15 81 58 33 25 64 54 72 47 92 86 39 70 37 87 74 48 90 25 65 64 83 21 0 21 33 14 21 100 21 42 73 11 49 94 59 2 99 98 80 78 75 49 23 54 63 76 56 25 60 2 15 66 44
23 18 52 60 88 73 60 74 23 4 36 24 12 57 2 8 77 83 33 48 26 32 32 78 99 85 84 39 78 85 97 53 46 65 39 74 18 29 59 85 7 30 79 21 37 81 81 80 58 44 52 33 71 69 1 72 90 70 47 35 19 25 38 62 89 64 68 57 7 99 75 5 30 25 80 52 47 70 78 22 44 65 33 86 61 87 12 76 27 37 48 65 79 43 50 49 40 30 63 12 63 81 1 15 71 43 89 59 97 98 77 16 49 99 59 90 19 89 46 90 85 93 33 29 11 57 74 2
1 68 77 67 56 73 25 58 40 56 93 90 89 96 94 20 34 46 48 20 62 49 47 8 7 25 70 22 90 0 86 36 26 21 16 68 21 25 96 35 11 80 12 76 4 98 13 5 39 42 14 11 93 59 87 24 73 91 42 15 19 19 40 10 8 76 85 12 65 92 89 65 5 39 80 69 52 61 78 74 72 95 60 69 38 70 45 65 14 88 22 94 45 23 100 80 32 55 61 7 83 81 18 39 15 96 79 3 72 96 46 15 61 64 31 12 56 94 90 0 64 24 94 20 53 23 85 77
30 59 93 58 17 35 99 4 25 77 97 87 24 20 1 71 5 29 52 39 34 89 35 59 82 17 46 39 8 91 41 33 6 98 34 95 30 29 15 40 97 32 14 15 80 84 39 8 8 47 17 72 59 54 41 69 91 93 97 43 19 79 33 22 62 5 55 21 70 81 23 36 15 26 35 52 5 43 65 36 19 16 57 40 60 0 21 91 10 7 48 48 23 56 52 54 94 79 95 3 3 78 52 28 12 66 45 98 37 15 67 58 86 58 37 74 4 91 55 64 2 34 2 96 19 31 81 79
27 62 61 82 98 64 66 29 68 83 64 54 75 85 43 72 22 0 94 58 11 98 12 77 30 51 78 70 45 72 8 14 78 96 40 53 31 66 67 62 67 95 79 20 92 77 31 79 81 79 65 77 82 67 47 27 6 55 52 34 66 72 3 22 64 3 43 12 65 16 56 45 34 56 2 1 12 92 57 25 40 15 65 14 45 23 35 97 67 27 77 83 12 41 5 63 70 14 36 0 74 45 34 85 82 74 91 65 96 12 20 65 36 75 53 73 58 16 21 88 37 21 78 85 25 89 64 40
29 59 74 4 58 71 30 19 74 36 41 2 18 23 34 85 31 29 9 91 16 53 72 71 48 53 99 39 28 53 80 19 65 26 86 99 69 34 66 100 44 13 92 6 5 83 5 44 7 6 7 71 25 87 65 30 20 96 98 93 21 30 9 11 35 33 91 46 2 19 47 94 51 90 29 87 54 70 61 27 19 76 53 42 73 38 29 57 55 56 84 22 14 16 51 54 19 23 3 1 35 18 29 60 59 32 99 96 70 79 50 22 12 21 38 4 72 7 83 97 31 12 7 99 22 39 57 92
34 43 74 68 11 29 12 9 30 10 55 39 72 97 63 63 96 15 8 100 3 39 55 48 48 7 92 39 14 51 91 63 19 45 42 70 24 20 29 34 58 38 19 54 2 23 26 90 43 44 18 70 19 91 5 30 66 3 20 70 69 33 80 78 1 98 28 36 56 25 9 98 30 56 74 35 41 76 74 37 0 80 75 37 22 82 94 16 62 48 93 90 20 67 13 1 44 37 78 67 43 47 7 85 24 35 31 72 58 34 0 18 99 87 22 47 73 47 14 2 84 85 7 27 7 84 6 4
48 47 73 48 29 52 51 18 64 25 7 61 66 44 60 22 12 86 92 90 66 38 53 59 55 30 48 84 36 7 96 75 49 80 57 44 58 81 11 3 84 88 95 26 55 49 74 85 41 19 57 88 39 31 63 4 2 35 93 25 63 54 54 33 48 77 36 10 0 4 14 31 44 42 57 93 54 24 49 3 13 67 52 67 89 40 38 63 48 35 91 91 84 12 19 51 48 97 60 82 33 7 9 83 23 69 8 56 1 1 49 19 21 2 95 55 69 82 81 83 15 100 38 28 34 58 51 94
61 45 71 46 58 78 14 57 72 79 85 41 23 96 66 86 53 31 8 95 50 73 43 33 29 63 16 71 80 40 69 74 79 67 37 29 21 92 9 69 94 49 72 31 72 93 50 38 45 71 15 25 16 46 18 29 43 84 59 11 6 11 15 57 51 56 25 30 20 76 23 98 29 62 14 11 86 99 6 0 4 9 31 41 91 35 29 38 77 95 51 45 99 53 31 22 66 85 54 0 44 20 56 44 72 99 62 14 40 57 11 12 14 13 22 48 0 71 32 85 98 5 93 83 63 82 95 29
28 17 11 43 93 83 26 41 14 9 21 25 4 58 67 57 79 68 38 39 34 90 97 92 5 39 92 38 61 54 6 8 10 84 39 55 3 65 32 99 57 12 9 43 46 47 78 91 84 46 5 62 15 79 11 90 85 44 24 2 56 83 30 36 42 28 27 53 92 54 94 72 18 22 54 74 26 32 95 0 62 71 99 69 18 70 88 78 12 9 87 71 80 87 21 54 96 54 20 80 51 69 11 64 78 76 24 43 47 83 11 10 78 72 70 70 77 3 82 0 18 69 48 89 31 10 42 40
44 86 69 25 23 67 12 57 45 33 43 16 54 26 69 54 45 40 81 92 6 78 74 50 75 86 67 51 70 25 63 67 57 11 85 59 42 97 2 35 69 67 24 28 29 17 75 37 68 70 48 43 12 57 44 87 70 75 37 84 43 56 15 4 98 56 78 85 22 67 15 39 68 54 70 52 34 22 100 51 13 73 39 52 8 45 0 46 76 73 68 46 39 56 71 41 16 30 99 100 56 5 58 18 69 2 46 60 12 77 52 94 6 74 84 43 60 78 69 5 4 0 88 48 37 51 67 58
58 71 65 42 47 33 28 74 3 39 26 70 8 4 29 95 60 48 42 25 40 80 0 29 88 18 52 96 51 86 23 46 96 34 17 51 34 13 62 72 75 65 83 32 11 69 87 86 53 8 90 42 8 79 81 75 79 70 77 7 79 41 78 83 69 41 73 7 34 72 46 5 17 12 33 99 87 80 11 45 20 62 51 6 59 9 51 53 11 17 42 63 66 34 9 44 28 42 92 86 87 80 96 2 92 26 85 88 56 73 15 48 89 55 49 30 42 17 0 36 22 98 52 95 50 40 15 55
15 69 89 30 13 2 0 18 45 21 85 81 44 49 30 95 43 85 87 40 43 46 69 25 47 44 63 1 83 68 3 30 34 75 55 66 80 26 5 25 35 60 46 76 34 7 26 12 62 69 25 49 4 57 86 73 25 85 75 17 100 91 80 21 11 86 52 0 74 2 83 34 18 7 45 0 86 45 97 66 4 43 33 88 6 42 56 54 46 13 57 55 69 37 84 31 7 20 18 71 53 42 15 8 69 11 21 55 34 90 36 9 58 93 8 20 88 55 17 61 67 70 94 82 19 98 9 88
6 9 87 70 67 36 30 79 0 47 51 44 88 89 81 78 25 65 22 51 65 11 73 89 35 57 74 2 17 57 22 29 74 22 7 53 62 44 51 81 19 100 62 7 100 65 40 56 19 96 48 26 48 40 27 69 19 40 34 7 48 44 80 75 47 97 55 0 89 53 30 23 30 39 54 40 8 72 99 58 42 9 11 48 33 99 38 25 17 37 8 84 23 38 59 79 67 30 2 81 82 69 65 62 30 100 17 81 55 77 35 2 67 67 47 90 14 82 67 56 62 71 61 72 91 73 53 66
5 22 79 41 95 7 60 80 7 90 2 76 25 3 86 19 4 26 91 20 77 49 47 26 43 74 1 56 96 41 36 17 32 36 31 72 93 21 45 56 65 28 85 27 14 13 16 70 76 73 40 68 47 22 82 27 29 84 15 77 81 13 100 40 56 79 38 89 72 27 38 80 16 25 42 17 83 74 40 99 62 41 13 60 86 98 26 7 0 36 32 32 13 92 92 56 55 6 23 27 3 40 89 30 5 46 98 64 20 31 90 48 73 66 45 89 36 27 36 44 16 36 56 34 45 26 97 67
22 5 80 16 0 93 80 58 0 22 76 39 51 11 14 14 46 27 83 3 50 18 100 46 98 62 29 0 24 89 9 78 77 40 84 10 88 5 31 21 42 53 25 85 71 13 82 18 2 90 54 23 9 98 0 31 5 94 21 89 83 66 96 30 5 5 98 86 77 86 2 54 68 38 83 5 62 73 67 14 38 40 65 5 48 66 94 78 73 60 87 98 48 2 65 53 80 47 68 99 56 54 98 34 20 82 40 44 7 82 37 69 2 78 0 71 9 76 25 4 57 42 15 59 49 14 9 70
74 56 54 19 55 50 61 36 78 91 24 36 44 45 8 23 39 10 95 82 35 75 87 95 57 77 21 84 56 0 54 9 15 91 6 47 12 95 85 64 15 6 39 24 24 99 78 95 55 70 37 19 91 71 48 91 48 73 87 30 79 33 60 18 46 13 85 71 25 28 71 91 68 3 87 11 43 85 5 44 18 94 39 69 54 20 28 90 72 91 74 6 66 22 57 0 6 84 23 52 37 13 67 81 26 83 92 93 9 1 13 100 81 28 14 78 76 16 14 77 19 76 34 54 29 72 50 31
35 36 99 78 36 68 28 28 57 5 33 25 11 73 79 12 30 8 15 84 4 29 11 0 38 56 82 17 31 59 91 64 95 10 49 4 28 7 53 99 68 80 46 89 2 20 58 85 68 40 14 87 6 11 71 11 63 84 64 95 43 3 27 7 74 5 64 44 88 79 12 58 53 93 96 100 41 100 13 53 85 40 9 29 67 91 0 46 26 47 61 18 53 86 13 69 53 78 22 100 40 70 80 10 88 99 25 100 84 27 53 94 23 46 42 0 10 93 35 71 80 1 50 2 49 23 70 30
78 37 98 16 75 16 27 13 42 44 79 21 69 76 13 21 45 33 76 40 29 21 95 80 47 22 36 33 57 10 63 57 25 85 18 8 70 7 89 76 0 90 52 31 52 69 97 85 13 95 11 84 75 64 70 43 92 80 41 15 9 30 73 41 22 80 96 79 26 30 86 67 42 65 65 79 65 63 69 38 16 71 37 43 89 92 67 44 50 47 64 36 84 34 15 77 48 88 34 71 10 44 27 35 89 55 93 32 61 4 92 62 68 89 83 4 28 15 6 42 79 22 32 16 62 72 47 68
21 13 76 14 0 26 64 79 48 87 41 46 84 2 46 13 56 86 37 45 96 72 80 10 37 12 87 75 19 12 100 40 78 93 1 13 23 17 86 87 92 11 31 14 50 85 19 98 33 93 71 18 63 68 100 46 41 6 28 17 89 49 20 43 24 98 25 50 74 98 42 32 29 26 50 31 34 27 16 69 50 58 56 79 7 11 8 12 2 40 68 76 68 97 81 69 27 33 85 99 43 71 42 79 85 49 38 61 93 38 39 14 99 19 97 12 68 46 4 59 21 14 30 98 78 8 24 16
38 49 20 98 54 7 71 93 62 74 64 53 19 12 25 9 72 44 46 77 46 67 69 39 3 80 99 89 96 50 52 7 44 44 83 23 35 99 18 39 90 8 17 65 48 74 78 85 64 60 42 6 99 37 42 68 11 64 47 75 39 95 42 57 9 80 33 21 82 99 65 59 45 63 93 33 86 100 1 61 42 55 62 33 73 95 64 52 50 38 15 12 93 36 4 51 30 95 7 14 42 51 41 52 67 86 62 83 92 10 82 34 45 26 92 40 32 82 99 18 66 27 33 25 49 64 46 18
71 21 30 26 96 97 81 45 9 78 70 21 48 29 16 29 71 3 17 91 24 69 57 24 18 89 21 15 29 87 68 5 0 41 32 16 28 1 78 32 78 32 53 96 50 30 19 62 99 88 99 63 47 45 6 55 55 41 48 4 84 15 30 87 98 43 59 5 56 35 68 41 20 8 42 11 56 21 37 17 31 99 63 91 9 87 3 44 97 51 91 82 4 1 61 2 92 79 29 1 17 65 55 92 26 5 63 77 15 93 50 87 39 33 45 75 100 32 56 82 58 13 83 83 14 58 28 99
72 66 70 52 53 6 59 86 41 69 80 9 64 19 6 1 58 40 23 7 89 71 4 72 15 52 38 12 46 76 89 5 32 12 94 4 78 15 38 61 69 21 43 33 60 7 50 52 49 62 26 93 89 4 66 86 39 13 31 19 54 91 32 72 59 27 84 85 13 75 70 72 80 75 42 70 55 89 45 67 30 2 32 82 60 54 61 91 7 85 42 59 16 41 37 12 39 53 29 54 78 90 71 70 44 21 0 62 73 28 91 91 47 25 56 76 8 74 42 14 20 63 66 46 7 15 60 6
20 78 25 11 98 75 77 36 37 77 73 48 90 45 10 1 93 41 14 6 88 73 72 48 24 25 91 43 27 47 58 44 32 78 30 88 22 17 65 91 97 70 44 38 22 9 15 80 43 66 7 46 67 14 97 49 8 10 98 55 66 76 89 97 9 32 84 39 51 71 62 85 70 52 15 81 82 66 87 10 22 27 33 40 100 64 40 22 76 72 98 63 24 87 7 25 19 40 16 34 27 46 64 99 24 80 42 90 73 18 69 92 62 48 65 27 25 30 94 65 18 2 97 75 71 47 7 84
61 78 89 49 88 78 45 27 58 91 95 96 26 8 98 61 24 6 100 47 39 3 57 16 100 76 60 3 91 55 88 96 59 81 89 47 74 87 13 67 82 89 15 32 2 71 25 23 81 77 11 12 62 85 13 52 13 12 71 28 31 23 0 90 40 13 55 99 94 72 78 59 86 6 16 4 65 0 72 20 56 79 31 25 43 66 51 5 14 3 56 99 12 33 65 42 27 55 23 31 24 51 4 74 51 98 84 65 66 66 36 39 99 43 4 60 64 20 86 32 51 93 5 3 32 97 85 45
88 41 44 7 87 86 88 40 17 64 91 31 95 73 74 75 76 79 7 28 9 67 31 13 44 46 91 81 34 25 96 18 34 90 43 33 67 53 67 53 57 38 39 86 98 69 67 82 65 31 42 7 73 5 37 24 3 18 18 24 73 94 36 8 11 84 92 6 41 8 62 97 1 46 88 18 11 72 91 20 43 38 86 47 27 43 11 81 51 65 72 29 72 58 62 67 69 100 57 14 47 95 24 47 86 23 6 72 92 28 37 60 59 77 56 81 28 6 37 80 49 60 23 33 86 64 54 81
50 99 88 15 99 36 40 14 66 70 80 9 80 39 77 4 83 11 1 45 58 19 41 88 75 88 43 39 16 4 11 21 3 93 19 25 65 82 40 5 26 99 72 79 84 78 70 50 100 59 97 65 27 9 100 28 20 76 34 88 31 74 64 39 14 76 48 70 75 8 8 26 33 91 76 37 85 75 54 59 44 28 2 23 86 28 83 6 55 66 73 19 4 32 78 43 52 32 50 29 16 62 55 98 30 74 24 100 89 67 45 30 17 42 70 58 89 13 44 36 70 65 38 53 66 10 66 100
70 69 49 84 19 22 20 55 63 8 49 52 48 67 46 59 45 65 33 76 47 62 84 42 48 25 43 80 32 44 5 8 62 65 47 91 43 21 84 16 1 29 0 88 91 14 74 96 78 15 13 28 60 41 47 65 100 81 26 84 14 91 58 72 30 78 15 57 6 78 31 47 93 94 54 37 42 2 26 79 75 81 51 3 63 15 77 33 2 38 15 38 41 8 55 29 51 98 51 84 63 43 33 80 82 96 43 29 37 90 63 15 95 89 14 50 29 75 20 75 86 65 44 32 94 49 61 68
81 25 41 25 47 75 4 71 27 36 72 75 17 52 30 30 96 75 29 48 88 15 1 40 90 58 6 66 90 83 35 55 19 37 12 66 30 51 84 17 54 5 95 46 47 18 37 95 48 46 64 8 89 18 77 80 22 78 5 50 3 96 66 9 28 96 19 15 24 48 65 99 93 20 75 83 25 94 29 98 60 2 89 26 90 13 54 38 0 4 4 75 82 30 70 42 35 25 40 4 16 87 63 89 70 99 8 92 45 9 94 14 43 57 99 92 57 16 63 53 56 82 64 77 59 91 72 19
