79 54 2 80 67 38 57 1 15 7 70 69 30 91 89 25 76 38 68 42 68 54 93 88 71 36 17 20 65 2 90 48 88 58 60 93 48 54 51 65 62 34 82 39 17 61 26 1 89 51 78 7 83 73 63 79 36 20 61 0 86 13 9 18 98 82 87 73 85 33 98 57 67 20 15 34 57 4 14 32 75 85 98 66 46 0 58 51 21 100 51 53 82 24 84 88 83 2 45 100 35 57 94 40 85 96 68 87 21 18 63 20 17 54 55 77 62 87 72 1 5 93 37 67 48 15 93 60
40 60 30 100 40 7 54 3 35 60 39 12 33 7 67 39 82 19 6 16 10 93 38 25 33 64 46 36 16 12 9 59 40 72 28 98 67 66 13 97 7 6 87 37 67 9 61 86 84 32 63 3 6 43 56 49 25 46 42 79 23 35 3 94 86 78 89 57 20 96 83 28 65 68 29 54 76 97 52 87 54 85 26 26 95 43 83 60 50 82 74 55 16 89 25 78 36 87 38 17 47 2 93 19 22 54 52 57 73 14 35 51 67 69 93 39 79 5 78 3 18 11 63 20 45 11 18 46
80 47 79 82 33 71 84 10 43 80 63 72 71 1 21 21 70 100 95 53 94 28 17 4 3 86 86 93 42 58 19 24 67 18 96 70 94 81 22 23 25 25 43 1 78 39 41 26 60 91 41 66 70 40 54 62 58 49 98 36 69 47 12 39 20 40 72 24 24 33 58 55 95 84 84 95 85 83 11 100 12 47 2 51 13 82 19 1 49 27 6 50 26 13 8 37 45 58 56 11 86 90 73 47 26 34 53 99 4 0 61 75 56 22 28 58 37 85 39 63 59 79 98 79 2 46 79 85
20 56 4 10 38 22 80 90 74 44 52 41 39 48 55 6 14 52 66 65 81 29 82 83 1 47 13 60 42 42 37 5 45 8 35 100 15 4 74 41 52 28 27 21 2 84 90 2 15 21 53 77 83 32 70 44 80 84 99 51 96 76 97 0 74 38 94 30 14 56 99 77 77 74 40 31 68 98 38 11 57 82 86 16 36 72 38 51 49 0 18 48 13 82 90 45 11 100 64 20 24 85 34 50 7 8 64 59 30 74 8 33 40 49 4 50 68 51 69 48 93 96 36 32 92 56 0 90
11 92 62 20 4 23 99 25 54 81 36 46 75 63 20 72 99 75 44 82 64 28 73 50 70 8 94 38 1 70 37 46 93 67 98 54 34 30 42 48 92 17 1 38 15 28 51 49 83 18 25 47 85 87 73 61 8 11 94 4 61 72 0 41 6 80 99 33 47 9 82 25 34 87 14 48 78 65 14 0 57 61 76 67 34 71 3 66 37 36 3 62 95 25 38 27 31 50 56 17 69 3 98 38 14 72 32 10 50 97 64 18 5 20 4 46 12 61 84 74 95 31 76 4 2 81 93 88
16 100 41 38 3 71 7 5 56 54 31 60 80 38 94 24 20 40 83 95 17 19 71 15 48 92 84 6 16 9 32 100 13 51 79 85 98 32 65 39 60 7 47 24 6 5 49 81 39 53 67 57 9 98 13 70 82 20 70 87 100 41 6 96 40 23 50 6 47 74 33 18 41 63 9 73 65 34 81 67 18 45 22 98 79 60 33 30 75 22 84 83 29 93 58 79 43 20 88 11 47 81 22 64 15 23 61 59 42 64 15 29 32 62 12 69 86 99 22 31 100 36 63 0 64 69 60 72
44 20 73 59 53 93 0 49 74 13 79 5 19 3 74 58 76 45 34 94 1 58 82 99 50 64 1 20 91 29 98 88 9 63 56 38 23 35 97 60 95 46 39 86 73 64 35 46 52 57 15 29 11 89 7 46 66 38 28 36 16 14 21 31 37 94 4 74 35 27 21 48 29 56 86 58 40 44 19 31 69 57 54 22 70 20 46 24 2 17 76 18 12 11 42 91 74 42 84 27 7 97 30 72 9 19 45 49 59 36 41 30 52 33 90 37 40 77 98 37 75 61 90 46 41 41 89 27
6 3 98 82 16 16 20 94 65 8 45 96 80 29 90 83 32 27 51 8 13 61 61 23 16 86 99 24 63 60 54 17 56 2 91 58 98 11 98 98 6 24 79 7 22 33 76 54 91 40 67 5 30 12 89 8 1 81 20 81 18 11 62 0 82 32 10 88 54 78 69 38 35 5 34 15 67 19 7 20 30 100 56 49 32 20 53 37 91 31 97 36 6 23 87 74 9 53 36 41 14 13 88 100 99 17 10 38 90 35 98 39 49 81 77 75 23 34 52 63 70 0 98 58 64 22 72 24
20 21 100 87 92 32 78 22 66 69 96 10 67 91 32 7 44 44 22 54 60 72 28 73 15 27 93 27 32 28 57 82 50 12 100 99 33 11 46 77 82 29 66 56 58 85 78 64 2 3 80 53 13 76 27 3 13 2 82 14 41 72 6 71 54 14 48 33 67 64 46 69 81 30 78 25 23 7 73 25 65 41 100 54 74 94 39 68 45 72 32 35 1 17 51 13 83 41 11 25 5 41 97 95 43 93 81 4 53 78 65 89 14 15 27 17 76 66 76 93 23 82 84 56 88 75 23 73
57 18 79 75 13 95 40 85 67 91 60 0 98 65 96 69 62 59 79 97 41 93 91 47 27 17 71 38 61 22 81 43 52 98 23 59 35 3 35 7 100 91 0 24 79 74 65 44 27 91 47 2 50 82 21 72 92 13 35 66 8 53 20 76 10 94 30 38 17 89 22 0 47 99 6 12 98 8 12 94 89 93 17 58 82 26 89 6 57 66 43 55 8 22 40 29 45 28 52 87 90 0 42 40 95 94 82 90 26 42 11 45 13 67 15 20 91 30 58 76 79 41 67 33 22 96 69 81
54 64 20 77 74 18 14 23 93 51 39 66 64 31 75 56 76 21 63 33 23 14 96 85 57 22 0 43 24 26 7 91 31 70 30 96 58 27 19 53 10 64 51 35 41 94 6 93 75 69 64 26 62 22 43 32 1 58 64 11 31 68 1 44 63 89 6 11 22 13 46 29 53 23 81 85 85 40 79 17 13 28 1 96 85 0 66 98 13 3 65 47 54 82 91 32 12 89 77 73 7 90 18 12 51 47 48 36 9 68 38 4 77 60 68 30 8 71 47 56 58 44 95 100 25 85 95 9
90 28 66 25 22 80 0 96 79 55 73 24 62 5 76 30 30 14 29 32 88 19 49 24 6 70 52 46 17 81 78 36 12 35 88 94 0 6 0 44 10 82 65 52 84 86 67 65 68 11 66 76 67 11 100 73 95 66 12 80 65 77 72 53 88 28 35 86 71 28 10 80 4 98 3 74 11 39 31 26 60 30 79 59 48 14 6 97 36 22 77 53 78 80 26 79 12 96 59 82 95 50 44 40 63 81 16 95 82 86 67 11 98 2 2 63 48 21 94 59 78 30 75 53 65 7 72 1
100 71 79 95 94 48 84 66 51 18 44 56 13 68 10 54 35 74 15 3 5 46 35 61 60 89 84 76 39 54 76 32 87 37 28 42 75 69 86 8 55 96 94 16 26 61 24 96 54 45 29 22 6 20 45 12 86 0 22 25 37 25 98 90 3 4 80 89 48 49 59 97 66 91 89 44 97 23 92 45 70 41 42 5 67 95 100 24 70 58 9 6 59 74 44 66 59 37 84 36 40 67 49 92 77 39 41 100 32 83 64 54 90 29 31 76 98 72 79 49 91 67 51 56 16 98 5 0
49 18 53 43 30 85 11 65 69 52 47 78 3 100 74 9 74 36 46 10 19 53 4 33 89 96 65 60 30 71 24 0 87 11 21 4 89 53 68 96 37 1 38 25 94 77 94 55 52 68 10 66 72 5 74 19 68 43 71 1 16 8 72 4 86 18 55 54 31 82 52 32 44 50 64 98 53 95 99 82 49 43 57 62 94 82 79 96 19 90 77 12 11 30 100 54 34 97 65 88 49 32 97 66 18 61 89 78 56 71 20 17 23 90 31 37 77 64 97 22 65 26 33 42 83 84 92 44
84 49 12 55 52 75 54 5 72 77 26 78 66 47 76 62 86 51 37 73 84 85 27 84 65 79 88 63 92 11 58 18 70 63 11 32 84 38 84 63 66 14 83 1 48 24 9 8 97 99 84 43 69 10 34 6 56 73 38 39 97 1 70 1 43 96 86 24 86 90 7 72 98 64 5 48 40 0 57 52 79 77 63 69 2 8 71 37 29 23 48 50 76 53 25 20 29 41 2 27 39 78 69 54 99 0 9 19 79 52 78 45 39 91 45 9 34 60 74 30 95 39 40 20 34 96 100 56
2 76 81 79 12 94 22 52 90 71 43 32 88 87 80 11 73 69 29 45 17 5 78 49 11 77 68 31 56 79 56 14 25 87 17 32 27 9 66 37 43 53 97 71 80 38 13 74 48 91 2 98 79 33 87 85 93 81 11 81 32 25 36 70 28 37 88 63 27 95 100 91 48 97 11 98 64 37 25 73 63 87 78 20 16 20 86 18 64 77 86 84 53 19 55 90 93 62 94 57 99 8 85 23 30 5 43 18 55 15 12 25 28 85 20 82 5 40 59 34 81 74 63 87 27 90 61 66
39 26 19 33 26 74 87 31 52 19 16 39 26 90 71 53 51 52 24 52 68 31 88 51 37 30 79 65 73 98 52 20 87 11 72 79 71 24 95 2 43 91 5 33 73 55 45 77 37 80 14 92 84 85 90 90 3 59 56 26 66 81 38 96 83 35 63 91 81 4 66 47 56 17 71 76 5 79 37 15 70 6 33 2 67 19 68 1 17 92 45 67 27 41 72 86 39 63 0 66 85 67 91 13 34 0 18 16 96 68 85 86 7 82 10 80 10 66 73 67 4 87 40 64 35 86 25 69
5 59 65 51 69 99 62 35 75 64 54 25 82 91 28 100 21 24 92 1 75 28 68 53 56 62 59 92 9 11 59 66 78 87 25 51 84 10 83 26 56 67 60 39 29 47 88 75 11 3 57 44 65 97 80 39 33 75 51 6 86 82 49 65 49 87 38 29 8 81 5 69 71 4 31 79 46 8 88 66 79 75 43 35 90 18 81 73 92 51 45 19 30 2 31 90 63 8 85 2 84 66 7 25 90 71 25 75 27 75 66 13 67 98 9 42 49 87 27 52 44 3 94 73 12 63 4 16
37 13 96 20 32 8 99 71 25 87 27 93 51 17 58 42 17 22 3 20 62 10 27 83 29 95 78 39 45 17 56 69 58 27 12 9 8 67 0 81 32 41 41 28 64 91 93 50 81 47 94 3 27 48 68 89 60 91 24 51 25 84 39 9 18 10 3 6 40 5 92 14 37 34 68 12 63 25 86 50 93 45 46 80 53 84 0 94 10 29 6 98 70 20 48 33 83 38 47 82 72 22 23 78 6 78 86 82 55 14 87 14 45 42 63 90 56 62 49 32 82 3 58 43 18 29 38 8
37 24 70 54 58 28 99 85 11 89 3 86 58 57 33 35 55 10 2 32 0 74 93 25 9 31 75 12 30 29 71 54 31 67 90 36 95 59 57 3 29 71 61 72 6 95 33 66 26 26 88 24 65 99 52 88 6 81 92 39 21 51 59 76 33 62 79 66 1 13 93 27 9 97 94 99 59 98 71 16 13 44 99 14 21 24 58 28 92 5 89 73 23 46 47 55 15 81 94 26 42 20 42 30 42 72 87 92 25 84 23 7 43 59 95 4 5 34 98 23 86 66 62 84 83 49 0 47
89 5 96 67 94 33 3 23 89 7 19 71 83 24 61 25 68 27 6 61 1 29 93 47 20 39 94 100 16 10 72 19 60 69 7 40 55 90 90 18 23 63 65 11 18 36 20 56 11 72 2 42 53 56 5 41 21 10 92 65 76 91 58 37 77 50 53 71 39 89 61 94 30 40 86 46 23 5 39 72 20 13 90 72 46 1 38 32 32 79 90 67 64 67 15 89 62 39 9 9 36 44 73 44 8 45 85 2 17 64 87 72 0 85 48 66 32 59 49 39 50 87 56 94 63 46 99 28
99 66 69 15 27 17 12 20 3 66 81 39 88 88 21 39 25 72 11 8 82 33 15 85 67 31 55 10 50 7 82 52 75 81 76 99 66 59 84 59 51 23 72 35 62 90 27 82 30 9 38 43 7 39 99 96 18 18 87 14 52 51 8 60 10 86 86 82 19 100 15 1 73 92 29 100 26 70 26 97 51 60 66 81 96 83 86 46 83 88 17 32 59 29 60 24 79 74 92 58 71 79 48 35 88 78 11 26 7 17 6 84 43 88 58 28 94 36 88 83 12 64 17 32 43 32 17 68
77 19 72 74 8 22 71 24 76 90 69 16 15 8 0 76 10 15 63 93 19 19 60 35 12 12 56 55 1 16 70 56 53 77 72 100 90 1 24 66 90 0 9 50 27 97 39 58 50 41 38 74 88 79 48 0 91 69 71 40 70 18 91 58 86 94 78 61 19 30 33 65 19 2 85 36 45 48 26 71 43 7 45 42 84 19 73 82 24 20 61 52 31 16 59 62 25 14 89 30 96 73 75 34 73 86 5 99 31 52 20 61 57 58 82 92 35 78 55 4 26 38 90 98 61 44 42 93
80 10 15 38 83 73 57 18 72 20 40 39 46 70 31 28 61 52 90 20 20 32 52 82 94 37 78 46 59 78 33 9 97 46 74 13 7 83 15 68 1 10 13 87 58 59 73 10 90 63 85 15 81 18 42 95 23 99 70 71 98 17 43 48 92 71 39 49 57 77 97 45 75 33 58 47 62 5 80 33 47 42 43 99 65 100 6 50 50 68 58 88 51 5 43 3 42 10 68 19 28 6 28 11 48 77 19 19 75 57 56 100 37 20 74 46 47 72 70 23 77 20 81 30 31 37 80 57
91 88 4 34 48 39 66 14 20 30 100 20 29 41 25 44 18 48 7 68 44 95 71 53 29 13 50 42 24 13 55 20 80 4 31 2 10 96 2 78 47 44 71 15 83 44 99 31 63 15 78 93 37 5 20 0 3 99 44 9 84 45 50 43 32 58 63 35 18 17 86 75 11 32 1 9 93 9 59 36 6 65 53 13 95 27 21 82 74 40 100 81 65 35 24 44 28 14 17 99 10 58 29 31 2 56 57 59 72 68 22 85 29 82 53 41 96 47 16 54 22 94 39 19 49 22 75 45
27 23 42 26 87 6 98 41 54 42 0 34 76 13 81 81 36 92 57 44 32 36 98 73 65 60 93 20 5 90 19 86 22 79 67 25 99 1 90 18 26 86 49 75 73 11 94 69 59 62 99 42 30 34 32 48 66 63 95 19 49 32 34 7 37 61 56 2 89 9 93 18 42 23 54 25 77 31 91 4 29 70 38 76 23 42 67 22 77 11 34 97 26 40 76 30 88 31 23 58 37 66 69 9 68 82 69 98 99 30 94 28 10 16 72 97 52 7 65 28 42 76 50 84 11 29 68 19
58 62 0 92 59 36 43 4 57 40 17 16 56 62 13 95 60 39 73 44 2 60 35 60 53 87 14 20 83 82 1 80 38 54 83 12 3 51 94 74 61 30 5 91 7 17 25 88 20 73 14 94 15 4 91 93 1 39 62 23 48 13 65 84 72 34 48 64 8 21 13 61 5 15 76 32 11 44 73 94 8 98 13 74 94 62 90 84 17 36 68 100 55 13 19 47 4 66 96 45 52 29 63 40 73 13 67 35 34 31 30 12 99 12 88 78 81 66 21 18 78 59 78 3 80 2 9 13
10 35 24 59 95 36 73 40 6 89 79 4 90 81 100 68 38 34 54 77 12 43 63 13 62 7 87 81 30 76 19 82 79 58 94 43 89 24 66 86 69 96 87 5 32 7 42 26 52 75 83 72 29 54 84 82 73 11 65 80 99 92 88 12 52 58 23 7 41 29 62 31 74 57 85 74 8 86 94 45 94 80 69 1 34 73 91 40 10 2 35 20 99 42 14 46 58 71 45 78 78 41 68 84 78 25 18 66 90 35 28 93 32 22 0 28 44 71 17 34 15 61 31 100 44 77 52 57
13 45 99 15 94 55 52 43 54 14 42 84 13 82 5 32 65 87 97 14 51 36 91 36 90 61 77 13 17 68 85 62 77 41 65 13 7 28 42 6 43 8 64 98 56 89 88 84 3 100 86 4 47 28 5 39 58 45 4 57 78 1 7 27 54 93 60 65 96 57 96 61 29 47 58 41 57 32 88 76 3 58 19 68 54 37 8 82 73 42 70 6 27 70 9 67 30 99 19 77 6 89 3 58 96 24 52 15 37 15 45 78 80 44 86 22 90 45 95 70 26 43 36 74 48 29 65 34
18 46 52 49 84 52 32 53 69 20 24 89 69 25 64 57 64 56 3 31 37 59 43 95 74 20 85 81 31 92 63 8 59 28 84 47 97 60 96 60 65 17 9 9 11 90 27 13 42 99 36 99 78 7 35 23 61 41 100 74 12 76 41 75 59 57 31 58 90 31 63 40 79 55 4 82 86 88 89 73 74 0 62 5 2 83 75 41 33 50 42 19 96 98 96 94 88 15 69 78 29 46 3 31 98 30 29 83 1 50 81 30 54 38 34 26 13 79 91 36 15 56 73 13 53 92 25 38
30 27 62 24 14 59 68 83 13 1 77 48 4 52 71 77 93 68 48 7 77 68 79 43 2 47 17 34 77 23 83 87 60 30 26 70 79 8 27 62 15 42 24 0 13 98 29 12 34 28 78 47 64 44 58 86 88 14 55 6 79 47 2 42 29 13 78 34 13 89 62 7 99 99 34 74 59 88 14 81 64 77 24 4 0 12 99 14 76 66 26 85 72 51 57 48 93 17 88 73 68 15 39 42 91 59 78 49 91 90 69 81 87 41 87 17 57 34 61 83 29 58 39 36 97 37 100 62
66 26 91 52 56 48 69 72 29 96 17 55 30 18 28 10 58 30 13 42 29 55 79 79 94 3 16 21 100 77 67 21 27 97 94 14 80 18 14 82 51 59 81 43 97 86 18 14 90 28 22 34 1 24 21 61 62 43 2 30 61 10 59 11 92 82 74 11 56 72 55 43 10 30 94 63 35 100 52 93 73 52 90 29 1 58 22 89 90 56 3 90 98 5 63 13 41 78 12 81 97 86 69 26 68 4 98 86 58 23 58 28 10 51 1 84 65 40 99 52 38 61 64 93 23 24 1 24
87 82 87 64 89 100 56 46 5 31 38 12 85 92 75 92 62 47 98 88 30 49 68 32 8 71 5 59 52 2 76 32 40 99 53 30 30 91 0 94 50 42 91 71 98 50 65 44 74 73 57 12 42 69 84 92 2 20 99 59 77 91 51 19 9 54 0 82 66 28 94 93 93 83 68 41 62 51 14 11 15 56 7 18 51 92 4 97 75 93 35 0 15 96 82 89 53 98 64 92 9 67 23 6 80 57 97 91 60 45 2 20 100 72 32 32 84 25 51 41 9 17 35 44 47 18 78 94
22 79 53 23 37 60 48 43 63 9 70 68 59 86 60 53 9 66 12 63 25 44 97 94 24 29 49 76 17 21 66 49 49 4 1 58 61 45 15 7 23 90 40 84 59 5 38 41 17 18 37 40 51 33 72 16 99 34 29 18 15 72 41 45 65 46 49 55 81 41 66 89 28 21 53 17 73 66 59 65 0 44 63 27 81 46 44 75 58 9 61 96 33 73 71 50 40 56 10 37 12 23 67 49 85 13 25 99 55 84 14 88 86 1 88 67 56 18 44 56 24 97 39 34 5 31 55 44
36 34 59 97 59 18 11 29 99 53 58 92 95 59 44 52 57 34 88 89 93 99 97 36 85 73 66 20 75 92 77 5 21 5 40 30 26 57 55 55 62 31 29 88 21 53 89 53 95 23 36 56 34 37 97 97 22 85 49 56 19 67 39 71 3 46 84 97 55 65 89 8 12 22 25 91 16 60 73 6 7 73 8 3 40 58 28 54 67 44 6 8 15 73 30 4 54 56 44 99 85 40 39 56 23 32 48 55 31 1 83 61 31 42 40 57 76 48 99 35 17 73 99 65 32 18 3 78
46 76 31 27 44 94 82 0 27 55 93 51 9 78 38 67 87 38 43 100 42 37 68 5 8 31 22 64 92 3 80 98 89 54 43 22 71 52 11 45 77 12 4 70 83 77 5 59 69 55 38 55 71 98 10 74 41 29 49 11 55 82 51 36 10 94 57 72 19 23 90 33 0 26 43 28 13 43 93 33 1 82 39 95 91 56 58 51 12 91 52 70 47 51 53 15 33 75 80 86 40 19 50 21 32 78 47 58 32 97 58 62 80 52 30 16 60 4 50 9 59 69 72 68 77 76 12 87
67 61 31 9 7 10 51 63 98 98 84 82 61 17 2 45 22 59 91 13 41 16 99 77 31 10 9 47 53 83 3 71 23 91 59 86 52 42 18 97 15 12 67 38 31 12 67 91 39 15 11 96 35 30 22 58 31 70 25 60 5 46 33 31 21 67 100 82 12 38 30 5 86 49 83 71 88 83 59 77 40 13 59 19 30 72 62 90 99 49 67 45 29 77 12 60 44 46 91 2 56 46 98 90 20 37 56 62 18 33 43 32 28 28 99 5 36 43 37 92 30 10 95 13 34 76 86 5
52 91 25 29 85 26 88 31 65 63 27 28 38 96 21 100 37 53 3 77 10 20 50 46 26 46 44 82 21 20 81 15 82 47 14 56 7 55 40 18 70 90 3 97 68 77 62 94 49 84 47 4 65 78 21 52 17 33 51 54 96 80 47 52 3 60 1 42 41 68 89 16 8 35 44 37 27 0 3 63 56 91 52 8 91 93 22 29 63 72 13 12 37 70 84 54 97 44 18 27 35 23 17 9 15 70 67 87 32 6 9 17 43 51 93 11 72 79 89 66 4 70 11 84 10 28 57 72
9 26 84 7 92 63 21 83 7 50 44 21 27 0 1 67 65 0 85 34 51 95 9 57 38 20 36 61 35 37 75 52 19 8 19 98 11 65 24 73 21 35 59 84 5 2 9 82 97 100 91 50 84 46 64 11 54 19 79 60 24 60 45 23 100 3 42 86 40 34 51 33 1 70 87 36 14 80 33 33 1 4 51 15 33 73 55 50 97 80 85 66 84 96 28 39 84 30 100 18 33 1 8 29 7 25 97 60 21 77 52 97 69 42 69 15 4 23 73 13 21 20 83 16 11 51 42 83
43 1 18 70 89 42 29 46 68 60 81 48 4 95 47 59 51 53 73 73 41 79 80 53 1 6 29 32 31 52 93 60 66 15 67 5 40 33 58 66 54 49 40 50 62 0 42 61 84 80 50 91 31 67 87 65 3 49 75 67 91 51 56 62 4 9 93 75 33 90 26 22 4 98 30 71 49 87 16 37 19 23 77 53 9 21 69 15 15 47 41 26 14 35 48 12 32 68 76 87 85 45 81 51 28 87 92 88 37 33 7 36 8 68 60 39 34 47 55 34 1 79 84 39 77 31 29 18
67 10 55 21 76 82 24 29 67 76 15 62 60 46 90 27 21 18 45 94 61 7 95 70 17 57 33 74 12 14 78 99 2 94 72 16 29 63 13 2 33 95 18 27 19 97 98 89 25 35 28 71 25 98 69 41 48 52 59 97 87 72 71 92 43 87 58 70 34 84 36 3 38 1 60 79 15 78 5 23 32 48 70 36 55 79 47 92 73 80 45 45 36 12 39 11 42 74 63 39 69 33 79 55 60 59 99 98 29 26 76 15 32 1 15 81 53 78 48 75 23 95 12 17 2 95 61 31
46 85 1 56 14 30 76 6 12 79 92 21 69 55 65 81 0 9 18 51 92 38 42 95 97 79 30 99 37 67 24 31 77 22 42 51 40 72 77 12 82 46 65 41 59 59 2 31 27 16 29 35 57 90 80 24 32 7 74 73 29 62 99 77 84 63 74 42 66 97 100 79 51 89 62 41 6 28 22 62 46 90 100 91 84 38 71 76 41 67 64 82 10 97 10 6 1 34 50 16 0 56 100 26 17 46 99 13 5 1 40 16 92 60 70 92 41 36 97 14 68 60 55 21 74 34 92 39
13 45 84 31 98 97 25 46 48 28 23 33 7 96 43 81 21 91 86 67 39 19 51 56 6 56 76 62 51 81 1 87 13 29 78 80 16 56 29 72 90 36 89 12 13 35 24 52 63 30 94 3 84 50 99 79 76 66 18 33 54 46 85 3 50 24 48 76 94 1 53 54 66 2 62 24 53 99 44 68 97 87 94 90 18 52 35 15 85 65 77 7 47 70 69 60 66 51 8 100 94 47 10 41 58 4 11 93 92 32 51 15 29 61 78 86 25 100 72 91 64 96 25 39 25 80 3 49
76 53 14 38 6 52 9 97 94 48 97 22 60 41 37 29 1 30 89 62 67 23 75 80 82 26 37 37 80 19 71 7 89 28 9 40 16 21 100 98 64 3 4 4 2 81 27 36 21 24 0 40 59 74 3 75 52 64 89 68 74 98 29 44 63 71 60 80 88 31 40 63 89 42 59 83 52 33 21 61 63 91 15 64 18 97 7 3 76 42 38 84 69 17 42 16 29 92 55 91 23 18 10 26 55 55 100 68 99 49 47 72 92 36 86 72 74 33 14 25 100 98 1 81 65 26 63 80
97 84 32 10 4 25 11 82 24 74 41 9 72 98 68 59 92 46 52 35 52 45 45 12 100 35 27 23 25 3 71 51 81 79 70 72 3 17 21 67 71 81 73 91 58 59 56 49 17 36 4 64 25 81 89 6 67 4 77 93 45 75 10 12 87 99 33 24 15 12 56 56 18 7 96 72 64 26 34 87 9 73 94 41 73 0 74 99 39 96 54 64 73 38 98 56 78 39 96 77 86 22 4 16 86 100 35 91 10 74 10 89 4 45 34 71 96 59 26 80 32 54 91 53 9 70 37 18
3 20 38 33 69 40 17 20 20 68 98 19 79 73 38 62 83 56 20 5 52 67 26 14 99 13 78 51 59 46 10 40 10 92 26 23 13 34 14 79 79 3 65 67 85 10 24 27 2 69 74 54 45 76 88 57 68 73 9 22 58 19 0 85 8 77 36 86 35 97 13 61 30 18 96 51 2 55 12 43 100 85 30 57 62 15 32 52 57 37 15 39 22 1 61 25 63 41 88 11 92 20 100 81 31 72 74 69 51 18 83 32 55 95 92 85 96 83 93 79 70 29 40 0 40 70 51 14
36 28 28 83 15 75 65 55 37 34 57 47 73 36 99 6 21 26 94 81 28 56 70 84 14 61 5 88 85 84 79 21 19 54 21 63 9 4 76 75 6 65 68 21 23 10 68 68 42 83 91 95 60 52 55 51 90 19 51 49 33 86 20 96 47 71 88 16 27 24 82 5 16 60 0 23 66 9 86 38 40 99 67 20 19 77 41 29 91 2 68 42 8 50 36 55 12 24 50 54 31 82 55 72 65 18 23 75 78 52 55 60 69 16 32 2 75 66 63 36 11 5 68 43 100 18 2 32
22 72 69 33 63 67 33 3 89 69 95 42 92 23 21 66 86 91 99 37 79 0 31 78 98 100 85 49 33 73 8 58 16 35 41 82 46 31 31 29 100 60 59 12 44 78 61 51 96 39 91 9 85 86 57 45 67 78 41 77 84 41 60 23 0 18 91 55 55 61 87 40 32 36 38 51 31 93 3 7 25 25 25 65 29 41 39 2 51 40 47 90 14 65 94 86 79 9 95 40 68 80 33 95 92 13 7 86 74 64 85 8 49 54 28 11 21 87 72 77 97 44 100 24 87 34 53 46
58 33 95 63 58 7 61 22 59 44 74 77 17 66 66 43 95 59 25 89 28 6 90 71 23 49 82 39 20 94 54 17 24 13 50 4 2 59 88 46 73 3 33 38 77 97 7 67 95 82 97 7 4 39 24 55 79 77 95 67 43 33 65 52 57 46 5 99 24 93 51 31 8 80 59 85 84 56 58 82 13 31 38 82 17 12 71 39 45 23 17 22 10 97 87 60 12 29 63 94 99 93 56 54 59 9 46 24 11 63 17 53 99 74 95 0 6 73 66 59 79 20 75 42 84 34 80 63
15 24 47 31 40 76 32 25 10 19 86 86 1 57 19 90 27 7 29 31 60 30 36 13 35 46 61 20 84 44 15 99 86 46 96 31 0 0 52 6 94 15 13 49 69 61 93 6 18 55 56 54 70 25 100 76 59 56 8 10 59 55 55 24 37 57 49 11 47 58 60 82 95 40 74 79 76 59 69 70 77 19 92 63 46 14 63 96 23 100 9 79 78 33 42 80 79 9 2 30 81 2 56 50 4 18 85 68 14 45 40 28 53 19 90 72 49 69 79 40 8 51 13 97 20 27 91 79
26 38 12 51 33 74 31 11 66 60 78 10 97 15 29 2 58 55 33 47 75 75 28 56 25 95 51 59 32 40 25 86 13 64 45 3 41 7 54 0 23 61 86 83 17 26 67 49 76 87 47 11 88 38 100 8 41 17 62 35 90 75 45 2 41 5 1 98 1 84 2 23 3 95 57 97 56 39 35 84 73 46 57 41 11 16 22 3 54 5 19 2 6 97 78 28 64 18 26 65 98 30 64 34 99 59 98 20 16 92 100 23 3 88 49 77 5 36 93 89 74 4 89 95 64 17 54 0
21 64 23 96 43 85 29 19 49 86 34 70 13 89 77 9 6 47 33 81 21 61 6 4 77 78 82 63 87 87 100 9 99 8 87 55 29 66 63 49 29 43 32 43 28 56 70 54 47 0 74 14 21 52 62 85 37 74 53 78 64 37 65 56 93 17 6 9 26 48 1 75 57 68 49 49 98 44 23 100 28 68 64 33 38 38 78 66 72 85 80 51 23 44 56 62 25 13 57 58 83 59 94 2 58 43 95 85 93 0 89 34 64 50 94 94 99 47 23 16 79 14 26 91 52 65 6 8
12 36 96 72 16 14 70 19 0 86 1 71 54 48 77 97 51 72 68 79 55 89 81 78 42 78 93 55 62 0 93 66 22 26 2 12 69 61 9 58 94 45 39 37 42 74 79 87 62 33 13 45 13 23 32 85 50 96 71 29 7 29 9 89 86 5 10 53 50 81 26 100 67 10 23 5 28 95 86 43 48 26 0 44 5 77 11 8 52 0 65 66 88 64 68 1 30 26 28 81 84 79 31 45 88 22 20 74 21 51 68 59 60 98 29 99 84 56 36 68 61 68 79 95 20 57 50 44
35 14 63 96 37 14 53 6 51 68 35 11 1 89 17 30 0 45 87 31 2 72 20 66 57 53 26 49 41 16 48 12 1 38 36 4 58 16 73 81 100 81 96 86 37 75 33 75 80 85 10 69 86 86 87 37 50 96 64 36 46 10 97 26 26 83 96 32 54 58 82 26 38 82 64 31 54 53 83 18 60 28 87 40 8 10 100 76 92 88 95 85 50 44 92 53 73 12 52 95 90 76 19 14 29 36 94 84 72 6 50 51 96 93 82 77 71 96 4 41 25 48 91 78 92 2 100 100
59 3 83 0 57 90 60 50 72 43 26 25 19 65 26 14 79 53 52 10 53 33 3 22 84 93 9 58 59 85 56 23 1 68 63 3 49 15 98 37 66 45 67 26 13 15 51 31 34 34 50 48 63 19 82 36 52 10 77 80 88 47 18 42 78 48 19 51 29 78 29 76 57 38 93 62 93 87 34 97 59 30 5 95 55 93 45 50 88 0 97 47 48 72 6 36 85 97 59 26 93 35 8 41 1 29 43 32 43 77 89 47 43 83 38 58 56 6 93 49 35 56 38 16 46 65 68 9
5 65 39 8 15 25 37 62 81 3 48 22 42 17 44 83 98 41 46 81 57 75 72 51 88 27 46 31 73 1 0 42 11 48 25 30 47 45 48 8 31 61 63 92 95 15 49 10 9 16 29 10 1 13 10 100 29 47 84 15 94 45 93 81 7 98 52 60 77 12 3 17 29 71 78 79 64 36 71 38 54 51 80 22 94 57 18 47 46 95 87 97 3 60 83 73 6 57 64 36 81 39 84 60 50 67 43 33 18 51 28 87 10 14 47 62 85 78 8 7 77 87 0 94 9 33 92 75
82 69 10 38 12 86 48 76 91 40 15 90 7 75 24 22 6 25 5 38 16 76 52 99 86 49 59 97 82 7 52 48 91 40 72 64 66 18 97 91 66 97 72 81 89 93 64 2 18 80 90 92 91 100 53 63 25 2 66 10 71 46 50 15 66 11 72 57 98 85 36 95 26 68 71 84 86 78 57 18 43 90 68 24 7 76 19 1 27 7 32 99 80 54 2 77 76 8 74 99 35 35 76 69 20 13 49 6 93 65 94 40 61 22 88 2 73 36 59 58 51 84 22 81 49 44 44 56
5 74 41 46 58 84 95 14 87 60 31 8 13 20 5 62 33 7 57 81 85 56 39 12 53 23 27 68 65 26 48 73 47 83 91 84 28 79 74 22 47 80 68 34 80 91 39 56 16 97 92 10 2 88 98 100 29 45 38 87 31 62 89 37 91 100 48 35 23 63 4 45 98 16 6 69 36 56 44 53 28 43 74 62 40 66 28 96 94 79 89 35 80 26 76 44 33 17 52 38 27 31 53 18 74 91 38 14 38 64 43 97 54 69 8 29 10 84 3 28 39 17 59 38 4 93 61 59
3 11 10 2 45 41 2 74 34 100 13 21 85 88 12 66 62 28 87 58 56 42 84 98 73 72 52 88 99 87 18 26 80 39 82 35 56 100 91 4 3 81 13 7 94 82 42 33 11 77 46 9 63 22 29 14 21 61 26 63 90 39 94 83 96 51 96 16 77 93 56 63 83 98 74 62 84 89 88 85 26 47 10 62 28 15 22 80 84 27 37 58 41 7 62 15 66 17 61 70 71 62 75 69 62 14 39 73 66 3 18 23 90 36 61 4 17 65 37 22 25 70 8 58 80 19 89 61
98 68 1 62 3 94 44 82 66 76 7 7 29 97 96 56 85 80 80 0 100 0 80 7 45 26 64 31 59 63 34 56 60 16 60 49 69 79 24 62 97 30 92 77 54 97 87 68 76 89 21 94 44 60 9 31 53 38 68 92 90 94 21 87 7 85 59 98 2 96 23 52 55 58 53 98 11 90 68 44 8 36 42 90 62 87 0 65 94 37 91 17 28 56 91 92 56 90 25 12 96 91 40 80 75 53 42 58 13 14 67 53 89 32 39 1 72 60 14 42 97 81 80 39 6 21 75 70
15 32 6 71 96 17 88 92 15 31 80 92 71 51 29 2 2 21 53 72 81 39 51 99 96 2 89 13 15 72 95 34 8 43 90 73 76 9 71 65 64 95 15 86 50 59 17 58 22 39 13 71 22 93 71 19 91 49 81 2 64 40 22 7 80 64 39 20 58 70 15 17 98 1 87 24 79 74 77 41 87 51 15 26 42 12 65 45 52 6 25 13 27 87 81 98 90 82 7 54 0 4 46 71 83 74 33 44 16 37 95 80 2 13 81 91 41 23 100 81 34 34 34 96 70 40 51 11
32 78 63 10 48 66 50 68 69 20 65 83 73 3 54 83 11 63 60 98 29 34 36 59 26 22 20 66 89 70 86 52 5 56 21 47 73 7 64 17 97 34 58 8 93 81 65 22 51 55 76 62 45 16 32 51 94 100 66 78 66 58 59 89 38 78 100 83 41 23 66 91 87 62 47 13 53 23 6 15 87 56 34 8 82 64 79 24 68 94 85 63 10 73 27 4 37 89 8 99 50 83 70 7 15 55 92 80 63 84 18 77 93 31 2 38 7 11 19 78 78 70 83 25 39 34 23 22
52 14 55 37 42 65 57 15 10 58 90 50 37 87 7 0 45 13 29 15 28 32 75 97 91 95 89 10 84 18 90 74 71 78 63 16 1 15 98 56 82 46 95 37 79 33 64 23 63 98 66 73 88 65 85 91 91 44 49 86 98 58 57 7 59 59 4 74 60 68 58 54 98 96 5 33 69 15 32 70 93 24 92 68 28 13 82 36 76 34 86 41 29 8 52 53 61 34 0 5 37 96 26 96 77 74 36 28 90 38 21 93 40 47 39 48 63 82 18 42 16 68 28 24 97 43 88 75
50 67 50 88 79 15 86 31 62 67 56 27 62 83 100 52 17 28 64 45 48 49 63 29 36 96 31 63 80 55 50 98 7 4 17 30 81 29 43 63 56 80 69 42 53 40 73 22 67 83 74 1 49 73 48 17 94 32 9 98 100 16 30 77 12 97 52 89 49 92 39 63 87 53 38 20 22 93 100 88 61 16 77 37 27 37 81 38 7 59 21 25 76 77 61 42 99 55 74 95 79 1 50 5 48 18 55 42 45 91 35 37 94 83 47 40 75 31 12 16 55 30 30 88 59 85 87 31
86 93 3 20 71 22 93 34 33 59 99 23 39 85 77 6 4 27 79 95 1 36 5 42 88 20 27 79 29 17 14 41 45 83 80 22 31 36 3 31 72 57 62 92 31 82 95 79 25 25 95 47 51 9 20 87 77 99 21 89 52 3 97 24 74 21 81 61 38 52 12 35 35 72 96 57 65 92 12 24 63 32 41 62 85 43 99 67 80 4 58 99 42 16 26 60 36 14 94 23 75 80 15 26 10 36 8 70 18 35 30 77 9 34 3 51 4 86 38 23 37 64 79 89 82 57 26 35
80 0 96 91 6 30 98 84 62 53 31 63 84 98 64 37 18 44 72 38 44 78 68 80 54 96 3 23 49 48 26 38 55 97 82 85 3 42 69 53 84 15 1 49 38 22 65 96 68 56 32 48 26 46 34 16 85 68 23 12 100 50 99 57 37 53 36 10 14 10 85 12 94 16 3 76 71 45 87 35 98 91 72 69 96 41 31 30 66 34 14 60 19 81 9 99 89 85 79 58 36 65 30 57 78 18 71 94 61 34 69 53 69 90 81 82 48 39 44 99 12 61 27 82 82 67 32 71
61 23 31 24 42 85 2 8 30 92 11 54 21 6 62 77 23 39 95 85 32 22 62 68 6 32 34 79 52 93 46 91 26 12 57 34 12 75 28 76 25 29 23 53 58 81 67 85 37 74 34 23 17 48 73 81 45 45 54 77 10 49 91 51 93 13 77 79 80 99 24 82 92 65 100 33 90 11 34 60 71 48 92 44 2 71 98 29 40 51 25 29 57 13 81 17 48 31 36 81 83 76 11 67 53 50 60 42 24 51 22 12 50 42 13 65 54 52 40 11 91 51 66 47 97 100 69 19
7 12 47 58 100 69 78 59 71 20 42 72 61 68 23 6 77 14 19 91 53 52 2 6 97 37 48 21 72 63 99 96 76 65 76 64 89 13 34 28 18 20 80 90 69 92 23 90 62 23 31 82 38 50 95 66 14 96 53 86 77 51 92 73 71 50 8 73 13 17 44 99 53 60 72 22 13 40 49 18 37 77 99 74 93 72 62 18 28 81 10 91 91 6 37 100 85 61 96 2 34 50 11 49 65 54 46 28 82 84 58 92 79 42 67 78 22 12 51 54 78 13 54 95 87 14 54 83
62 11 79 78 91 35 51 36 83 36 81 93 10 51 16 82 7 3 9 63 84 12 93 93 91 66 94 27 95 73 100 70 63 69 19 76 82 53 14 42 17 77 9 32 38 7 45 41 5 78 35 61 100 15 82 27 57 27 1 40 73 99 3 39 52 75 89 71 1 1 91 80 3 18 62 4 5 43 97 33 79 86 65 48 24 11 18 60 79 85 83 29 2 67 22 75 5 3 14 95 75 44 72 13 82 46 53 56 56 98 28 46 68 42 44 11 0 41 38 69 98 61 94 4 55 12 88 72
40 74 97 63 49 99 25 78 6 74 35 1 84 99 0 55 97 43 57 2 90 11 72 78 90 35 13 79 83 0 2 69 65 5 15 57 18 9 92 79 58 3 71 17 12 96 88 81 43 24 81 68 7 1 62 83 87 37 91 54 83 60 32 73 16 87 96 97 32 84 27 26 52 87 33 24 25 18 67 87 20 64 79 3 93 54 12 14 79 81 48 9 86 53 83 41 55 26 46 70 81 97 39 78 92 46 60 94 85 55 88 36 67 51 88 49 41 86 53 2 24 25 66 7 83 0 32 2
11 48 79 26 92 11 99 19 38 86 7 70 20 24 23 1 55 96 53 76 15 51 78 23 4 4 78 4 7 22 24 85 22 68 35 22 29 10 9 83 66 97 48 49 18 39 36 87 8 45 94 87 55 97 98 97 80 98 55 22 30 58 77 61 49 19 66 94 55 98 92 45 34 85 39 81 23 21 58 42 68 67 42 64 18 91 58 70 100 53 76 11 37 68 83 97 30 86 79 88 13 93 55 23 9 26 72 50 48 15 81 56 35 43 13 2 67 87 53 97 40 64 28 15 85 93 99 81
41 55 46 87 74 22 84 82 5 91 23 92 82 50 30 41 65 64 22 25 50 95 60 94 100 66 87 56 40 45 26 65 84 46 40 18 47 100 45 10 0 70 52 43 85 33 23 65 0 32 25 87 49 13 31 80 89 37 14 96 73 2 78 78 91 54 28 32 10 41 78 10 23 92 97 0 39 97 63 6 25 66 78 84 79 7 28 23 35 73 100 76 87 64 28 87 28 42 1 60 81 33 73 51 61 0 24 50 91 1 27 86 25 14 51 22 99 15 26 84 35 88 26 69 7 5 71 97
72 8 64 42 60 43 62 97 11 21 41 62 83 33 95 28 29 39 94 74 17 100 33 81 39 48 79 47 50 39 72 70 20 40 44 66 98 2 33 83 71 29 93 64 76 87 86 37 0 68 56 93 80 92 82 39 82 56 5 23 27 59 72 10 46 6 44 16 92 41 26 19 41 25 22 78 27 75 59 83 39 91 97 80 37 81 3 49 89 11 24 74 90 36 53 68 18 8 12 61 68 34 81 9 88 64 84 67 25 33 10 52 23 24 9 40 47 31 41 36 62 97 24 78 59 61 87 14
30 29 12 79 46 16 3 100 86 10 84 79 49 36 26 82 79 48 2 98 43 14 100 93 66 41 25 95 96 1 9 33 98 45 51 35 65 88 53 13 41 57 80 69 15 52 84 32 13 12 69 64 38 65 57 4 60 6 87 58 4 47 46 13 28 71 6 26 36 21 7 82 39 28 32 54 52 7 93 30 3 54 3 17 36 13 63 44 11 90 62 18 57 60 36 65 60 97 50 65 98 86 86 14 98 48 54 41 22 89 96 54 64 17 52 68 43 52 100 97 38 42 9 91 29 15 97 63
78 90 91 80 88 79 53 80 87 5 79 55 49 57 71 33 88 72 64 40 77 77 69 77 75 9 78 56 90 92 62 16 27 30 60 51 15 38 79 96 12 63 59 45 18 27 84 11 79 47 80 66 84 86 9 87 100 78 42 98 63 37 59 3 71 73 13 22 92 66 10 10 72 45 47 83 15 29 99 23 81 61 97 42 26 64 66 31 49 58 66 67 52 18 55 92 42 71 31 90 23 26 66 76 39 69 76 12 71 41 84 79 71 2 95 50 33 21 59 100 0 33 30 74 29 95 44 24
83 37 20 29 98 62 81 48 52 45 59 60 51 95 15 24 14 62 38 9 59 83 42 12 100 71 26 75 24 61 11 67 74 92 70 66 31 45 100 94 0 63 85 54 84 51 84 60 17 26 14 78 6 34 90 32 63 79 51 61 8 49 56 11 40 83 68 22 43 86 95 13 80 9 96 77 52 95 19 0 40 26 7 22 59 48 10 70 88 84 67 67 79 38 41 75 66 29 59 2 59 36 29 89 82 6 66 29 44 56 97 71 74 100 43 59 38 69 18 28 39 54 97 14 78 23 25 27
70 37 14 87 71 90 6 49 78 51 67 85 56 81 89 29 84 51 1 97 44 84 65 36 15 18 44 87 69 18 16 76 100 64 41 37 66 78 42 38 14 99 21 1 87 39 27 7 10 28 71 29 51 10 98 18 76 17 56 92 89 88 27 11 80 31 83 73 4 17 77 85 66 90 18 49 93 40 26 67 37 58 69 92 16 35 47 60 30 28 81 92 85 56 100 85 18 83 85 93 74 71 25 21 25 58 87 58 56 21 99 10 48 63 66 80 52 14 69 7 88 50 19 99 30 27 36 38
63 57 10 97 50 46 84 97 25 3 23 95 54 48 35 77 28 75 85 5 34 52 50 96 55 63 21 57 95 31 74 68 11 73 43 99 77 11 87 42 67 16 11 83 14 12 96 87 8 67 61 17 15 34 73 4 8 19 70 33 52 40 24 7 89 26 19 93 85 24 53 26 5 74 36 48 22 15 40 9 26 37 50 22 8 16 4 87 9 32 5 86 16 9 93 16 54 6 15 14 86 94 3 6 14 16 15 56 93 16 48 15 30 53 96 44 66 98 17 91 55 38 44 13 45 62 97 49
95 83 49 95 48 37 52 90 70 92 66 62 92 59 13 10 33 16 42 0 0 12 29 7 20 54 0 59 39 57 94 25 74 14 50 35 17 65 57 30 51 17 16 17 52 67 56 25 76 74 48 2 42 81 9 95 86 8 74 72 79 8 46 27 97 36 84 77 45 92 11 75 58 15 52 71 78 23 15 90 3 36 66 32 97 34 39 56 98 65 96 34 83 15 95 19 39 89 52 61 91 9 67 0 12 87 78 11 74 78 86 21 93 30 30 71 99 42 70 53 16 27 91 61 72 15 67 1
23 66 67 14 83 61 93 5 43 63 83 40 27 40 3 76 85 22 87 80 52 9 39 50 58 24 83 78 32 7 94 46 14 40 78 57 34 27 39 63 21 9 81 97 49 35 84 37 71 18 75 23 17 75 79 93 98 88 23 73 41 72 28 9 80 1 39 40 96 93 63 89 47 86 23 67 41 74 26 3 54 32 2 23 90 85 20 41 86 4 31 41 50 25 13 21 28 47 54 36 93 62 88 72 50 70 91 83 46 28 52 15 58 26 73 78 92 58 50 82 81 63 85 59 19 3 38 14
37 8 73 60 31 70 46 24 47 74 18 43 31 16 6 14 45 88 60 11 57 38 73 20 74 43 59 85 60 50 84 2 76 36 23 5 25 62 66 57 72 82 75 17 82 22 82 77 92 87 78 69 28 61 18 59 77 92 85 93 29 59 29 32 38 89 32 89 24 27 15 41 5 53 32 79 100 26 90 34 29 92 0 60 41 12 23 17 64 54 19 66 38 95 6 17 9 43 48 98 61 98 32 59 71 79 25 42 44 44 76 17 7 33 66 17 3 40 94 0 7 47 33 17 11 39 47 70
74 10 17 50 32 38 98 86 28 36 7 12 42 72 17 19 98 37 2 14 77 44 36 23 9 95 53 13 89 4 51 58 55 42 68 64 73 69 38 13 44 97 59 96 77 35 1 98 51 31 83 51 59 32 43 1 80 68 5 17 16 40 47 32 38 0 40 97 24 78 39 10 82 1 19 51 10 84 16 81 57 49 45 5 42 81 73 41 95 92 64 34 80 83 71 25 84 63 93 28 60 2 8 30 1 84 49 83 88 21 60 81 30 85 94 21 69 98 91 92 53 16 59 50 85 62 67 40
22 52 93 57 40 93 67 13 61 100 48 64 0 18 58 58 26 72 93 92 89 57 34 61 18 61 18 33 32 76 15 35 16 98 9 95 67 49 46 37 43 99 88 68 44 16 60 10 88 86 76 46 87 64 42 68 63 57 82 35 87 64 76 97 57 98 32 43 56 14 75 38 92 77 88 71 95 25 98 80 53 95 80 65 50 100 6 86 60 18 37 76 47 15 95 16 75 36 53 13 11 30 92 71 9 100 94 23 6 42 1 4 29 36 54 72 98 89 79 22 43 28 32 73 52 35 94 79
46 7 71 80 92 46 27 37 53 68 67 57 38 96 18 99 58 21 79 10 19 19 88 94 48 9 80 55 40 20 12 32 71 93 35 46 100 44 52 100 79 65 19 37 68 79 63 7 48 83 43 69 43 14 26 32 95 9 98 45 26 22 57 92 99 9 42 91 71 27 97 85 26 4 40 40 97 7 90 29 69 50 34 60 81 28 17 20 42 41 49 33 18 55 78 98 76 51 99 11 24 36 5 6 67 64 87 16 38 4 8 3 4 50 96 10 99 86 63 0 90 73 83 52 56 87 59 76
15 66 7 51 68 32 90 54 30 84 27 38 45 66 20 33 78 91 17 72 0 54 55 63 16 33 99 71 66 12 85 14 21 48 60 64 1 24 47 90 10 56 75 42 71 97 88 52 29 33 2 14 74 54 46 92 98 1 25 32 22 82 65 45 100 17 74 88 83 56 60 19 28 2 50 52 13 26 71 11 99 90 2 67 75 37 18 46 97 22 50 38 35 61 82 74 58 68 79 96 86 45 12 64 41 52 64 23 23 89 93 53 94 8 17 10 79 7 66 97 32 59 62 43 75 96 61 48
61 40 79 13 48 29 91 47 76 6 95 15 92 51 61 34 2 76 77 55 37 30 19 46 55 73 81 99 55 74 29 75 37 35 91 27 58 99 70 44 28 62 83 2 41 49 73 68 91 78 11 62 2 31 85 17 64 86 97 38 22 81 29 46 44 5 66 47 51 56 54 13 6 35 62 96 23 53 93 20 27 89 3 92 22 45 85 74 68 94 99 44 100 27 21 73 53 1 55 62 56 46 32 62 66 33 66 56 63 24 82 92 20 31 9 53 0 85 47 8 18 93 49 95 76 71 76 31
50 21 49 93 82 71 79 48 8 63 43 60 96 31 42 80 97 47 75 87 28 64 73 49 23 98 75 87 12 9 23 88 71 52 1 26 79 4 59 0 63 21 47 89 92 74 3 65 62 36 66 54 89 8 37 83 66 3 73 39 94 66 88 25 43 76 34 49 83 32 93 64 48 56 94 30 81 65 66 48 76 66 61 44 93 45 13 61 32 5 36 79 99 76 47 32 93 6 37 71 68 26 93 62 19 10 7 14 16 56 13 33 36 56 17 32 46 24 63 75 79 97 89 61 44 37 13 39
62 94 7 3 76 67 2 90 68 64 56 22 80 70 12 8 81 32 46 20 69 80 5 97 17 86 46 55 93 37 4 1 65 45 35 100 92 11 72 20 97 100 47 32 28 12 62 32 61 54 6 65 27 22 36 54 66 34 82 51 92 89 3 24 8 96 2 87 26 5 95 81 60 28 80 95 44 41 46 45 43 42 29 47 93 44 76 91 76 78 85 38 70 94 100 90 57 57 26 17 83 72 53 1 40 7 52 95 97 40 48 68 34 57 86 97 45 78 9 7 10 89 91 37 15 80 71 16
70 78 6 23 92 79 27 68 83 20 65 67 69 23 33 81 9 29 11 39 4 79 91 24 17 43 9 67 99 86 98 62 64 87 72 10 0 55 41 87 74 41 79 30 69 95 18 90 34 51 21 78 73 89 34 76 27 83 18 3 80 4 53 74 66 14 44 34 99 7 44 83 48 71 99 14 35 71 56 79 18 16 74 38 32 21 35 36 75 12 87 41 29 30 31 14 88 30 7 10 21 98 57 78 67 86 77 64 28 11 60 80 92 90 21 26 69 39 16 12 48 35 4 5 66 100 85 65
15 21 31 69 41 79 23 61 55 23 15 45 83 67 18 66 18 92 18 66 66 3 72 0 64 15 36 40 39 98 94 3 29 28 98 21 51 97 24 18 81 18 87 90 44 86 83 49 70 6 47 91 34 95 60 70 95 20 85 46 62 37 46 26 68 79 47 94 45 51 3 16 30 77 82 39 37 73 71 17 28 82 30 84 52 67 69 17 37 45 42 56 97 62 90 54 25 53 95 74 27 13 49 6 87 89 12 37 80 83 57 39 84 10 32 65 23 42 66 12 15 61 84 4 10 85 19 68
90 9 67 36 12 17 85 91 72 94 76 42 32 93 67 65 35 76 5 69 92 6 13 83 1 40 53 53 59 93 43 4 82 45 79 99 55 62 92 34 92 45 4 30 93 38 21 37 40 75 6 94 42 3 68 52 39 5 23 59 11 47 81 79 5 83 88 63 71 93 38 49 80 58 50 20 89 38 38 96 78 78 19 83 15 76 52 55 15 61 75 87 91 58 4 99 29 87 31 94 57 59 31 48 78 96 45 76 23 78 31 61 28 56 32 4 48 62 42 74 99 4 61 3 27 43 16 14
76 81 39 72 68 57 86 77 46 99 34 43 49 13 37 42 22 21 43 35 27 78 23 78 60 94 16 17 70 65 4 47 11 22 27 54 22 35 49 76 76 25 21 97 85 35 82 88 49 98 80 3 34 52 95 93 67 0 54 22 63 29 92 25 51 49 31 82 34 31 100 93 70 32 13 50 9 25 29 0 65 1 37 39 37 84 14 31 53 41 4 39 93 48 42 37 52 77 24 20 44 66 80 65 23 68 19 39 63 28 12 26 93 28 43 86 7 78 22 28 61 95 12 49 23 64 86 22
63 11 13 82 34 68 63 29 99 68 41 14 41 23 45 39 58 38 36 16 16 46 40 66 99 75 45 84 37 53 30 75 93 0 39 88 17 62 83 28 48 39 86 28 55 17 41 28 44 21 4 44 24 14 79 7 32 16 12 95 77 45 8 20 69 8 70 34 74 9 82 29 21 2 9 66 66 91 95 96 93 27 69 39 81 97 56 44 25 12 16 64 75 51 93 80 15 66 86 77 60 23 35 5 52 30 6 51 26 5 23 43 13 6 96 72 53 42 26 29 85 70 100 97 95 21 21 27
88 62 66 40 70 31 2 7 33 7 40 38 30 0 39 38 44 52 58 94 99 11 50 55 48 86 90 56 87 1 27 44 60 28 32 91 94 10 56 83 75 54 12 33 60 47 97 76 24 14 49 83 61 35 44 46 49 30 19 85 65 19 38 65 64 57 57 61 5 79 3 99 77 40 73 100 63 92 84 13 75 53 87 92 86 59 37 1 23 99 99 99 93 79 88 48 60 43 29 1 12 47 18 5 22 56 45 75 100 58 30 100 65 34 70 61 89 43 37 12 52 28 3 57 83 69 58 78
83 95 54 29 54 0 96 3 85 15 8 24 35 38 99 19 22 54 54 26 35 45 40 5 25 81 43 23 52 60 100 91 50 40 46 92 15 76 22 88 88 44 12 35 44 12 16 24 89 13 79 71 89 29 55 86 70 35 48 92 85 11 20 67 56 62 14 61 15 98 100 90 46 100 7 74 37 81 97 77 89 51 20 66 27 84 96 41 92 32 77 71 12 29 87 34 18 27 80 55 98 10 87 37 94 48 72 90 48 70 66 25 14 64 96 87 90 4 55 86 20 69 57 37 45 76 87 54
51 24 88 79 19 4 58 78 60 32 58 81 12 43 7 48 82 84 81 22 73 20 54 56 77 19 98 72 84 85 7 13 89 11 47 92 58 40 79 45 63 36 68 70 62 88 24 67 79 74 96 87 44 13 37 52 63 22 64 12 71 41 46 62 94 50 97 71 87 28 2 32 88 3 19 16 56 77 37 25 48 81 28 67 11 53 69 92 12 40 17 45 10 25 32 93 98 17 72 24 40 38 86 35 11 20 30 30 16 98 45 78 89 73 87 32 8 52 52 16 71 19 58 10 77 90 80 96
48 93 29 39 43 8 46 69 53 90 73 57 72 67 54 2 36 44 74 79 69 43 10 81 54 42 62 60 30 71 56 66 25 33 65 42 64 9 56 64 32 60 67 72 80 70 57 58 23 53 7 43 49 39 27 11 89 96 59 51 62 58 13 7 66 56 100 68 65 6 0 21 83 87 53 34 45 92 34 6 14 8 65 79 38 82 44 26 83 59 32 91 97 74 34 93 54 39 22 68 12 82 100 89 45 15 5 94 22 36 21 38 98 18 86 99 29 46 54 60 82 5 60 62 39 38 38 92
89 95 30 25 78 51 15 65 87 59 78 50 16 41 37 27 76 49 85 24 56 54 90 11 100 57 19 90 46 82 75 50 84 35 95 17 77 77 37 19 26 100 72 69 65 41 83 68 85 91 94 93 4 23 98 63 47 54 54 89 93 8 77 37 78 1 59 14 85 6 52 5 15 18 31 15 46 31 27 97 79 19 87 33 63 87 82 58 53 15 13 93 78 69 24 48 7 26 31 19 66 10 46 99 72 51 89 79 16 82 6 29 0 9 90 49 29 11 65 12 11 11 19 23 24 58 16 70
97 20 37 22 47 73 36 85 60 31 44 45 96 74 33 62 36 76 15 23 68 61 51 61 48 89 37 80 75 84 44 3 6 62 34 56 64 53 72 42 87 1 26 0 13 37 18 6 3 57 82 67 92 16 71 93 90 40 38 62 59 64 34 54 97 15 56 27 62 2 78 14 19 10 57 77 14 66 20 92 69 68 19 55 56 14 31 58 82 8 71 24 21 25 77 70 49 73 54 64 59 46 86 33 87 36 56 62 9 31 55 79 29 0 61 47 11 73 51 73 5 21 94 53 80 30 41 54
45 38 27 26 67 85 81 71 92 72 55 89 69 49 69 61 82 45 24 88 35 1 24 16 79 92 70 42 85 44 10 93 99 27 89 65 49 39 5 44 44 34 88 49 20 9 52 80 42 4 12 55 24 33 44 65 96 60 37 35 11 88 86 17 30 78 56 57 93 74 8 11 85 6 14 66 80 87 32 2 98 96 30 1 31 44 55 18 40 28 36 56 79 3 59 25 57 14 36 78 53 62 14 86 9 22 66 5 72 50 84 71 88 30 62 33 61 85 26 30 79 70 42 5 73 10 59 55
39 46 75 49 17 98 78 15 29 96 14 31 2 95 88 84 85 3 63 79 80 44 24 29 25 35 25 23 95 30 42 0 2 91 37 99 71 49 59 8 32 96 97 23 96 95 28 16 29 84 76 42 83 86 5 83 82 58 82 6 14 69 78 5 74 74 37 57 44 32 76 88 39 93 40 69 43 45 20 73 39 6 95 69 75 16 10 38 57 0 64 59 50 18 52 96 40 76 82 34 72 50 84 67 71 51 95 62 56 37 28 76 41 77 55 96 43 99 75 20 56 94 69 41 16 97 32 64
55 18 60 29 63 90 66 14 1 22 77 66 28 11 90 59 66 71 9 53 10 86 7 38 84 49 38 8 68 41 81 21 52 46 3 28 77 15 16 9 61 64 53 90 100 77 35 24 39 89 52 14 8 80 56 6 52 73 47 82 78 89 29 34 17 6 71 61 85 21 62 85 26 83 94 54 1 17 98 6 75 93 70 65 75 36 75 17 68 39 0 51 44 65 39 0 44 53 63 13 63 18 50 59 48 34 78 15 62 22 59 35 87 73 44 46 100 27 37 19 21 43 53 66 65 58 18 72
92 89 0 73 83 75 79 62 53 22 23 37 7 5 31 65 77 95 39 66 49 88 58 25 96 10 3 29 76 76 97 80 6 98 62 87 24 55 47 46 100 49 10 85 71 90 58 80 4 41 8 3 29 18 30 17 5 49 87 52 85 15 17 85 92 10 47 54 45 19 56 87 82 32 94 78 77 33 19 27 1 8 27 86 47 34 26 11 21 95 24 99 76 17 22 87 72 31 13 9 62 55 32 43 19 74 75 91 65 65 37 91 67 85 74 30 35 78 60 0 25 2 56 70 45 72 58 96
9 34 89 57 0 59 97 3 63 66 27 13 90 58 65 62 74 58 97 14 96 36 6 44 23 20 16 74 23 62 38 25 35 81 69 37 66 96 21 21 51 38 18 23 52 79 62 51 92 75 9 92 24 29 77 68 83 86 35 62 49 6 95 24 48 5 21 17 15 68 3 43 46 53 88 23 79 13 6 27 82 22 26 22 29 70 35 59 95 35 47 96 58 33 78 20 56 32 5 68 50 98 60 22 68 7 76 60 8 55 66 37 50 65 33 59 91 16 54 22 33 34 55 75 76 17 97 36
43 55 98 73 43 86 36 64 21 71 60 63 10 51 39 12 34 68 98 42 51 77 82 4 93 25 4 59 46 58 90 57 28 41 3 19 52 49 1 7 99 82 59 69 19 37 84 58 79 47 80 51 16 69 87 79 75 89 47 89 83 6 10 68 3 10 78 97 68 39 64 57 11 68 86 78 0 97 94 35 50 100 13 34 11 60 80 34 38 61 83 100 29 45 43 44 70 31 52 98 18 95 99 44 29 90 70 15 32 80 10 50 71 65 60 61 97 3 77 89 33 65 83 99 40 13 34 67
52 56 49 100 72 21 70 33 72 21 57 25 84 73 5 38 30 36 65 50 85 48 0 2 79 96 35 37 70 16 53 73 6 86 71 54 56 3 60 34 83 38 79 44 43 34 16 29 70 91 79 20 31 15 7 27 37 17 100 15 53 14 64 98 16 23 100 48 58 31 25 80 29 50 1 3 43 43 16 67 94 84 97 21 64 47 70 76 81 24 16 9 85 100 34 99 76 35 6 7 97 8 99 91 37 82 15 9 3 52 20 40 80 20 45 12 1 89 53 71 18 31 94 2 73 79 50 26
21 0 16 12 40 100 43 30 94 82 94 87 65 14 50 80 7 60 30 68 91 13 53 41 74 73 48 2 7 83 5 39 65 62 35 50 1 94 98 78 16 26 64 69 17 85 60 91 5 30 37 46 1 73 64 67 35 0 61 32 76 13 59 54 65 6 75 41 81 43 97 68 22 16 20 46 81 31 1 49 33 13 43 69 31 63 29 73 51 40 45 36 70 85 100 17 66 71 37 83 78 12 81 6 66 90 41 31 40 10 79 80 17 63 31 20 38 46 96 30 27 100 2 98 91 69 17 76
52 87 93 89 26 79 96 53 42 45 14 57 10 64 35 84 36 71 7 59 53 25 55 88 6 61 96 37 18 63 49 72 57 45 91 44 60 30 97 21 24 8 5 70 19 11 78 56 73 96 20 86 49 3 46 26 87 51 25 53 86 37 53 66 61 33 97 37 0 95 54 3 99 99 0 76 19 88 17 82 59 69 21 84 58 64 87 26 15 72 76 13 8 100 7 48 11 64 25 92 82 23 64 51 45 88 53 48 78 20 57 91 28 40 88 23 13 5 94 83 26 43 56 49 21 38 60 88
95 33 64 13 56 43 48 42 30 49 9 68 8 82 31 31 11 19 27 3 37 90 33 30 51 29 42 10 38 89 97 63 31 14 0 79 7 35 78 42 90 65 6 52 6 47 81 87 50 2 41 19 55 86 60 60 73 49 90 84 19 37 15 64 59 39 70 58 14 33 0 22 30 36 11 28 93 27 27 55 19 92 32 4 21 25 58 70 22 80 65 68 62 48 68 9 36 20 6 24 17 65 74 93 0 100 67 38 61 39 70 4 37 27 77 67 72 15 94 46 16 96 29 20 63 42 36 3
0 98 11 91 3 4 23 100 4 58 79 59 4 58 57 91 74 57 6 59 55 2 47 4 36 71 71 92 38 82 65 74 82 41 97 37 25 70 48 72 3 21 15 42 43 30 15 82 53 40 56 54 20 24 17 74 86 94 14 28 51 45 9 83 35 70 43 65 79 33 50 69 91 15 70 10 57 42 41 80 26 28 84 76 58 12 0 63 53 69 89 97 61 10 78 51 32 12 2 36 10 4 37 32 36 77 13 9 39 13 92 50 97 12 90 13 25 16 25 36 16 30 71 78 48 67 62 25
0 15 12 82 47 30 62 84 58 14 74 42 99 47 79 10 18 15 50 48 56 47 77 16 62 49 49 57 23 20 85 88 25 33 18 91 90 38 91 18 68 90 62 26 93 6 16 67 81 50 2 99 56 75 18 18 5 46 65 0 53 42 47 7 33 27 83 29 3 58 9 18 77 62 10 76 54 40 4 42 33 50 90 20 23 74 37 12 93 3 10 4 32 6 51 75 34 90 97 55 64 48 67 93 76 87 78 65 93 11 80 81 61 10 56 46 12 97 50 93 36 11 67 0 36 94 26 7
78 28 80 80 34 79 47 30 40 85 96 12 3 36 52 9 37 93 24 88 93 91 39 31 5 78 71 95 57 5 95 39 11 54 15 65 37 84 18 92 47 84 33 94 88 93 58 18 58 8 72 4 84 44 74 75 11 17 16 30 55 23 8 72 75 93 5 42 79 59 41 39 13 78 88 99 70 44 86 26 50 36 77 11 20 12 67 32 14 61 51 48 26 91 99 25 100 64 98 85 86 7 45 41 43 23 60 12 65 90 57 62 2 80 37 12 92 98 48 64 26 74 78 52 9 72 15 11
52 58 63 48 10 97 88 77 37 41 35 57 10 39 85 2 0 100 58 2 77 51 42 32 1 73 20 46 92 90 92 100 32 35 84 54 22 52 25 92 78 74 34 7 81 78 43 22 46 75 42 41 59 92 60 84 92 81 52 99 41 62 65 13 69 100 52 18 10 10 72 47 32 70 78 44 63 20 92 5 84 82 51 18 29 80 30 65 19 74 93 76 78 25 82 83 22 58 44 18 86 34 82 18 72 91 90 6 53 94 35 65 18 37 3 62 74 46 44 36 51 41 11 19 36 40 62 29
86 90 84 65 75 86 4 23 15 13 74 92 13 67 81 21 65 75 79 66 14 31 39 44 55 99 44 14 61 84 16 38 8 28 0 58 16 32 4 36 79 28 64 49 45 86 56 31 23 10 85 34 70 25 65 65 57 54 34 20 43 41 27 63 94 56 20 8 3 42 90 96 18 88 52 48 95 14 91 35 87 59 3 79 69 12 82 41 51 51 17 63 2 40 34 19 3 89 81 39 35 83 28 90 86 53 22 89 5 52 68 53 80 38 35 90 80 49 17 89 38 6 22 95 93 37 34 45
0 92 8 95 17 0 18 49 30 38 90 73 73 24 70 7 90 3 82 70 26 50 83 59 86 54 25 72 45 79 9 10 56 17 98 23 32 78 6 14 29 3 18 20 37 77 47 54 30 22 30 5 29 69 17 78 54 17 80 46 1 90 32 36 74 93 71 34 100 67 88 66 22 46 78 89 57 14 98 74 0 52 78 33 91 94 24 68 40 59 73 62 93 66 49 89 39 14 18 33 29 42 70 40 7 85 75 94 84 47 0 11 5 66 24 7 38 64 28 49 86 48 18 5 33 89 57 54
16 92 51 97 70 49 38 45 11 4 22 67 76 76 16 68 9 31 69 3 16 7 41 58 36 50 10 66 95 53 27 16 6 72 27 50 21 80 88 78 15 86 56 90 20 45 88 46 11 17 75 53 36 30 66 78 72 28 54 69 62 12 36 57 23 41 61 67 1 53 93 26 35 72 55 58 66 18 29 75 33 53 9 9 4 56 48 56 82 35 43 33 8 2 96 86 59 16 77 27 83 37 41 31 6 83 67 56 88 11 59 31 45 3 13 88 10 28 71 54 45 48 94 63 12 18 92 90
36 98 7 62 11 56 43 97 100 3 81 27 31 9 17 1 81 45 84 56 27 16 87 68 56 97 24 92 96 69 32 93 49 24 68 1 100 99 65 70 8 78 73 96 30 19 89 34 97 83 83 15 39 58 69 6 90 2 81 35 37 21 25 50 91 89 85 31 1 17 8 57 1 18 51 39 22 66 55 80 36 68 25 90 44 10 30 6 45 71 21 28 7 14 40 0 3 84 53 27 56 62 12 90 40 52 87 53 18 59 36 74 18 95 30 67 21 23 91 6 60 0 1 33 80 36 98 14
17 46 25 93 56 31 38 14 62 47 13 70 34 40 44 54 99 25 82 28 41 2 51 20 73 14 28 70 61 37 76 98 41 24 95 74 79 92 4 40 41 83 68 22 100 92 89 76 43 67 89 20 64 19 47 14 88 29 77 15 65 69 74 61 72 23 72 16 41 60 12 2 66 17 7 12 76 0 49 1 87 2 84 84 95 48 77 38 89 63 9 54 76 100 34 78 41 28 57 67 83 41 15 98 68 18 96 45 41 86 78 88 99 48 24 89 88 48 70 29 17 4 89 10 46 44 81 75
22 79 43 74 14 32 40 88 39 82 3 6 87 70 6 6 65 92 31 36 34 38 6 77 10 85 31 86 29 47 55 9 85 15 46 7 59 18 38 43 17 11 16 73 91 88 72 11 48 28 66 90 39 57 2 88 61 56 88 46 41 81 66 85 57 47 27 45 76 63 69 35 14 24 41 94 18 11 13 58 27 45 41 7 18 70 83 42 35 25 22 58 17 52 65 74 74 33 83 71 34 31 21 20 31 78 32 14 44 71 3 72 86 59 3 13 77 40 87 60 54 34 100 26 72 34 45 59
92 33 25 80 94 66 66 74 85 70 18 61 35 24 95 8 75 87 20 88 45 72 91 50 29 36 91 28 55 41 96 79 46 90 29 28 20 67 16 26 32 76 71 44 85 28 20 27 94 54 0 45 96 90 40 70 26 3 91 72 10 21 43 86 33 68 100 19 69 24 16 41 55 37 14 14 45 87 98 90 82 80 92 21 84 89 50 8 86 41 27 56 20 29 78 14 19 33 43 3 13 21 66 59 57 84 14 39 35 71 91 28 56 60 73 84 36 15 27 38 71 0 81 88 34 84 85 22
27 87 64 81 52 54 50 27 81 72 99 72 56 18 11 90 25 58 23 21 64 95 25 61 4 53 14 98 7 69 42 19 22 98 90 48 28 92 66 19 38 97 29 66 82 98 37 8 94 40 90 16 22 47 18 88 36 80 31 50 28 93 27 25 7 3 84 23 17 55 56 11 30 77 35 55 84 20 48 16 65 6 67 3 27 24 73 81 62 45 76 52 84 20 28 84 53 33 41 74 82 95 2 78 47 88 40 36 71 88 63 23 69 98 33 78 56 33 77 66 76 21 45 21 51 26 98 12
99 4 17 52 67 61 97 51 47 64 74 31 60 85 11 59 59 42 72 48 99 5 0 99 7 96 99 48 63 26 40 68 27 2 12 47 14 6 3 94 31 54 9 10 59 9 32 64 34 40 16 82 33 100 38 39 91 29 63 59 24 31 7 15 78 4 28 68 84 43 69 1 59 70 34 56 56 78 64 67 60 84 8 23 50 6 26 49 86 3 7 37 44 70 68 17 89 24 5 7 19 31 19 27 45 27 63 34 15 34 78 41 83 19 22 69 62 93 74 96 98 47 17 43 79 79 77 22
59 93 12 83 58 67 36 92 21 53 21 31 9 75 2 60 44 77 60 59 31 47 62 43 82 49 97 27 0 22 26 38 69 92 62 43 82 23 94 16 96 39 16 30 64 67 38 52 54 14 13 78 92 58 94 87 16 83 11 73 30 78 60 79 78 35 29 94 88 22 73 89 48 98 59 94 69 23 16 29 29 84 2 52 77 37 50 4 25 30 56 99 71 88 30 24 54 97 95 24 58 39 62 68 58 42 89 47 35 35 10 79 29 19 82 46 79 67 58 21 61 37 27 70 40 45 60 84
53 43 46 79 18 61 10 61 34 92 47 31 58 27 84 93 17 54 44 62 18 33 99 56 87 36 90 83 63 72 47 82 92 62 50 66 29 79 35 13 78 66 43 68 17 5 69 37 56 80 38 69 5 8 61 48 8 8 49 33 73 39 32 38 58 54 79 16 67 72 37 60 40 46 84 49 14 92 3 13 63 3 52 66 49 92 71 34 68 4 18 30 96 74 19 10 3 55 99 76 70 19 50 59 27 52 51 46 98 56 40 31 61 24 24 80 23 35 96 3 35 43 21 57 81 44 52 24
65 18 58 5 40 75 58 95 25 93 77 4 36 28 12 7 98 99 13 64 47 82 97 35 11 71 89 71 53 1 42 75 87 100 72 99 12 71 41 19 100 58 79 61 30 79 68 13 87 91 76 92 57 4 85 82 76 55 62 94 37 89 32 74 63 99 90 97 9 10 7 70 55 18 43 20 30 81 0 7 52 49 76 56 24 16 53 40 73 17 22 35 40 52 63 71 100 38 75 18 34 98 0 52 42 43 9 5 60 2 6 88 27 4 13 98 100 78 63 94 74 60 28 37 72 80 43 59
93 34 32 29 79 50 67 7 49 14 38 7 50 81 79 25 62 18 94 34 0 84 90 10 18 1 73 63 25 43 72 80 11 30 8 18 6 54 35 8 37 59 74 53 73 71 99 26 45 22 35 94 31 7 26 86 55 7 87 24 94 0 80 14 42 65 75 16 12 0 55 0 3 89 70 26 92 57 13 32 3 20 50 2 36 29 55 0 42 55 97 71 77 72 94 48 48 65 90 61 29 25 11 49 53 15 90 37 70 88 92 51 55 61 20 60 96 18 99 89 65 72 94 36 67 1 29 45
98 74 68 25 14 68 97 20 58 73 51 56 10 72 70 66 57 87 52 22 87 67 12 31 52 99 56 17 18 35 27 98 56 71 32 2 33 8 30 47 34 86 12 29 69 83 62 0 28 20 29 6 7 14 24 49 88 98 48 86 58 45 59 61 94 93 45 52 42 44 32 84 65 46 28 82 74 15 67 0 19 18 40 81 20 83 45 91 2 84 77 85 22 70 44 52 89 16 14 62 96 9 84 53 46 64 86 2 24 32 11 64 23 70 69 99 42 78 93 25 4 71 89 2 96 76 98 40
11 1 79 49 7 51 31 14 45 26 10 35 91 30 44 35 82 94 64 90 25 27 56 23 25 32 95 92 45 89 23 63 30 3 41 6 57 37 51 17 8 42 82 62 86 43 82 30 9 15 37 89 92 56 43 9 63 20 62 2 59 89 7 44 10 46 12 15 32 15 24 57 99 47 88 38 48 49 24 9 34 5 7 0 10 100 92 77 84 60 71 61 36 39 27 89 30 52 99 10 60 47 5 68 59 62 62 19 64 26 30 69 46 69 37 93 41 80 5 1 46 2 74 22 62 12 49 62
