20 67 70 9 24 26 27 28 84 99 86 20 33 46 33 1 82 60 68 15 42 1 49 90 25 85 85 96 70 57 33 8 38 99 15 26 5 100 72 66 70 46 65 42 72 53 23 87 74 48 23 98 32 73 6 54 88 34 11 0 32 42 33 28 4 78 73 99 76 64 79 18 82 34 64 0 47 81 75 59 87 86 76 52 81 38 47 51 39 69 66 83 19 90 40 94 50 17 50 45 5 94 16 100 63 52 58 82 76 65 74 57 14 97 90 93 72 25 98 65 60 29 6 74 85 34 64 40
12 42 69 79 64 27 86 11 54 94 6 51 97 39 66 99 11 49 81 2 26 97 16 89 27 98 75 8 43 95 83 46 19 29 13 41 97 14 93 8 51 64 73 56 76 10 97 16 81 90 32 75 72 92 87 15 3 0 31 87 53 0 55 47 28 41 92 7 67 23 98 11 33 72 38 41 83 41 76 48 17 28 66 25 72 69 21 2 24 50 48 39 6 48 99 19 53 90 45 35 21 17 25 20 50 85 4 34 42 70 39 49 59 20 40 28 1 29 0 28 99 51 6 54 45 24 77 49
15 64 27 92 53 38 8 4 90 45 19 31 92 43 86 46 56 60 27 70 49 93 67 19 83 6 30 96 81 63 93 71 46 87 11 15 88 87 14 30 66 5 29 22 40 16 94 20 77 73 15 13 30 23 86 27 64 97 4 22 5 66 49 60 10 3 86 93 36 18 82 59 83 99 90 56 48 64 84 68 38 20 1 82 58 51 18 91 87 85 14 0 43 57 22 21 54 36 88 38 70 83 51 56 57 24 65 71 28 1 3 22 6 34 54 96 66 71 9 47 53 65 29 11 91 34 67 37
36 22 92 52 23 80 40 73 21 37 83 34 1 35 79 47 17 0 88 20 16 64 45 12 30 38 70 54 98 52 32 10 19 37 65 15 30 12 44 26 77 57 56 50 21 70 60 65 70 33 1 70 59 40 52 60 5 58 26 49 40 10 15 63 45 93 44 3 48 7 47 64 30 100 49 37 0 39 5 22 41 72 54 49 9 66 54 64 12 46 93 30 92 96 87 36 95 52 16 26 78 55 86 20 50 11 83 44 82 25 87 17 100 98 80 32 52 43 84 74 32 36 83 69 32 36 52 44
81 86 22 57 43 83 74 65 1 86 16 7 55 75 97 73 54 40 37 35 89 81 91 18 3 26 93 99 50 7 60 58 49 79 89 26 69 87 63 68 71 45 67 3 30 28 19 34 53 74 66 90 71 41 9 5 80 58 20 92 9 18 5 82 9 24 92 30 52 30 1 26 3 15 38 83 36 52 35 81 29 64 6 21 67 54 85 97 88 40 23 76 82 84 49 92 46 79 81 76 50 93 3 79 93 89 94 63 46 48 45 56 59 41 32 51 91 68 96 64 67 89 7 5 14 1 68 61
96 87 31 39 16 62 73 71 86 49 99 69 84 68 7 20 25 58 43 79 7 73 65 27 45 59 82 99 94 29 80 59 98 31 57 27 8 70 42 57 43 56 71 6 33 72 25 85 82 43 39 47 4 20 33 5 100 53 76 0 66 90 81 28 47 16 54 86 44 41 37 3 39 55 78 73 22 19 76 33 99 63 87 60 100 17 61 51 13 17 63 16 43 10 4 67 56 47 7 77 64 89 13 9 95 14 99 2 43 12 91 63 53 86 64 79 48 94 83 33 21 91 79 62 13 99 12 99
13 1 19 34 74 12 92 86 11 84 73 94 88 100 13 71 6 28 1 73 61 64 65 29 50 30 4 21 10 38 59 40 57 7 8 64 71 17 100 16 35 82 77 54 13 32 12 4 51 88 73 50 48 62 47 38 15 66 53 58 91 67 26 89 9 73 99 78 31 77 42 29 58 48 85 74 90 54 61 51 78 0 3 41 35 84 83 68 47 95 23 61 96 37 6 15 91 93 4 41 59 64 78 23 85 11 97 46 12 66 45 21 15 57 1 65 25 94 72 47 2 67 6 14 27 55 73 37
99 67 77 30 71 7 93 90 72 87 17 76 61 100 41 14 95 62 44 72 9 68 80 4 43 89 48 40 75 9 80 95 63 3 14 92 57 15 82 20 17 71 61 83 62 63 51 38 10 64 45 48 68 44 0 45 96 37 86 54 51 6 76 51 68 1 100 81 22 81 58 73 79 58 80 46 28 62 38 5 78 60 85 60 57 71 85 88 17 97 38 62 14 93 13 54 50 8 32 10 73 0 67 58 28 14 58 85 30 92 24 33 88 31 50 88 81 30 59 10 42 85 14 84 43 95 9 84
60 62 90 68 45 67 35 13 28 49 78 77 85 42 92 73 90 31 36 4 46 22 12 12 57 18 96 73 79 70 29 10 6 12 50 12 10 77 22 76 34 42 2 45 75 34 0 75 71 58 95 42 40 100 60 52 1 71 82 57 65 39 63 94 95 92 46 80 59 46 34 99 31 98 24 19 46 8 24 65 100 19 12 2 95 54 88 79 99 11 3 54 57 42 18 20 8 57 75 93 64 42 48 66 33 23 91 35 11 40 62 7 30 90 27 29 97 58 69 27 70 100 97 40 93 100 40 68
58 58 8 17 16 86 29 60 62 37 45 31 97 9 60 88 5 46 18 78 27 23 24 49 45 87 55 88 93 62 16 59 76 4 66 53 80 75 91 19 12 36 57 19 48 35 97 7 53 31 61 55 9 86 96 64 1 52 95 24 95 39 73 74 70 31 76 8 11 73 78 53 93 13 83 34 35 18 27 79 48 7 92 25 86 30 56 90 59 1 8 94 91 16 28 33 63 21 71 75 74 92 100 73 63 47 81 74 67 62 91 53 2 97 0 83 3 52 72 58 94 3 34 45 18 43 65 26
88 99 83 19 9 37 86 60 41 74 15 51 7 95 60 15 50 3 71 88 65 88 33 6 93 100 66 15 96 46 25 16 2 46 50 1 42 41 48 6 6 63 57 15 6 71 2 59 67 3 83 75 18 46 65 17 84 98 61 74 78 23 29 23 62 58 75 22 36 37 42 57 46 0 70 12 29 42 58 7 78 80 89 22 75 52 79 9 2 23 45 35 87 13 85 45 42 20 56 26 57 11 2 37 86 23 24 10 99 7 34 0 4 82 23 22 11 42 70 41 48 48 20 92 31 23 80 99
54 52 66 91 20 67 71 32 73 20 67 38 4 61 36 84 32 39 89 91 24 17 92 61 27 7 71 51 69 66 36 63 41 45 43 86 34 35 65 1 80 47 83 14 30 59 62 65 14 72 39 28 32 47 36 42 60 67 1 60 84 45 83 70 40 7 91 45 5 23 79 66 43 84 80 33 33 85 61 75 65 38 36 39 3 25 59 92 16 4 38 36 17 95 20 71 87 24 97 73 7 20 24 0 44 32 69 33 29 58 21 25 92 58 75 20 1 46 49 17 66 49 36 47 43 29 69 47
83 23 86 33 7 98 61 71 48 95 95 52 45 15 57 79 45 42 15 44 83 4 75 66 97 62 15 100 55 45 13 61 11 37 62 42 81 37 10 34 79 87 97 44 82 4 88 74 13 86 82 54 72 5 37 82 21 81 25 81 45 0 98 27 49 94 91 34 37 23 59 55 63 1 23 41 87 76 59 29 28 78 97 7 41 6 34 78 13 99 87 66 82 88 75 76 91 69 58 73 21 62 71 55 77 46 11 44 96 59 45 11 17 4 92 8 91 66 69 56 60 43 21 91 23 70 53 17
67 40 11 75 86 89 92 73 50 50 11 90 13 67 65 7 74 2 46 83 57 23 3 73 15 29 85 47 27 53 88 59 11 98 81 61 23 17 35 92 47 90 15 86 3 53 81 99 66 72 8 8 40 25 80 53 42 71 68 47 85 57 65 17 59 92 5 61 22 0 92 79 14 20 1 54 55 32 76 31 64 71 73 24 81 39 62 54 46 29 0 78 36 15 85 100 85 6 77 92 23 33 9 90 19 9 73 38 11 20 10 99 10 79 72 97 90 88 81 78 70 35 39 88 98 43 80 93
46 30 60 41 29 41 15 92 99 95 88 89 21 98 96 84 74 60 63 25 4 1 26 58 76 5 8 1 40 74 77 69 97 92 94 23 78 1 61 10 37 1 81 79 80 98 16 7 74 39 29 76 15 26 75 69 59 59 92 100 46 83 100 68 4 88 64 84 52 56 41 30 50 15 70 98 92 23 91 47 33 47 39 55 95 51 72 77 48 8 63 53 87 26 32 13 42 20 65 39 64 55 89 24 57 24 30 72 27 9 24 48 25 66 14 4 35 15 13 79 34 79 85 66 7 0 40 20
47 8 31 30 53 25 53 31 66 3 85 71 65 91 34 20 51 21 8 45 42 48 77 81 92 97 31 67 65 67 79 70 22 24 86 45 1 70 99 64 20 43 58 69 94 78 62 85 17 39 6 76 13 12 24 30 86 43 55 37 85 52 52 61 34 30 28 52 45 63 56 98 46 26 80 89 2 72 22 35 98 79 44 44 4 84 21 95 49 87 11 5 86 2 4 45 61 8 77 78 78 32 21 94 67 32 91 8 27 59 47 30 45 0 88 41 80 2 59 52 76 95 50 55 3 10 92 36
0 26 44 89 55 12 12 1 85 70 61 46 57 66 99 21 6 45 17 83 14 89 22 68 9 72 12 17 51 71 47 54 22 90 73 14 50 54 69 86 97 37 78 5 27 74 33 16 30 6 90 1 83 69 34 14 87 45 86 4 30 5 30 96 19 40 100 51 46 62 43 50 44 63 80 36 3 87 16 42 7 59 55 86 36 29 46 4 16 62 63 53 92 12 6 3 6 63 45 99 49 58 73 73 61 95 24 24 88 59 13 13 32 40 30 11 59 17 62 16 7 15 65 26 12 61 74 49
81 79 72 15 66 48 75 40 93 89 72 91 85 12 24 5 12 82 25 83 20 64 21 12 54 10 100 38 49 100 86 91 54 17 33 35 39 6 54 0 10 12 36 22 53 10 13 85 14 44 82 94 34 29 75 1 59 24 49 18 16 52 54 11 100 30 17 5 83 96 96 70 99 96 18 49 18 93 1 21 1 89 15 0 49 59 47 16 3 73 94 0 65 23 20 0 58 55 87 95 1 75 81 70 1 8 36 11 42 24 84 58 6 52 90 54 47 40 4 1 10 40 97 100 57 23 100 75
53 67 15 73 84 7 51 10 13 32 75 83 71 82 93 28 92 66 99 34 72 61 76 93 42 51 96 65 12 42 33 16 12 58 48 31 9 62 87 5 60 99 30 44 95 86 39 59 51 39 18 84 65 5 61 63 44 61 50 54 43 100 75 78 29 19 34 57 63 76 12 3 87 34 12 79 39 30 1 62 99 89 92 77 34 25 78 33 57 69 2 69 31 20 53 75 85 85 73 67 64 9 77 80 41 57 35 93 39 95 33 71 87 31 58 52 91 65 59 43 19 78 89 53 27 17 72 86
52 100 1 23 69 0 97 15 99 42 65 15 42 63 6 73 62 27 76 47 60 78 79 62 90 71 28 96 86 94 82 55 71 62 35 91 53 5 0 33 41 28 64 91 58 73 18 83 43 11 92 65 25 24 10 88 32 74 70 12 68 89 27 49 84 84 47 69 38 12 80 20 21 43 54 26 54 22 98 41 61 82 72 5 37 92 99 49 32 70 15 44 73 51 95 86 57 60 28 31 32 7 71 80 5 26 4 91 74 69 68 98 38 78 10 37 31 32 40 39 24 34 62 96 64 45 35 2
94 89 24 40 68 4 1 65 39 71 14 65 81 37 50 77 49 38 72 93 80 60 9 78 25 6 56 88 36 89 63 47 60 99 21 69 38 3 86 42 26 33 84 21 93 84 87 33 61 63 100 35 42 20 25 3 18 100 71 27 35 23 82 30 11 70 38 33 61 46 97 4 59 26 9 82 7 74 8 53 53 13 68 63 58 31 60 72 35 76 23 49 23 47 33 33 97 46 5 27 57 90 2 47 67 17 36 0 80 62 16 80 49 81 72 0 5 25 28 5 88 24 87 40 99 22 69 55
50 18 12 47 46 59 79 24 12 100 3 36 25 22 75 20 30 32 73 75 56 27 48 86 69 34 37 78 82 2 69 1 81 3 75 34 44 39 39 5 43 48 48 73 84 33 60 80 23 25 3 4 82 75 50 37 4 43 64 43 5 37 35 56 74 43 8 12 13 84 57 12 84 40 93 98 31 68 12 95 44 60 56 75 10 62 59 44 2 15 84 48 0 98 79 18 12 18 18 94 48 64 65 22 94 29 38 2 93 49 43 8 44 69 54 96 1 35 18 67 56 54 16 80 37 76 99 69
100 75 66 91 12 2 76 77 26 22 96 33 66 59 83 51 10 53 50 38 81 78 27 49 43 16 63 14 53 12 7 92 84 24 81 2 50 7 53 34 51 99 95 67 47 78 52 38 3 11 43 33 80 42 54 69 48 61 13 18 19 96 58 56 56 5 80 49 5 94 73 62 46 8 0 98 3 32 68 60 20 16 76 67 47 44 90 72 79 66 59 25 95 78 82 66 21 5 11 4 97 48 90 29 25 77 66 30 43 23 75 58 94 59 60 50 25 64 9 15 1 42 94 59 32 78 54 25
100 47 24 15 84 68 71 81 97 58 70 2 35 89 17 73 3 68 23 47 29 49 58 5 17 55 66 100 18 32 16 7 43 45 38 85 98 47 37 71 21 18 48 86 27 73 96 97 79 61 95 74 1 53 54 25 7 42 7 2 84 19 52 78 84 45 5 34 0 40 57 21 45 8 45 86 78 40 97 64 68 10 34 99 27 78 96 77 59 30 49 54 70 82 49 48 17 10 66 80 70 37 64 1 15 6 63 15 20 29 48 30 91 2 55 36 91 88 24 1 3 60 85 82 66 13 56 84
32 57 74 5 9 17 54 91 23 3 61 37 74 74 12 5 10 84 63 17 30 54 8 84 52 3 18 98 16 10 56 17 4 92 35 20 21 46 97 79 82 60 55 79 91 77 96 76 8 59 52 12 36 78 65 1 51 89 59 41 77 95 70 76 27 16 62 20 44 83 81 39 71 85 99 15 46 8 7 28 79 84 77 72 6 4 29 57 7 58 34 42 86 90 4 75 93 92 68 24 77 6 56 70 18 42 27 26 65 98 67 21 36 72 33 81 86 89 94 23 58 20 50 87 58 7 100 40
56 28 45 56 71 39 46 18 39 11 25 88 21 9 46 42 62 31 32 97 92 79 31 39 44 49 71 78 81 66 58 55 96 87 14 24 43 65 30 32 60 48 18 35 18 50 50 77 6 52 52 77 24 60 22 88 38 2 42 85 70 31 65 66 88 88 61 91 91 7 90 95 17 29 22 67 98 63 50 47 67 43 24 40 100 70 97 42 58 89 37 2 99 63 36 18 5 5 79 72 91 72 96 91 21 2 85 8 99 41 51 77 40 39 54 2 29 19 10 49 55 92 80 55 48 29 11 50
73 14 21 84 71 16 90 52 87 76 12 66 82 76 66 4 30 81 17 4 93 14 44 70 41 31 89 81 1 82 45 13 37 65 13 56 64 75 72 72 61 25 68 94 36 51 68 84 94 91 89 4 88 80 32 22 27 97 98 27 23 29 13 92 67 61 50 3 34 57 57 59 62 34 73 53 13 35 60 0 75 39 6 81 43 93 82 21 71 74 32 59 16 82 50 39 100 100 1 88 83 26 63 99 35 50 89 29 16 90 62 46 41 93 16 91 70 72 50 78 25 45 100 82 65 88 65 87
81 2 6 64 0 54 30 53 61 16 5 56 14 15 66 34 7 52 69 71 16 54 53 40 81 90 90 69 89 39 21 99 56 19 30 98 97 90 21 1 49 4 65 48 42 72 89 13 4 90 5 26 92 91 96 20 91 46 69 17 49 14 0 71 87 19 13 98 67 34 9 54 3 4 72 63 65 65 56 91 24 54 2 70 21 95 0 95 66 52 82 95 32 39 60 6 80 20 90 78 78 2 9 1 96 8 25 76 52 21 49 10 82 53 90 75 44 8 58 63 86 6 3 50 20 63 71 97
84 74 27 40 62 51 6 73 57 18 15 17 32 25 81 17 20 39 1 77 74 30 36 44 39 79 10 94 34 53 90 91 62 88 31 91 56 63 53 4 88 46 5 53 3 0 37 73 99 64 42 33 70 79 55 61 92 39 36 94 73 100 9 26 60 8 79 31 9 33 70 38 18 73 8 99 3 32 87 86 88 10 6 55 30 65 51 35 12 38 65 15 51 10 70 22 21 97 13 63 22 41 78 33 81 8 83 74 38 28 9 36 51 57 20 31 74 94 67 0 81 35 24 41 0 43 94 93
69 41 1 33 1 61 3 17 46 26 59 97 27 23 70 76 70 86 99 63 2 75 67 56 41 49 80 37 36 66 37 64 26 30 15 80 22 53 14 39 21 80 21 35 81 91 44 88 8 56 61 51 54 2 55 13 28 21 21 64 93 88 33 76 74 50 50 94 74 66 19 100 93 55 76 83 26 19 50 57 73 27 34 31 38 96 35 77 95 33 92 99 83 49 98 49 52 25 30 55 73 53 19 83 55 37 88 54 96 47 1 36 1 70 69 32 59 92 17 20 98 77 76 40 31 20 41 45
83 9 13 44 1 24 70 32 20 86 59 97 65 50 69 90 78 2 85 72 58 23 100 59 7 66 87 55 65 84 21 82 58 80 90 17 71 24 32 62 53 48 84 65 26 90 29 54 14 44 61 16 70 84 90 25 10 13 92 8 8 33 72 20 68 96 81 9 87 71 81 15 44 56 43 35 3 48 84 91 96 62 24 12 12 81 45 74 36 79 32 64 3 55 90 65 59 49 86 94 96 56 14 46 44 23 41 60 72 95 37 58 20 71 9 7 41 68 45 78 75 41 11 43 70 55 14 32
49 80 10 29 40 41 38 27 39 60 79 56 85 98 12 54 66 50 20 17 76 42 83 100 29 57 15 17 21 75 29 49 52 29 3 41 65 46 46 17 88 26 7 97 10 4 23 100 24 60 36 18 98 14 22 50 42 97 61 90 17 79 78 34 5 74 7 12 20 4 2 71 62 93 89 81 38 41 14 91 96 33 40 75 82 78 81 56 100 100 54 46 88 71 81 84 72 75 23 88 58 35 94 20 18 15 23 59 92 30 63 73 14 100 69 27 96 88 68 79 15 56 74 96 70 45 31 75
5 43 10 78 26 24 47 6 40 14 96 84 19 78 51 38 69 90 49 97 1 98 91 80 47 27 18 9 64 33 54 75 66 38 81 43 18 22 52 95 43 0 21 78 82 41 20 7 19 39 20 2 67 15 13 33 28 89 94 58 77 19 78 96 28 37 55 55 55 42 84 88 50 41 70 16 61 90 46 56 10 96 43 61 32 45 73 19 41 59 28 39 64 51 7 20 36 25 46 91 92 48 92 29 99 34 94 12 96 23 52 3 16 5 96 74 96 81 37 1 99 80 19 4 71 56 76 86
87 85 38 81 85 46 92 83 17 97 34 5 29 53 4 77 8 28 94 94 86 22 34 49 98 40 52 49 77 79 89 92 30 56 31 49 20 60 58 19 99 88 36 20 31 59 33 38 30 67 55 79 16 7 60 7 23 65 44 27 28 63 26 0 95 45 39 79 75 11 55 14 10 50 30 62 27 85 15 52 58 97 61 90 100 70 1 18 47 2 28 100 82 56 32 42 96 11 57 9 90 84 98 6 72 88 31 86 91 20 85 13 30 65 99 80 4 39 57 53 55 14 62 9 33 85 52 62
36 78 26 76 28 24 44 8 30 54 72 0 97 70 87 91 72 69 60 55 41 41 82 89 24 72 43 87 22 56 45 80 60 68 79 54 4 0 39 79 0 81 81 8 88 78 10 53 48 64 89 31 92 39 30 46 6 73 88 13 28 5 27 61 58 82 33 26 88 25 70 47 49 60 31 93 76 53 4 20 43 17 55 65 34 68 14 91 20 79 4 23 69 23 94 93 66 95 98 74 94 33 8 97 0 18 34 53 89 40 74 96 49 63 80 6 74 86 7 96 48 30 42 89 93 62 76 44
49 20 17 51 76 62 9 31 18 13 74 41 50 56 50 79 30 96 77 97 77 80 84 45 55 53 98 81 42 69 4 64 34 43 38 0 0 50 55 43 46 68 7 78 42 42 56 76 39 100 87 22 6 57 70 23 61 12 94 11 9 23 84 94 82 37 79 44 66 78 54 89 25 49 25 83 59 50 2 49 75 29 28 42 92 21 50 77 15 15 83 51 29 62 63 19 51 93 47 80 98 55 85 1 35 86 60 74 61 75 46 32 22 41 72 46 34 5 29 4 86 3 93 37 61 51 84 71
48 64 39 89 86 79 41 83 80 66 27 74 31 21 46 44 39 51 61 47 88 90 19 81 12 89 32 7 51 8 71 95 43 53 47 49 2 14 38 22 93 43 61 80 10 17 17 44 19 76 94 36 68 66 34 2 55 18 28 31 43 4 18 43 81 89 80 92 99 78 25 74 26 83 90 80 39 63 20 55 4 71 24 45 30 35 88 83 95 7 5 11 68 88 93 62 50 65 26 97 38 68 2 14 59 16 23 65 1 22 0 84 43 82 43 34 27 43 6 90 95 40 47 2 83 10 100 40
2 49 1 71 19 41 96 39 45 50 87 49 85 55 42 49 25 90 58 16 53 82 56 64 94 8 11 98 95 54 94 14 23 50 70 89 63 99 11 97 35 62 14 97 30 25 6 38 68 74 77 18 6 67 96 29 45 79 92 78 99 54 29 37 1 16 45 49 88 17 87 91 82 30 99 12 9 75 77 42 44 30 98 68 40 9 33 67 60 96 29 59 89 87 6 43 39 63 35 42 21 27 5 4 96 54 72 41 57 85 56 81 56 54 67 85 30 2 27 52 3 89 5 61 0 29 8 95
98 32 70 20 63 30 54 75 95 95 98 7 90 94 40 74 28 25 9 41 29 95 29 32 16 45 20 80 16 74 86 74 15 20 69 74 86 2 78 63 16 16 71 47 22 6 83 38 39 38 90 82 37 51 76 18 31 81 53 86 72 86 39 17 99 53 57 25 80 99 35 40 5 14 93 63 31 66 22 63 38 34 85 48 69 71 76 29 79 50 100 47 89 83 87 92 13 9 92 88 21 79 24 40 97 73 85 59 51 34 9 47 68 99 90 37 54 46 98 11 84 21 73 25 13 58 17 84
51 63 1 6 96 5 39 56 98 9 9 7 18 16 0 3 45 13 56 57 78 91 35 76 61 85 66 56 15 89 41 61 67 30 39 36 19 89 69 35 8 58 70 25 15 57 41 7 73 62 47 82 23 70 21 16 95 95 19 30 81 94 52 21 48 34 5 96 25 37 57 26 77 58 14 6 23 9 20 37 47 86 8 78 49 68 6 77 47 21 20 42 51 0 21 68 67 50 29 99 38 0 65 85 74 93 45 87 51 14 52 55 62 42 67 57 68 29 96 62 27 86 28 53 75 73 41 84
92 64 48 22 78 72 3 96 26 62 42 46 1 49 90 93 41 64 77 37 61 90 82 33 48 50 46 71 74 38 93 58 11 41 47 54 56 14 37 64 91 6 22 40 77 90 99 95 37 26 91 90 67 96 63 53 77 23 42 2 95 13 72 45 23 45 95 80 5 95 11 12 82 69 43 56 57 4 4 13 54 93 78 7 64 42 69 3 49 83 84 21 7 2 32 22 2 36 36 77 63 98 29 82 23 97 41 79 57 65 24 23 72 82 36 49 99 28 59 95 31 17 62 85 50 10 85 25
0 86 90 89 19 10 17 47 1 60 21 52 86 57 2 81 30 28 22 2 38 70 3 83 20 50 88 55 88 78 62 95 15 61 64 29 92 31 70 61 55 37 47 97 6 33 83 82 11 61 96 69 39 26 2 37 95 50 86 9 94 92 88 1 41 2 9 44 28 74 82 11 62 53 2 33 19 76 32 90 81 37 27 56 37 89 15 21 88 90 84 53 34 49 53 49 46 37 27 35 68 100 98 83 93 14 5 86 35 31 34 64 31 98 19 60 53 8 6 22 33 59 10 84 15 68 1 50
57 51 9 98 68 47 52 91 71 3 85 75 62 16 53 89 18 46 17 63 23 94 91 25 18 94 15 67 96 49 11 78 58 94 72 94 18 15 47 89 94 60 4 25 0 37 48 79 60 19 37 12 42 79 61 43 80 86 93 59 96 13 61 40 76 72 89 82 24 87 99 46 21 64 26 77 9 75 98 7 95 0 84 82 65 90 93 16 9 16 78 70 78 32 23 45 20 58 78 69 6 97 19 69 99 68 81 92 75 55 80 47 49 1 23 56 19 90 88 4 63 38 28 47 82 29 8 62
89 73 59 16 9 47 33 28 85 30 14 10 100 76 52 8 15 61 2 89 17 14 1 18 25 72 53 30 69 73 0 10 37 16 31 50 89 2 24 86 3 72 38 99 76 96 63 81 45 62 30 84 4 59 71 71 28 56 62 55 90 73 79 38 97 85 57 14 39 20 23 35 43 53 63 47 25 75 61 38 92 9 74 60 75 18 25 3 3 16 92 40 19 13 37 2 28 56 26 97 3 68 64 77 5 54 26 25 20 76 65 91 18 25 10 61 89 46 36 4 52 88 89 11 95 5 77 62
40 68 30 65 24 18 64 72 7 1 41 87 65 92 67 25 11 68 30 50 32 38 17 27 78 41 98 77 45 86 38 53 17 69 87 78 76 18 89 25 32 34 76 69 68 18 31 23 42 74 29 61 41 24 92 1 44 11 45 17 23 4 9 30 88 15 67 1 30 68 37 21 62 53 81 4 3 3 62 45 2 50 56 19 21 63 6 88 92 31 60 79 66 46 97 62 94 87 81 2 87 18 72 53 66 29 22 29 96 100 57 14 70 95 71 29 89 37 59 12 10 25 90 93 90 95 14 30
58 76 94 89 20 7 74 99 32 47 20 32 57 23 74 75 57 32 41 96 90 88 99 83 12 74 53 55 53 39 1 43 9 63 100 77 67 77 9 70 24 61 30 40 23 63 12 42 75 78 35 72 80 52 99 57 46 81 85 43 71 77 82 91 88 70 63 49 62 62 59 61 47 89 67 82 5 11 40 36 43 52 92 54 83 98 17 17 95 6 56 84 83 52 100 40 38 23 85 11 12 39 80 82 70 59 32 5 2 92 69 0 73 83 91 94 7 72 21 68 7 67 88 25 27 47 90 85
1 3 64 98 91 99 75 49 58 17 91 16 100 37 75 36 76 68 62 57 13 5 32 7 9 3 32 34 40 62 54 91 46 1 89 37 95 47 27 61 34 28 4 45 96 98 39 64 38 53 94 40 26 1 34 19 88 85 18 24 59 66 13 30 35 30 90 49 65 75 98 13 80 98 66 56 14 37 25 59 53 36 16 25 19 15 9 43 55 78 68 81 17 42 58 54 34 37 89 59 95 79 3 72 86 97 84 85 12 14 16 15 87 61 21 94 59 44 67 54 47 50 36 74 81 69 47 9
86 45 72 74 10 50 82 41 30 66 86 60 35 67 54 21 39 23 79 89 22 49 58 71 71 11 98 12 70 94 38 31 28 61 63 51 30 21 71 50 0 96 62 84 6 3 3 27 2 13 71 90 59 17 64 28 62 52 50 50 26 16 26 18 15 3 93 52 31 14 10 64 25 76 85 57 98 70 18 87 47 100 77 7 2 90 29 76 71 48 64 28 30 61 54 75 72 10 20 0 36 36 92 17 42 66 60 3 30 25 33 35 71 77 15 30 40 98 1 87 45 74 88 4 3 52 31 73
91 94 34 82 99 53 96 34 26 62 35 5 22 16 63 100 79 97 40 10 33 59 50 82 0 38 93 60 83 52 20 20 34 69 95 49 43 9 80 12 58 16 97 30 76 36 80 75 93 28 50 86 87 24 59 98 47 66 15 80 87 6 65 6 2 74 51 11 44 57 82 52 21 63 25 77 70 18 82 47 88 93 63 95 11 11 2 45 19 42 99 22 90 8 55 53 81 58 55 53 48 32 44 18 2 47 81 80 87 73 97 2 62 3 31 94 97 91 51 38 15 86 28 57 53 37 37 90
14 95 26 4 75 36 58 19 27 75 100 95 60 90 71 51 67 15 22 14 10 59 73 10 79 0 14 55 89 98 50 87 1 96 19 44 33 72 88 11 87 59 32 9 13 63 76 46 35 66 41 7 12 63 53 79 21 18 88 21 91 84 87 17 40 50 58 86 73 48 48 91 81 55 58 6 48 42 94 75 100 7 84 0 24 17 52 52 21 16 12 12 32 44 72 11 66 72 83 35 23 70 34 7 47 91 28 79 3 31 7 14 87 28 4 79 13 94 11 25 36 99 54 23 55 18 95 75
41 56 43 22 30 29 73 39 98 90 8 4 20 59 56 30 93 87 5 2 3 14 31 13 76 42 16 96 32 32 11 60 0 59 76 70 89 57 46 55 17 16 32 2 14 58 19 31 67 80 78 92 62 52 59 47 37 87 47 67 21 60 13 73 51 81 78 51 66 36 85 93 40 20 55 46 21 14 94 73 47 89 32 12 50 55 88 32 100 47 6 65 56 20 40 0 59 2 47 41 86 38 96 72 80 31 27 64 50 66 83 54 4 92 80 57 81 91 3 38 36 69 98 17 29 3 30 36
25 70 81 15 78 95 89 50 65 89 96 60 38 60 57 87 74 47 40 65 38 8 61 93 63 49 12 6 84 64 8 25 50 81 71 23 81 93 40 51 14 61 97 20 56 67 9 30 82 22 93 70 12 58 92 29 2 19 87 37 19 14 50 49 50 68 23 72 45 98 55 63 5 84 96 46 74 93 13 67 12 19 56 50 90 23 59 74 12 6 40 9 19 10 46 90 27 13 80 79 29 40 39 45 42 37 38 65 76 99 70 4 89 77 16 15 85 45 89 62 38 16 76 16 21 13 75 98
36 89 31 7 91 62 23 8 32 2 3 3 45 28 23 55 67 79 15 53 78 67 80 83 26 29 10 43 68 74 85 49 61 34 21 36 61 57 11 31 52 88 33 80 58 47 40 12 43 61 49 11 18 22 85 23 56 18 7 87 13 21 4 65 19 87 26 74 37 45 1 18 60 76 36 45 46 48 55 32 5 32 63 53 25 59 5 14 38 51 38 81 99 12 73 55 17 23 41 14 5 61 40 33 95 95 36 85 1 73 72 12 69 24 25 33 72 64 62 33 68 69 15 37 25 54 28 56
0 13 87 40 21 90 83 32 86 88 86 5 59 95 6 79 14 23 32 17 86 58 73 76 74 63 53 0 64 51 79 35 46 57 22 52 90 77 76 43 59 2 97 7 77 55 85 66 59 29 82 32 6 100 13 94 81 87 66 46 81 88 44 10 91 67 68 21 31 20 95 81 46 45 79 11 65 99 79 13 45 98 23 13 91 45 13 60 53 99 27 21 86 43 25 76 3 26 17 79 53 69 26 98 53 23 72 10 50 21 95 79 41 79 40 19 8 62 66 98 69 16 63 42 85 73 36 8
80 37 12 11 36 69 74 20 8 15 74 35 80 87 75 36 22 97 71 85 87 62 80 82 49 86 16 90 58 83 43 83 99 37 78 64 94 92 11 8 63 66 57 83 33 87 83 66 94 36 63 98 73 51 78 58 49 9 1 26 78 13 9 68 22 72 22 24 9 27 90 67 75 44 5 17 74 72 93 53 3 0 3 17 93 74 33 9 5 15 34 60 13 75 17 52 61 8 62 39 62 6 31 91 44 22 17 49 9 29 73 80 19 38 50 57 10 98 13 69 78 54 54 46 14 64 83 1
21 66 16 83 8 18 2 14 92 14 22 4 90 62 71 31 71 8 96 30 92 98 50 47 77 5 48 6 11 99 28 44 4 59 82 24 96 18 43 44 3 45 69 78 8 76 91 57 50 90 8 65 77 81 93 47 100 40 77 64 64 60 40 34 5 50 87 7 76 33 77 49 38 43 88 83 20 75 2 79 78 94 6 22 40 77 64 82 99 94 29 48 88 31 17 67 82 22 63 74 31 0 79 67 6 88 60 74 53 67 51 60 4 37 71 73 2 3 42 16 36 70 12 22 1 100 76 66
27 96 12 90 44 87 52 53 81 90 1 39 73 0 96 48 57 6 89 17 34 27 58 85 7 14 72 44 55 94 39 78 90 18 8 83 81 53 65 53 41 28 73 67 74 89 38 12 8 75 78 92 35 99 70 94 81 79 13 57 32 52 92 49 84 17 23 92 15 0 3 71 52 78 49 77 59 25 34 63 47 77 5 26 42 94 48 38 99 38 92 38 43 21 12 75 83 47 79 82 34 83 2 52 42 63 81 26 45 57 41 54 35 31 50 49 50 52 97 59 3 58 93 46 29 94 98 66
73 32 33 11 47 14 36 62 84 6 6 55 83 47 27 76 47 96 23 7 89 50 29 25 61 4 91 32 12 64 20 82 26 11 27 97 50 3 59 53 38 8 69 96 81 61 82 61 76 34 48 10 15 89 9 92 32 90 97 9 71 34 56 84 94 6 24 61 89 50 59 48 71 34 73 95 76 15 50 10 70 11 82 81 32 70 46 37 15 11 79 20 77 37 83 59 54 29 43 21 42 67 1 93 94 17 48 26 59 71 72 13 99 41 34 60 15 19 17 54 35 64 43 1 71 34 62 24
50 71 94 48 44 36 58 50 86 69 94 97 35 66 77 68 44 53 99 0 37 5 53 12 71 91 20 42 35 73 74 39 46 74 65 34 87 51 78 60 36 97 18 27 61 60 21 39 31 22 12 0 33 4 49 85 26 86 76 35 92 47 45 97 7 48 19 41 62 95 61 52 29 31 39 99 81 78 5 20 76 44 95 25 99 20 66 63 10 53 67 32 41 21 67 55 66 67 2 51 58 72 93 49 87 66 66 14 14 64 78 95 73 39 40 83 92 20 61 89 59 44 82 20 92 20 96 51
43 81 95 96 15 79 23 91 59 2 47 46 36 51 41 65 40 9 42 73 99 71 76 27 98 15 26 28 58 83 82 87 88 70 43 88 17 53 73 50 33 71 12 79 84 20 88 20 30 15 20 61 48 73 19 22 16 5 35 35 57 20 49 94 16 85 8 38 36 40 9 69 22 66 89 26 41 86 68 38 98 9 48 0 47 99 12 80 80 92 82 100 37 30 73 42 52 61 50 36 38 58 28 87 77 50 30 86 63 41 17 83 41 29 25 35 59 8 20 68 21 1 95 55 33 20 64 61
74 52 27 12 53 90 30 90 6 40 87 96 11 47 20 51 27 30 80 51 53 59 48 71 7 38 67 4 29 54 59 28 73 6 85 74 6 41 71 17 94 31 8 62 18 39 98 3 26 99 44 89 21 87 28 92 11 100 98 1 7 38 88 83 37 57 66 11 72 47 41 91 49 0 0 62 38 53 35 51 62 60 32 84 56 27 40 87 94 30 75 73 43 1 33 69 49 94 95 57 94 94 19 31 59 18 78 73 58 50 62 20 34 96 22 50 50 3 9 8 64 10 9 23 18 76 85 36
85 12 12 71 94 11 58 100 42 33 100 91 98 93 6 78 39 0 40 26 40 50 82 33 81 51 86 81 74 8 5 67 51 14 13 47 82 17 3 62 64 4 35 29 31 9 39 35 8 44 87 82 78 10 17 62 56 11 62 96 92 75 58 99 61 18 81 53 85 100 12 74 59 74 57 44 99 64 22 74 88 68 57 33 14 63 38 50 46 93 20 9 45 18 95 6 80 48 34 51 46 84 86 97 83 43 82 47 11 22 45 91 78 87 76 53 42 27 49 97 38 98 95 47 3 0 87 13
42 8 95 23 41 70 48 16 36 72 78 67 9 42 1 90 97 6 56 85 17 95 71 43 25 58 21 7 53 32 25 93 9 99 60 2 66 24 50 13 13 38 28 6 79 91 57 1 81 65 11 15 37 74 45 56 9 94 71 83 61 56 64 27 61 14 53 53 43 71 56 95 26 85 46 75 21 4 16 11 44 84 55 26 75 98 23 17 29 41 23 5 28 44 33 8 26 22 57 84 92 74 76 3 25 3 89 93 55 100 53 47 35 65 80 29 20 1 90 75 80 53 0 57 16 77 24 43
21 91 23 10 100 50 94 36 58 62 94 27 63 41 6 14 88 51 36 88 56 7 3 25 20 91 45 15 93 73 81 37 22 86 95 87 38 8 1 58 82 39 100 72 69 65 6 54 43 91 86 50 7 75 39 94 55 89 13 80 30 63 62 99 41 68 68 13 25 20 31 38 33 12 69 94 5 32 60 78 49 50 86 69 85 20 17 14 81 60 18 74 75 51 45 1 13 10 77 57 66 77 90 8 74 1 26 17 71 100 74 2 51 52 82 6 37 15 97 1 55 86 92 4 73 90 36 45
82 58 48 5 98 53 26 8 85 11 93 81 36 49 5 19 12 33 100 12 39 71 26 62 31 60 26 20 79 71 13 70 57 42 1 1 59 52 5 95 90 99 39 30 21 44 73 97 66 57 11 70 12 7 57 96 11 48 31 56 4 26 82 72 44 93 100 88 85 25 13 94 80 23 38 15 11 6 8 24 93 13 38 36 83 21 40 68 93 64 77 87 22 22 96 44 48 18 39 84 96 77 29 24 69 9 33 56 17 18 21 51 100 82 84 86 44 21 35 42 72 33 53 32 51 26 27 34
79 78 91 84 87 66 34 100 23 13 72 85 39 81 18 35 92 36 80 57 50 97 22 79 16 3 69 32 18 25 28 16 56 53 45 82 1 38 55 91 16 31 88 17 65 66 61 12 70 15 66 23 17 100 61 27 13 78 52 12 77 95 83 31 64 12 78 52 10 17 43 41 23 94 17 73 91 18 11 60 74 78 99 41 57 87 28 27 26 58 42 79 62 49 43 78 2 49 21 63 38 58 86 46 46 85 2 15 59 93 85 97 28 46 45 23 14 69 58 26 27 48 90 14 41 4 21 12
73 65 82 33 33 29 51 77 41 55 47 83 64 66 56 81 80 71 97 81 72 27 33 74 73 68 55 98 33 95 49 87 81 73 42 65 45 52 78 39 10 35 5 77 66 58 43 89 6 52 1 32 96 6 83 71 54 87 94 17 87 35 5 41 61 73 27 83 54 43 84 43 33 57 92 58 44 61 3 45 81 16 94 52 42 98 18 93 53 42 28 24 30 31 55 26 54 47 36 17 70 39 92 40 55 21 11 43 26 33 51 71 0 79 88 68 77 3 59 71 81 10 34 0 47 10 21 52
82 33 32 29 79 98 74 72 55 76 54 83 86 83 40 21 10 27 86 47 49 2 82 36 84 23 71 35 23 62 69 96 22 8 28 3 35 12 51 88 36 63 8 65 53 7 82 36 31 71 18 67 21 14 66 67 98 74 36 52 17 25 57 68 65 24 1 61 57 66 5 4 92 84 0 27 54 58 90 12 37 24 17 88 48 99 38 68 37 3 65 8 38 7 31 47 35 18 3 2 47 71 42 3 28 99 64 72 46 93 89 63 9 37 65 34 73 0 58 36 71 47 12 54 81 28 52 30
48 42 100 1 42 10 50 66 38 77 21 26 93 25 54 23 75 25 79 98 79 89 53 40 96 14 51 83 28 63 71 57 12 68 33 33 47 2 93 21 87 81 2 25 12 88 49 16 85 70 99 13 96 35 63 87 23 71 89 13 57 96 30 8 63 73 56 46 49 100 69 59 14 34 77 77 44 29 30 61 78 64 7 2 86 96 22 53 8 58 94 4 35 57 53 55 40 76 19 80 38 70 15 85 69 62 89 95 66 61 71 73 55 87 65 12 88 95 22 19 56 78 84 94 87 37 57 45
25 14 60 85 36 86 63 18 66 3 37 33 41 66 65 81 99 60 65 56 76 79 87 2 95 76 80 68 53 59 16 71 36 74 10 19 82 71 77 59 89 75 57 98 22 63 48 33 37 66 78 57 9 77 79 9 4 96 58 92 25 53 61 45 71 28 13 22 41 70 87 61 23 4 16 51 6 93 94 9 97 17 15 87 62 87 67 68 12 1 39 45 67 96 6 50 38 23 58 94 14 14 90 79 86 71 80 31 54 65 58 36 89 79 79 5 9 13 54 11 58 96 74 31 75 15 42 8
55 83 44 86 8 58 20 88 59 31 22 6 57 25 41 71 52 85 96 39 65 60 92 38 18 11 59 45 32 31 30 17 11 16 13 93 90 96 25 42 22 43 7 57 71 84 30 53 66 3 12 83 5 70 63 92 55 68 56 10 68 50 8 68 46 19 38 97 50 49 67 12 92 76 13 14 96 28 80 24 54 99 38 8 44 29 50 46 50 95 82 28 3 41 36 73 22 6 75 7 14 48 31 46 45 85 62 46 89 70 89 83 25 38 72 41 26 76 39 52 15 57 79 50 44 67 1 5
6 76 7 58 57 72 72 54 63 10 64 38 59 33 42 11 65 28 92 96 11 42 2 84 2 49 78 78 91 11 53 10 30 98 27 93 70 49 89 93 61 1 22 88 93 52 81 100 34 38 54 84 40 73 62 80 33 55 34 96 53 86 14 2 35 75 3 12 67 22 38 49 92 64 65 58 95 77 69 74 60 5 93 23 17 38 18 52 95 41 90 99 4 86 92 95 79 91 44 80 36 43 14 40 81 9 66 48 58 42 28 27 89 41 55 6 18 60 37 55 51 88 5 43 48 23 3 14
96 28 32 46 34 52 97 51 96 86 17 23 90 99 35 52 3 45 74 12 47 62 67 58 25 50 86 6 34 86 96 93 38 85 41 77 96 67 3 68 49 39 8 25 26 92 42 41 3 88 13 37 10 65 71 11 64 22 86 92 0 100 19 98 14 8 93 24 80 20 37 0 2 3 75 9 70 3 45 54 46 66 16 11 17 52 72 79 98 6 26 11 9 83 58 40 8 45 97 38 2 96 9 66 69 47 93 99 83 16 59 57 88 66 18 62 22 67 0 99 89 38 0 54 52 42 74 68
91 36 100 21 39 32 25 79 52 42 84 24 41 4 48 100 47 60 38 24 98 9 25 48 85 94 27 89 88 24 92 88 82 89 19 86 9 78 9 88 83 67 80 62 44 7 100 50 9 12 35 11 81 50 21 29 10 85 82 93 74 43 84 15 39 0 76 33 2 80 23 82 92 60 85 40 72 35 12 78 84 57 70 56 19 32 52 0 38 31 16 80 37 93 30 48 62 28 86 88 17 99 31 29 45 43 21 22 17 96 97 94 28 8 34 42 23 84 62 18 33 65 63 16 100 8 53 7
24 0 91 59 9 57 89 35 23 88 35 21 53 78 59 39 66 86 55 88 13 31 40 38 8 95 77 44 78 81 49 29 48 14 98 98 52 3 4 58 54 96 97 88 44 55 32 60 40 99 64 71 81 19 66 15 85 84 10 93 75 73 5 24 50 12 71 32 38 84 72 81 90 48 86 37 27 22 51 0 90 16 76 11 38 93 61 63 98 16 53 14 76 2 77 27 61 31 27 84 99 36 99 40 77 71 41 44 72 81 47 46 60 100 63 69 86 21 51 27 77 9 3 30 35 28 79 77
8 80 55 14 20 45 73 5 69 40 94 9 38 84 47 59 2 7 6 86 99 96 9 62 68 85 44 94 2 22 40 81 82 13 63 54 58 54 97 59 95 57 65 98 82 6 33 55 17 6 51 85 33 18 1 3 30 7 44 82 74 55 77 56 23 68 19 45 7 89 53 50 39 46 48 10 34 39 70 42 8 28 21 50 55 2 13 81 75 68 63 28 48 71 21 12 0 64 35 37 2 82 48 90 45 14 93 100 11 3 56 4 53 51 21 53 79 44 50 8 82 86 22 1 37 100 76 75
10 2 85 88 76 88 41 17 30 100 30 51 42 96 46 8 81 95 61 35 33 90 87 64 23 26 43 28 58 65 52 63 94 59 47 14 13 69 91 2 87 81 6 35 97 12 65 27 70 54 88 69 80 78 85 83 63 40 43 99 5 26 33 61 10 5 89 64 74 23 25 100 68 43 93 69 21 81 92 12 54 71 59 64 44 51 58 85 59 84 47 14 3 47 60 21 32 5 21 92 88 0 23 52 21 48 66 5 48 61 99 96 8 71 52 41 74 34 80 72 22 91 43 16 9 8 73 51
29 87 80 10 40 54 16 0 9 76 34 70 12 91 65 23 51 19 65 68 8 51 38 23 0 96 27 58 64 6 41 41 5 34 72 17 23 72 75 29 78 15 32 95 74 40 44 2 49 97 75 57 9 82 89 41 17 6 95 29 60 28 10 68 20 59 72 99 6 22 85 84 5 95 97 60 14 65 39 37 57 29 80 44 67 43 31 19 47 32 47 82 48 47 88 49 43 12 37 98 10 79 62 2 13 20 75 70 4 45 96 39 39 52 93 84 36 91 20 47 97 57 81 11 78 27 92 62
78 85 88 43 96 46 71 8 48 28 86 38 50 18 38 47 66 5 60 25 83 38 24 72 0 32 61 47 95 22 50 16 27 46 9 100 34 77 75 89 20 39 76 100 37 66 28 28 7 46 65 44 55 97 87 3 95 91 45 50 79 43 63 73 98 39 63 73 77 61 83 28 90 96 25 78 25 97 92 74 74 52 13 49 37 37 75 100 84 71 17 68 73 15 78 20 63 10 8 50 48 58 82 41 74 69 90 67 6 77 71 44 44 45 13 78 91 31 62 38 72 33 82 57 16 16 31 22
57 2 5 19 8 6 13 45 70 52 56 73 44 63 50 21 100 9 43 77 80 90 23 94 48 57 23 55 5 31 65 89 38 73 28 92 64 53 37 4 21 12 64 74 80 46 68 33 70 83 56 93 55 6 8 43 31 52 5 3 85 83 49 62 94 82 20 39 50 49 54 88 83 69 40 67 85 67 66 48 68 24 65 83 45 4 58 31 76 25 29 75 13 22 75 84 47 71 2 64 67 99 100 20 16 73 78 4 79 39 33 57 24 81 22 45 44 90 59 46 31 34 90 86 79 89 56 39
35 79 83 54 18 48 36 19 59 95 46 49 66 12 18 79 82 68 4 56 49 62 15 9 1 49 42 80 94 64 33 36 97 49 91 71 98 21 20 29 19 91 18 15 59 13 95 51 21 74 5 6 46 9 56 79 56 5 88 36 43 67 51 5 55 32 43 18 83 100 93 33 45 47 66 0 69 50 76 98 17 22 90 2 89 1 95 39 69 76 68 13 11 100 75 69 50 26 67 15 80 49 17 65 56 94 68 74 77 4 67 60 24 17 30 31 86 47 17 30 48 22 19 75 22 40 48 62
61 37 23 82 72 84 9 38 39 67 55 7 94 21 79 34 16 16 35 34 25 24 71 1 31 30 100 28 96 96 15 18 50 11 55 22 50 87 43 35 27 43 28 73 55 74 75 77 45 57 21 70 25 87 61 33 26 38 75 41 89 46 63 47 96 29 68 3 50 95 12 78 84 86 27 88 60 38 12 9 64 29 88 53 99 63 98 89 93 68 10 7 80 36 17 8 75 90 66 83 74 40 77 100 21 68 26 17 72 7 82 25 42 22 90 19 81 98 82 98 67 88 89 53 40 86 59 6
7 98 92 32 12 30 30 95 20 32 16 92 45 45 42 5 93 72 91 61 26 27 34 74 62 19 33 60 47 37 41 22 15 51 84 26 57 40 42 3 10 31 86 52 69 13 27 56 69 48 78 23 79 30 67 52 8 27 91 98 52 37 10 93 6 82 44 38 74 15 31 35 30 48 51 10 7 8 35 64 19 47 80 50 69 36 66 8 5 33 92 35 92 47 34 62 80 32 51 52 75 88 80 2 4 48 20 36 25 39 2 39 15 52 32 3 93 15 19 92 80 38 94 37 86 54 68 51
82 64 46 6 46 35 7 95 5 82 69 58 69 3 47 72 94 45 100 73 81 35 13 4 88 38 39 94 43 46 27 63 55 26 75 85 72 56 54 83 2 96 53 87 49 20 9 13 45 1 73 73 10 12 53 100 24 52 0 80 92 91 36 70 74 55 100 88 49 77 23 8 46 52 73 66 59 51 91 4 83 16 10 13 19 82 38 84 6 33 71 74 81 69 73 8 61 36 28 24 38 90 5 0 98 88 94 1 3 12 51 26 55 76 72 25 89 54 40 84 6 4 5 41 37 22 26 87
73 34 77 9 0 81 53 12 40 88 94 81 8 16 43 66 8 24 29 35 20 86 100 76 15 0 10 13 36 50 63 65 25 12 69 77 27 89 39 15 77 66 37 17 17 57 6 71 93 51 43 60 36 49 17 11 93 43 52 61 55 86 18 85 83 86 47 78 75 94 7 14 45 86 35 43 84 69 64 17 80 62 81 43 20 4 77 14 46 47 75 67 65 96 12 3 94 9 95 92 82 93 31 88 9 24 31 23 19 31 38 39 99 47 39 86 89 43 53 64 37 97 13 17 90 82 55 81
95 88 44 1 51 11 63 46 20 54 48 30 94 31 81 64 79 93 24 11 11 66 48 25 77 95 40 42 28 48 31 26 51 51 82 17 31 9 31 91 30 50 22 63 69 59 16 44 43 26 56 69 77 68 66 56 78 1 74 25 34 33 61 10 69 31 18 10 48 77 31 9 59 59 62 59 39 15 31 32 79 11 89 96 21 18 57 68 38 14 62 35 45 40 20 35 80 100 14 78 8 90 87 21 11 62 68 29 47 85 79 18 52 26 51 49 40 89 14 68 44 51 89 99 19 70 87 29
29 97 45 99 90 4 41 82 72 57 72 74 6 94 28 42 77 7 44 42 46 69 7 7 36 62 88 18 31 77 64 74 70 34 12 46 92 35 61 69 26 42 6 91 63 97 70 27 21 6 90 5 21 36 29 55 31 43 15 37 2 38 76 48 58 18 66 26 24 100 26 78 27 17 58 1 97 52 18 36 32 74 29 88 49 47 18 41 37 90 29 53 96 72 5 48 90 43 45 42 40 20 40 41 44 86 51 34 28 84 48 13 33 63 51 87 66 4 52 62 61 44 25 2 76 68 93 18
75 11 83 12 76 64 52 75 62 38 87 56 73 76 95 0 48 52 64 49 7 63 31 50 41 46 20 67 65 44 57 85 14 15 74 21 49 61 38 78 5 12 7 67 19 45 14 55 86 97 93 32 24 66 87 10 4 85 49 19 37 68 39 48 48 23 6 53 12 32 27 55 0 23 14 5 35 19 12 7 23 60 32 39 99 21 17 81 18 57 79 49 97 9 99 2 44 17 82 90 74 38 84 98 33 42 52 51 27 59 32 39 87 75 41 81 72 14 17 36 28 78 7 39 12 70 68 77
22 40 74 97 76 24 73 81 12 46 71 34 22 11 47 21 23 50 43 43 62 92 34 10 30 46 45 42 86 92 28 15 53 64 68 72 67 26 7 96 63 16 98 87 78 47 72 59 41 14 65 11 62 39 48 92 62 59 73 22 81 82 78 35 84 57 14 11 4 4 56 89 21 7 45 90 3 69 23 63 43 26 65 80 30 10 49 10 53 6 58 21 60 26 15 62 88 18 24 11 81 2 87 38 65 25 61 96 26 58 51 40 24 98 88 35 63 13 70 64 68 59 81 53 78 78 15 72
67 68 13 48 47 13 10 78 8 20 24 91 91 25 30 60 31 14 0 65 52 36 13 66 46 96 81 68 42 28 0 53 36 42 85 27 95 50 71 79 29 82 40 88 62 80 90 22 53 2 82 14 62 81 78 30 56 27 12 37 72 65 53 32 4 48 65 20 34 40 81 92 3 83 55 31 17 60 29 59 70 62 37 90 99 94 33 19 23 26 92 37 24 43 32 53 73 47 48 92 98 55 83 2 100 25 64 62 22 78 7 4 74 2 24 12 50 1 30 23 33 84 88 65 49 34 69 31
53 68 15 85 74 15 28 54 43 76 72 1 71 3 21 0 10 62 11 28 66 84 65 73 10 79 61 44 78 30 88 11 9 25 42 70 98 25 99 88 12 54 58 23 41 53 93 5 55 48 9 25 71 51 10 6 6 98 60 64 39 96 82 84 89 54 36 6 41 90 62 1 41 25 43 8 16 25 2 74 45 33 1 73 8 84 32 52 29 8 22 13 49 66 49 23 98 89 37 15 57 6 24 75 13 75 40 97 87 33 11 28 89 45 21 45 66 84 36 55 14 85 69 76 88 24 43 96
52 55 47 53 59 79 92 3 31 14 74 82 82 86 84 13 53 97 82 89 55 95 74 55 73 78 71 53 86 6 17 17 90 14 19 29 51 86 27 40 11 15 72 33 56 43 2 38 63 60 65 15 4 49 41 44 47 7 43 23 62 41 58 12 27 15 43 10 32 94 43 40 56 94 8 74 97 39 26 34 21 37 59 100 85 99 74 68 39 73 80 19 11 13 36 63 91 97 58 6 84 81 65 45 47 31 70 4 28 18 63 5 57 44 20 5 72 2 62 52 90 83 73 7 5 6 90 52
6 64 32 63 18 37 60 45 88 12 51 55 28 37 16 47 81 61 15 56 2 27 30 64 21 25 49 3 5 97 51 72 8 51 29 70 99 73 69 3 27 97 4 56 47 90 61 74 20 89 91 53 52 9 77 63 33 71 95 27 98 57 36 79 43 68 10 25 8 15 71 32 73 9 49 27 70 49 15 76 3 80 60 10 61 60 1 65 96 78 79 17 31 20 22 28 17 42 96 5 49 73 17 34 81 28 67 90 19 76 74 48 54 1 40 84 74 2 35 53 31 32 83 50 22 77 14 84
9 1 54 37 78 16 4 84 68 31 97 100 61 12 12 53 26 81 51 99 50 80 52 65 25 52 93 33 56 2 33 70 60 73 86 51 52 69 6 52 74 63 81 66 17 62 47 82 40 42 25 8 1 69 53 7 58 28 87 90 11 55 20 4 63 91 6 11 58 41 11 100 0 37 1 23 25 5 67 61 98 27 40 27 75 56 94 35 98 2 97 43 70 66 15 1 62 62 88 75 76 15 37 76 81 25 85 65 60 62 53 48 9 49 80 92 64 95 58 96 19 71 30 59 65 70 66 62
84 26 93 12 31 65 61 65 18 2 76 83 73 49 73 5 79 15 69 16 91 16 39 100 14 100 58 54 89 56 80 28 12 19 42 14 83 93 72 26 88 27 65 12 62 92 98 6 17 28 35 28 66 64 96 67 59 98 72 63 5 33 84 94 30 93 15 59 21 47 8 17 74 72 46 46 57 63 18 76 84 55 29 26 100 77 23 58 9 66 5 3 54 43 88 48 2 5 28 40 59 14 7 87 77 86 84 88 70 10 61 64 95 97 53 3 67 91 28 44 87 74 55 2 57 23 53 40
90 67 26 81 73 84 15 67 85 44 29 74 92 44 65 98 25 42 52 18 100 34 52 41 57 7 65 58 21 19 100 40 16 55 96 79 82 1 41 87 43 0 31 99 92 40 92 21 9 81 24 45 45 66 29 36 67 86 15 50 11 43 53 27 52 59 3 72 86 62 64 75 34 82 0 84 27 79 62 49 0 60 80 74 1 78 1 88 74 38 74 57 7 53 64 72 56 55 72 96 28 44 63 45 38 28 71 7 52 98 27 82 64 15 92 69 17 70 59 79 65 94 48 1 19 42 68 6
74 34 71 100 20 28 94 92 55 7 77 80 79 40 39 27 29 69 66 62 60 97 77 81 6 25 67 90 32 76 12 68 85 49 16 93 93 89 11 39 30 39 2 53 100 93 6 19 44 30 97 48 57 9 42 69 16 39 33 6 84 20 29 85 7 67 27 71 44 99 97 90 73 63 2 67 25 12 69 46 84 50 7 43 3 78 37 78 22 27 7 53 79 43 72 5 95 70 71 13 80 83 75 91 93 43 99 66 86 79 7 2 64 56 84 43 72 8 63 86 92 16 87 1 94 34 2 79
11 75 81 62 49 38 10 51 76 93 53 24 52 37 48 23 11 51 22 58 91 98 69 26 10 28 21 53 86 7 2 64 4 23 97 96 70 82 64 93 93 63 82 1 52 30 4 8 34 64 66 91 97 28 27 73 53 29 64 52 99 19 75 0 62 32 66 100 90 24 24 11 43 51 3 10 65 57 39 91 82 50 63 44 83 64 90 10 21 23 15 38 64 68 65 3 82 5 76 18 100 75 2 9 94 41 39 43 57 15 31 68 84 93 9 74 53 12 74 81 95 76 35 47 70 41 68 92
17 48 19 40 13 73 25 0 27 67 45 16 86 12 36 35 60 77 83 80 13 95 9 53 55 35 24 22 64 18 38 32 84 71 39 39 73 9 9 17 50 68 58 79 51 55 50 62 19 0 54 33 30 18 81 29 52 96 35 11 14 8 34 24 9 97 90 69 15 89 20 70 37 38 8 88 45 37 23 24 68 62 97 7 56 82 51 79 81 86 15 31 44 54 6 67 27 97 75 26 96 0 13 93 39 68 17 61 50 78 61 50 94 76 44 62 29 84 33 34 31 66 52 23 22 69 21 56
93 47 61 59 82 73 63 18 35 77 95 29 1 65 58 94 75 10 65 71 72 9 94 97 11 91 82 79 59 69 59 82 89 69 41 81 64 69 78 100 68 44 9 65 63 63 29 83 47 41 98 17 92 39 44 88 25 100 0 48 31 6 52 43 53 7 38 60 2 91 31 0 66 89 46 39 10 10 76 61 78 35 67 18 87 7 5 15 3 20 35 62 5 6 92 60 55 99 61 18 90 4 71 29 84 52 16 93 80 77 73 44 28 80 59 11 56 21 8 63 0 27 89 98 25 23 8 82
3 76 29 36 92 63 64 70 14 34 33 70 64 1 63 29 43 10 75 19 100 55 46 44 48 44 46 54 0 10 94 19 32 93 51 36 0 88 72 1 38 57 75 94 14 3 6 54 49 20 47 70 42 9 0 86 31 73 44 83 18 48 25 71 81 32 79 2 53 13 96 71 72 22 37 43 12 66 40 81 100 24 73 92 38 79 10 18 25 34 85 15 4 64 64 45 89 81 2 15 14 98 21 93 44 24 78 71 82 95 82 89 28 17 61 68 93 84 14 85 27 59 97 91 95 39 91 37
89 36 65 54 50 48 38 65 83 61 55 91 46 16 51 33 93 47 13 96 14 41 45 23 7 68 16 36 86 50 82 6 11 39 50 9 96 56 85 50 91 30 53 96 52 49 76 35 20 51 42 79 1 77 52 10 58 30 51 89 80 76 93 9 45 41 51 12 17 52 0 4 67 61 99 92 73 55 68 84 72 2 24 15 36 92 84 2 97 45 56 68 62 8 39 32 95 68 13 88 73 53 12 69 50 98 9 93 78 84 22 95 17 91 96 90 41 54 0 9 31 38 60 18 70 13 64 69
9 73 98 4 57 14 54 10 39 41 18 93 50 9 58 47 59 83 44 98 76 70 6 29 15 6 12 78 42 14 27 14 53 32 47 44 15 32 89 27 6 94 74 70 36 26 80 17 28 11 8 1 40 45 80 19 30 20 42 10 12 16 85 35 77 92 34 65 55 14 66 33 20 81 81 31 43 90 42 17 76 41 14 21 67 36 60 63 24 2 63 31 91 19 55 3 57 56 25 92 35 75 11 10 18 82 83 93 68 35 75 63 21 6 15 25 97 42 34 64 11 65 36 100 20 5 8 63
57 25 49 93 1 93 20 6 72 72 48 2 75 98 8 88 3 21 64 53 18 66 71 44 64 25 43 0 17 49 49 88 28 79 17 87 41 66 87 63 94 67 36 24 72 46 62 80 95 23 100 3 40 13 61 66 57 42 76 94 69 72 80 23 88 43 83 72 94 22 64 28 61 24 2 36 0 78 93 31 99 97 54 28 68 59 8 96 53 66 8 93 25 18 59 7 61 100 86 78 98 61 28 30 67 67 41 21 27 6 79 48 35 23 48 18 20 83 22 18 23 82 55 31 29 36 80 36
98 8 0 80 28 60 44 66 40 70 7 79 76 39 70 36 59 89 75 63 8 81 22 31 18 59 40 74 13 52 4 25 29 49 41 4 94 36 34 58 64 6 78 52 2 39 56 47 70 71 97 100 25 0 88 89 43 25 22 36 50 87 90 75 27 37 65 88 95 6 74 19 63 51 87 83 77 54 19 2 93 54 41 47 59 95 85 19 6 90 22 18 81 90 30 48 32 88 64 67 46 71 34 21 91 74 66 81 99 25 58 11 42 37 70 50 56 33 65 38 21 19 25 26 33 17 24 53
53 29 97 22 89 37 82 75 51 66 99 83 24 34 70 96 70 19 80 8 9 53 44 93 65 92 66 84 77 41 5 15 80 91 71 14 29 16 89 6 83 58 10 69 4 21 5 14 47 80 80 64 56 17 57 4 96 13 95 51 71 84 78 5 53 48 62 82 48 42 66 53 53 19 67 58 85 10 43 92 41 48 66 57 3 72 87 72 70 37 100 69 16 54 60 74 53 98 21 57 53 25 14 19 42 32 49 3 89 54 3 78 24 94 8 10 36 38 8 44 40 79 68 88 4 55 70 26
45 67 51 13 81 85 92 13 2 79 1 27 6 60 86 49 40 33 29 60 41 45 36 23 22 12 46 10 60 15 5 49 12 14 69 37 6 5 67 55 8 34 88 89 47 22 47 71 74 69 30 66 22 95 85 96 77 48 90 18 83 58 80 69 9 32 10 14 60 14 58 17 21 72 86 64 45 32 27 2 13 41 12 43 35 36 5 30 63 98 97 30 99 65 12 35 70 43 81 28 97 100 86 88 74 34 60 88 99 83 62 32 71 71 9 43 66 31 31 4 70 53 22 86 93 10 7 67
71 93 12 91 67 44 19 84 30 66 76 6 46 32 64 84 77 56 85 46 40 72 70 3 84 23 73 2 20 21 22 17 83 5 43 57 38 59 95 58 40 68 80 98 90 91 32 90 95 67 1 80 73 52 66 71 43 82 23 51 74 46 92 48 42 44 66 43 59 15 31 33 2 45 69 26 53 94 97 2 66 42 25 41 86 88 78 34 56 100 10 28 21 6 39 44 42 88 95 18 35 65 57 80 85 15 86 76 78 38 20 2 93 97 41 14 95 33 62 57 68 0 80 29 73 0 83 43
85 13 3 76 75 59 89 97 54 41 28 14 38 42 3 14 3 33 88 0 91 69 71 91 30 92 78 82 79 22 22 1 47 77 85 76 94 91 63 39 97 92 40 96 10 52 81 54 97 54 54 93 9 26 88 19 91 26 32 37 95 56 19 13 40 84 44 30 82 42 20 76 18 91 95 70 33 57 91 50 65 52 90 6 15 81 76 47 78 30 8 33 79 95 66 31 15 61 18 30 90 44 38 59 65 1 29 93 96 76 62 88 32 65 99 59 34 50 70 33 5 66 23 73 50 69 11 74
6 92 92 81 59 81 49 99 52 54 57 41 39 83 80 5 70 45 68 31 53 24 78 6 42 1 100 50 80 29 40 94 5 14 70 8 92 72 44 43 25 52 42 68 64 15 68 45 22 55 61 12 84 8 88 71 35 39 10 17 19 2 69 77 49 45 89 84 70 33 65 67 91 21 24 58 6 40 48 83 90 50 54 93 72 53 25 41 64 13 100 100 86 40 83 67 5 77 9 40 14 53 2 59 37 25 85 53 93 79 49 16 76 82 7 82 65 4 15 48 13 30 27 26 84 41 36 48
33 27 90 86 58 34 100 94 73 9 78 91 99 55 95 99 28 88 7 96 87 77 91 33 45 32 54 68 23 95 98 91 46 61 98 0 27 93 49 30 47 100 48 62 13 100 9 67 12 46 40 70 22 38 3 16 22 34 81 54 40 35 99 87 81 34 38 29 68 33 26 32 50 92 15 66 16 83 65 77 45 39 43 58 54 26 23 61 64 28 40 76 73 84 59 87 70 79 32 36 87 27 70 39 9 77 69 72 86 28 13 67 65 13 92 71 17 38 3 93 89 55 97 26 48 66 42 53
87 68 24 41 27 80 76 33 86 11 67 44 18 60 31 35 83 58 48 8 19 80 27 30 52 74 68 89 22 19 93 49 27 66 91 59 67 33 77 100 4 93 48 59 23 70 47 4 18 41 63 67 90 6 96 36 73 68 64 43 29 7 4 16 60 17 71 54 82 86 16 92 86 54 16 21 22 42 7 68 10 31 59 67 71 73 95 8 91 25 66 42 52 25 67 84 93 59 95 25 36 21 25 8 77 18 61 64 52 30 72 95 38 77 42 0 47 73 2 24 44 36 35 9 30 10 15 62
23 1 79 13 30 50 97 80 50 83 64 46 47 36 40 12 65 36 61 51 67 39 73 65 76 45 23 4 68 14 52 78 84 67 69 3 43 25 3 10 1 92 62 80 87 34 70 47 16 7 52 12 83 18 30 53 93 20 48 50 36 43 5 87 36 2 31 12 75 75 39 83 17 65 5 46 62 60 39 12 13 26 14 74 5 44 77 2 61 3 100 20 7 94 66 96 23 3 19 43 7 44 5 53 73 33 40 28 33 85 16 20 50 43 90 38 17 13 100 57 84 49 47 57 21 60 25 26
44 93 21 88 70 77 59 20 100 14 5 100 10 21 24 7 11 66 10 41 36 38 4 68 41 43 17 53 21 64 48 60 42 38 48 96 86 18 33 76 19 97 42 100 22 8 36 79 11 12 90 29 27 61 3 26 87 77 91 22 45 62 100 27 57 20 39 66 94 51 85 20 79 6 30 31 47 29 34 41 78 65 40 90 9 7 38 71 78 68 84 13 93 73 91 66 26 45 11 27 86 54 88 52 46 72 81 47 59 85 99 90 40 29 42 25 38 12 54 49 49 68 47 100 48 81 76 99
76 78 82 11 12 29 20 66 87 8 99 47 5 22 94 36 75 36 33 7 80 10 39 85 30 56 4 19 8 63 23 80 99 40 14 24 44 81 88 20 94 75 8 11 36 51 56 2 91 8 48 30 3 33 23 39 70 9 58 58 37 54 50 97 20 9 93 25 34 32 82 17 92 2 72 75 57 94 35 87 31 75 85 57 96 10 67 6 37 1 20 43 23 8 1 100 55 77 60 23 95 28 8 12 70 6 68 63 74 80 17 28 50 44 16 74 84 0 11 99 64 43 52 91 97 26 68 57
46 1 85 2 54 41 49 39 25 2 52 45 60 42 53 78 38 100 1 3 94 66 23 9 26 79 0 17 84 46 39 42 61 1 22 68 89 64 89 35 91 98 21 8 13 62 78 64 30 13 32 25 8 48 100 27 10 29 92 51 21 7 36 6 47 65 68 22 98 35 81 43 48 97 53 56 34 10 4 36 22 85 52 61 34 10 91 23 78 92 70 32 7 66 8 86 0 34 79 58 55 58 83 15 57 77 21 87 36 75 70 99 1 36 78 15 99 87 66 66 76 90 30 81 80 60 7 31
96 11 53 87 44 13 51 63 68 79 52 33 63 17 85 96 24 86 60 71 46 94 55 1 90 31 49 93 25 55 30 35 62 2 35 48 67 1 15 35 86 67 84 21 14 11 11 44 6 61 11 62 17 61 61 63 7 64 13 95 27 5 40 81 26 19 60 88 56 44 44 15 50 72 40 11 80 51 10 27 93 14 38 98 82 11 28 83 88 38 93 35 41 36 53 89 33 10 41 16 15 18 22 50 33 38 43 36 76 66 75 96 38 77 77 6 13 23 5 29 73 31 26 59 25 95 100 20
92 95 77 72 51 77 15 55 20 81 62 80 58 13 6 96 41 85 32 55 39 27 62 79 40 40 91 97 92 68 26 83 4 55 29 22 100 40 86 51 44 88 42 91 38 10 13 46 9 81 93 97 47 73 11 86 39 11 64 93 67 31 70 47 30 90 48 20 80 5 63 22 94 64 78 42 46 100 80 0 93 11 69 20 74 92 44 16 20 37 50 51 29 28 99 74 16 41 14 14 78 63 25 30 88 11 77 46 92 1 88 30 7 42 84 100 85 8 35 8 25 15 5 27 77 56 0 25
71 5 52 59 19 61 6 81 20 32 58 52 5 93 52 52 24 30 54 9 67 9 31 75 0 18 6 95 56 34 3 38 40 52 22 6 10 74 83 88 96 94 94 79 82 38 72 88 19 51 53 39 48 92 46 21 37 53 0 29 61 60 41 23 21 31 2 63 98 96 79 14 7 10 25 86 100 88 53 95 23 81 33 9 56 40 67 47 2 32 2 99 92 41 13 98 16 83 66 38 94 26 62 54 79 32 21 38 44 51 93 58 34 98 27 21 83 80 97 25 64 36 88 40 84 81 34 66
51 36 48 45 35 57 49 15 78 82 34 26 10 44 64 64 52 46 45 36 82 56 90 62 73 51 11 76 30 75 37 40 79 88 22 34 54 44 68 78 15 19 18 73 36 79 26 27 86 9 48 58 66 35 75 76 68 70 3 80 3 64 67 13 0 51 86 78 58 20 70 29 2 0 63 57 49 90 35 32 52 54 57 15 42 87 42 21 14 61 23 18 50 90 60 29 46 99 64 51 28 87 26 64 17 1 56 66 86 3 50 36 37 9 30 8 87 82 55 25 59 7 15 77 33 14 83 74
77 44 12 34 86 15 12 63 21 89 6 59 17 86 76 44 56 29 77 26 85 59 24 9 16 42 30 19 26 45 91 4 33 65 51 78 8 0 72 43 68 90 17 92 78 16 56 84 39 39 76 20 4 60 38 90 74 56 80 15 22 74 11 27 16 89 90 20 58 45 34 80 50 59 24 24 6 89 85 82 17 80 69 64 78 32 88 89 66 39 25 19 56 77 15 77 16 75 81 37 80 1 22 32 74 65 56 88 53 66 88 79 3 99 12 54 49 67 51 2 98 50 94 18 7 16 70 18
97 89 74 74 17 19 99 18 82 35 46 98 5 26 31 12 31 33 44 34 23 48 72 77 62 29 0 79 20 66 65 12 100 17 24 76 6 73 79 49 51 34 50 98 71 4 100 97 35 18 19 36 89 97 99 65 55 5 66 46 6 80 6 72 79 99 37 9 74 97 85 45 53 23 36 47 82 78 30 44 81 72 3 66 70 52 12 0 78 74 68 47 92 87 51 11 36 28 65 74 54 70 86 90 26 95 83 35 98 60 50 49 32 18 58 42 88 26 87 88 60 75 90 22 50 84 16 27
74 59 11 33 74 73 97 87 27 12 86 17 81 1 41 85 47 18 70 53 18 94 0 96 22 2 6 48 46 60 87 4 35 24 50 19 95 31 47 96 41 33 71 34 86 62 74 51 65 63 43 95 22 13 88 19 14 90 29 92 100 32 6 43 33 69 89 74 51 27 91 65 69 99 89 86 13 93 26 80 33 88 45 89 78 60 1 100 90 83 62 63 24 88 97 89 70 68 43 4 79 32 37 12 70 8 66 30 11 60 89 15 87 72 23 94 16 22 47 8 38 95 73 92 90 89 91 47
66 78 56 76 78 40 32 45 49 68 19 32 10 69 35 28 94 61 34 19 91 0 35 72 2 18 83 38 22 84 63 2 68 90 64 82 27 54 98 42 37 70 31 66 1 38 92 32 36 51 3 72 16 13 32 47 62 76 39 26 98 100 42 18 10 68 8 20 1 14 6 58 42 36 65 42 93 6 40 98 76 82 86 66 42 4 5 40 41 39 68 47 6 28 84 9 3 67 89 80 10 7 32 50 27 51 28 18 58 52 44 78 97 62 38 36 3 86 20 47 3 44 80 54 38 11 32 97
71 29 31 99 72 10 58 63 38 51 9 99 43 78 45 57 95 79 55 56 95 79 4 68 10 14 86 52 49 20 66 31 41 27 36 2 65 94 60 66 10 77 14 88 98 51 86 83 81 32 78 41 20 75 36 73 70 10 37 48 77 79 5 8 3 94 0 12 100 90 55 16 93 82 54 65 26 0 35 80 63 51 4 35 84 6 23 49 47 24 5 9 33 6 37 8 35 82 58 32 88 14 52 11 33 74 68 44 64 37 37 89 7 6 7 48 2 17 15 29 93 58 57 100 15 69 100 96
68 28 85 72 1 95 39 93 61 35 20 59 9 98 30 53 81 72 15 11 38 7 100 96 4 59 97 56 1 20 87 84 96 76 37 17 33 9 3 16 5 21 42 98 15 10 60 63 36 78 7 79 83 71 100 78 10 65 72 24 53 18 37 88 5 54 86 8 40 10 80 63 89 30 14 57 33 60 93 37 83 87 67 14 25 18 90 48 79 73 50 27 74 99 94 12 74 3 29 51 62 50 20 60 36 52 47 60 17 99 84 78 27 52 48 29 79 87 15 46 51 57 58 88 15 17 63 85
66 15 28 18 52 60 38 33 4 96 87 81 48 20 92 23 40 40 3 100 85 66 59 9 4 0 89 90 22 29 87 100 75 79 45 10 18 32 10 74 30 84 10 36 52 24 9 4 57 99 96 71 78 82 46 22 69 86 3 60 76 88 48 12 67 19 60 68 71 53 34 40 57 66 78 18 37 5 99 37 99 20 27 44 92 96 67 44 72 60 75 52 66 91 20 61 60 35 72 20 94 13 22 100 84 1 10 32 58 25 19 10 100 60 93 11 5 29 99 16 41 60 51 23 96 15 17 17
46 61 41 81 74 60 0 77 91 25 23 65 67 22 29 56 93 35 51 76 78 66 16 93 1 84 0 73 58 18 19 2 42 73 11 43 59 27 43 74 60 43 57 30 91 96 71 3 23 24 14 86 66 48 98 72 57 11 8 10 28 43 35 14 97 37 40 28 51 48 97 0 33 86 21 53 62 95 62 56 98 43 35 54 71 25 21 54 42 78 16 57 39 85 4 2 41 45 14 27 78 73 27 3 66 95 74 83 78 56 15 12 87 85 28 97 90 46 26 41 92 3 85 30 43 23 43 54
