84 34 85 22 44 30 30 12 68 54 10 58 45 40 55 70 3 61 57 19 27 20 5 85 97 36 26 1 49 0 72 81 72 21 58 85 66 85 5 29 88 40 2 24 29 39 14 13 52 48 4 31 34 24 32 14 4 80 38 89 100 80 52 45 69 31 75 40 39 16 51 50 91 43 75 77 66 80 10 33 13 27 66 21 40 99 55 37 42 60 65 18 11 64 40 13 19 58 35 36 26 38 50 62 54 31 37 6 2 2 91 6 18 48 79 22 5 50 48 51 45 38 11 66 57 66 73 75
49 78 90 25 16 69 16 87 44 72 22 7 29 49 16 94 7 30 86 17 74 23 90 0 90 30 67 58 67 12 63 52 53 67 15 13 25 56 5 30 77 55 67 36 54 55 58 99 68 10 12 97 52 69 34 15 22 92 32 31 74 73 76 99 29 53 50 10 20 42 64 97 62 44 24 96 25 45 91 29 11 44 12 63 43 100 33 70 0 94 43 46 69 81 88 80 0 59 76 1 63 10 98 21 85 56 47 1 97 45 9 70 17 37 69 0 28 25 21 81 27 39 49 67 86 99 65 32
8 12 34 85 7 76 51 41 41 34 73 20 92 63 69 44 92 24 94 74 83 62 69 73 63 51 87 42 53 44 54 34 67 30 54 28 88 100 92 71 72 20 39 8 0 13 13 1 25 17 2 42 18 76 79 8 32 25 81 49 57 16 92 24 85 56 6 61 91 31 52 18 19 46 4 64 76 92 38 19 31 33 68 92 97 29 16 14 74 90 72 100 78 98 59 29 17 73 82 89 86 20 32 22 20 63 4 80 36 12 26 28 16 19 21 88 27 43 72 49 53 3 1 15 38 44 58 72
19 8 90 0 42 21 36 48 10 90 73 37 91 34 64 95 33 96 39 45 40 48 6 96 13 80 93 60 86 89 1 96 57 76 45 42 99 93 66 66 44 65 97 75 11 57 62 12 98 0 67 49 75 55 48 97 65 97 21 81 35 74 82 91 60 44 12 37 57 67 11 37 91 52 13 26 97 21 78 70 86 76 3 30 49 92 45 7 7 24 15 67 92 46 95 50 97 48 36 88 64 41 69 77 0 10 33 1 1 66 95 43 34 57 53 58 72 41 43 5 54 75 16 85 49 65 12 49
55 14 67 82 6 41 89 19 59 61 72 39 43 9 53 72 46 12 3 18 70 92 70 5 58 69 28 71 30 29 65 59 83 41 64 41 10 39 86 100 11 43 76 60 63 61 80 98 12 80 38 76 28 90 88 33 46 95 64 59 99 21 81 22 61 89 35 59 79 8 40 0 72 38 23 38 32 18 71 8 57 16 75 25 42 58 24 13 51 7 49 66 89 37 74 20 11 87 87 28 92 74 0 83 61 83 89 66 83 27 1 56 71 53 77 20 16 99 94 3 7 100 55 88 35 65 72 77
35 62 1 70 57 88 78 83 47 78 43 33 42 42 88 75 11 22 48 100 43 53 3 86 34 5 91 77 11 81 41 11 45 36 6 78 92 75 34 98 68 32 93 42 41 93 81 76 10 97 40 18 61 80 12 100 27 74 79 98 20 33 15 7 0 88 94 6 7 6 1 60 24 53 79 64 8 1 47 68 19 65 77 42 22 61 81 30 16 19 81 6 81 39 49 88 8 82 58 34 71 98 62 68 61 81 49 33 81 2 38 63 4 12 89 52 49 57 71 11 97 93 52 98 96 1 44 4
51 95 42 100 36 13 58 22 80 41 3 47 100 76 94 6 64 52 63 75 59 19 99 13 22 9 51 81 32 45 75 78 85 43 79 96 69 27 60 68 43 28 94 7 19 20 19 91 37 47 73 62 9 59 78 77 46 26 52 87 35 98 73 7 30 71 43 16 0 50 67 74 71 50 73 0 9 2 8 25 7 58 28 16 85 68 78 35 10 5 70 8 60 97 52 38 35 78 48 12 22 19 38 31 42 33 35 20 28 19 4 90 87 13 58 45 68 98 78 49 70 71 30 41 35 5 98 92
94 68 34 90 12 17 6 17 4 92 64 16 56 62 69 17 67 41 91 98 20 60 95 25 12 70 77 44 11 89 85 94 40 79 46 79 82 88 75 6 97 88 43 38 38 30 90 86 14 46 2 8 10 78 76 18 86 7 30 45 83 31 1 66 66 96 68 33 67 55 84 86 91 55 41 99 55 20 1 7 5 93 23 49 85 67 41 56 96 47 44 99 44 79 95 7 3 39 40 44 91 91 63 45 92 86 27 52 62 17 10 34 68 69 8 77 93 61 76 32 37 81 54 89 64 25 98 46
85 48 9 26 97 63 99 16 2 37 20 79 63 5 25 81 25 5 9 45 14 71 49 98 94 75 17 80 34 96 78 78 79 98 91 54 82 70 28 8 19 13 10 78 50 78 68 77 89 63 11 67 46 87 14 28 73 74 52 81 85 29 18 41 13 80 60 72 12 71 40 61 44 95 12 19 10 30 19 1 77 98 21 96 52 83 35 11 15 21 28 28 87 61 73 52 18 51 59 13 99 20 94 69 3 70 55 23 34 29 11 66 94 25 9 52 43 25 24 77 66 71 18 8 54 47 46 68
68 45 2 98 82 96 0 46 88 92 71 30 22 50 20 64 95 37 57 47 56 24 42 19 21 10 55 4 60 80 75 9 56 20 28 41 52 82 9 38 16 67 22 12 97 66 76 29 35 48 83 44 53 15 14 97 39 81 26 84 59 44 11 23 5 31 43 4 49 69 45 65 69 66 58 62 36 39 71 93 27 55 100 90 65 24 33 51 23 5 85 3 90 7 72 93 70 11 91 22 19 58 76 50 77 70 47 89 61 60 15 11 0 64 96 76 85 27 15 41 6 51 69 28 4 5 82 19
7 9 7 43 60 83 14 52 67 67 3 44 70 60 31 39 29 5 11 39 63 86 13 96 6 58 25 32 68 33 88 35 79 34 27 9 84 53 82 73 49 89 15 67 52 66 89 28 17 5 29 1 66 57 80 42 79 76 19 41 64 76 5 36 52 52 94 51 73 92 52 99 80 100 86 87 27 96 83 71 100 41 4 32 96 1 82 32 80 71 79 3 13 89 99 17 28 72 3 90 88 77 82 37 68 88 21 84 97 5 48 52 42 67 46 63 37 4 8 1 57 94 17 92 34 72 86 37
11 35 27 47 95 8 46 72 97 77 80 38 48 0 20 53 23 19 50 88 43 98 97 27 15 97 39 31 2 83 21 39 99 93 68 73 19 4 87 6 50 38 93 96 37 94 3 19 79 18 68 10 71 85 3 55 49 41 46 5 41 77 71 78 76 35 58 43 44 64 75 11 88 24 85 70 62 78 38 45 33 23 71 53 59 6 77 23 12 87 88 76 56 95 87 27 41 65 65 38 48 23 84 50 63 7 2 51 82 68 60 1 52 47 15 7 23 51 38 20 88 70 33 12 45 98 49 34
100 20 64 62 38 47 39 73 86 70 91 87 90 20 76 72 62 93 98 14 95 23 22 80 93 34 2 50 53 61 74 22 7 15 18 9 97 77 49 27 94 25 72 36 98 97 72 89 42 87 81 80 4 98 0 2 59 17 17 45 62 9 55 30 39 28 4 70 34 13 15 36 1 36 20 61 11 2 81 39 25 90 45 97 85 98 28 81 77 14 31 56 33 49 0 6 28 69 29 85 63 98 51 88 32 95 72 99 85 1 94 47 40 13 45 66 77 96 45 27 38 75 27 69 47 33 78 79
91 37 35 1 70 81 79 65 18 54 44 90 58 70 78 51 54 14 51 86 91 1 90 61 28 5 97 4 61 29 9 5 99 84 67 57 67 0 10 24 21 72 41 71 46 70 79 26 100 22 67 12 75 6 14 0 2 39 98 69 71 25 21 98 70 67 13 47 95 49 69 1 55 29 12 46 19 82 47 76 28 18 2 49 0 45 0 91 51 78 13 97 16 30 4 31 73 44 25 64 27 69 56 36 60 63 98 87 83 66 87 57 14 6 19 15 23 82 82 56 80 31 3 93 91 9 94 31
70 95 96 61 82 84 30 72 15 7 48 55 93 15 72 46 94 42 27 39 24 25 3 25 47 3 41 35 2 26 59 4 96 43 97 30 62 89 0 26 68 49 46 47 9 98 35 45 79 18 26 27 36 82 51 60 17 34 21 53 34 81 52 48 59 75 96 99 13 80 63 35 66 94 28 29 9 64 5 12 43 6 68 63 8 51 12 5 99 24 87 52 20 14 66 77 86 28 7 91 43 94 46 78 6 72 41 56 4 73 79 53 17 28 19 81 56 26 84 50 41 89 15 57 91 86 40 52
83 73 26 75 15 1 8 71 32 66 65 92 59 87 34 19 53 71 21 71 84 57 8 51 8 47 40 1 98 47 60 72 12 33 12 19 82 80 8 42 26 5 74 4 6 13 55 10 100 43 50 83 67 0 83 21 80 54 82 61 46 51 19 56 87 63 77 18 53 95 23 75 99 14 99 97 35 56 60 16 14 73 0 8 96 30 9 19 63 95 29 41 74 95 57 24 32 4 44 41 1 30 9 27 70 26 53 17 44 1 9 50 83 76 6 55 49 89 37 42 70 52 52 75 58 2 86 80
94 53 45 44 81 3 12 34 50 30 99 69 50 27 47 45 81 0 55 93 33 13 24 10 96 14 36 37 18 96 55 4 16 20 60 6 69 87 83 38 39 36 8 62 90 7 56 25 74 79 3 73 13 64 19 31 33 42 52 4 9 49 18 6 16 27 88 61 95 11 48 4 25 4 73 5 57 34 19 36 90 53 15 74 12 54 65 10 62 85 70 67 33 98 59 38 64 31 37 52 23 87 14 10 13 44 57 40 35 49 23 67 29 3 79 26 34 32 16 88 30 52 55 80 58 56 20 99
48 87 73 24 95 63 95 36 41 28 48 70 77 77 96 84 24 27 67 63 88 48 87 14 84 72 99 73 78 30 66 49 88 64 76 95 87 49 2 7 30 45 85 45 95 77 28 92 97 13 45 77 37 11 9 84 85 100 98 68 13 73 41 69 59 80 81 30 87 28 73 67 91 73 36 40 82 98 33 16 17 99 38 47 86 75 18 82 47 48 7 78 63 28 69 98 41 78 7 8 74 69 44 67 59 51 1 77 0 45 75 32 59 94 25 66 14 63 87 46 94 7 75 23 75 91 2 49
71 91 40 50 64 73 0 29 93 12 59 86 68 87 44 26 65 86 97 67 96 30 82 49 27 40 77 95 27 16 94 42 84 50 11 32 28 46 48 15 96 81 72 75 50 11 40 98 39 13 20 55 93 74 43 28 97 44 73 58 14 88 43 8 67 17 16 5 89 71 78 66 0 51 0 2 49 45 61 27 8 49 54 11 27 36 43 32 2 92 62 88 9 55 26 17 64 53 47 100 75 66 68 96 86 48 82 22 59 99 96 23 18 19 4 54 38 51 6 48 4 56 55 31 36 71 54 37
56 13 86 91 94 61 71 15 5 63 45 3 21 2 100 29 73 7 40 14 13 28 14 87 29 96 52 34 78 38 24 53 64 87 48 63 2 13 2 2 35 31 26 25 88 72 6 47 53 50 72 39 37 16 24 7 84 87 1 5 43 74 13 21 94 85 52 96 47 40 88 10 90 65 52 4 37 63 43 81 94 88 97 34 48 20 52 99 71 10 30 36 50 25 28 7 1 40 7 8 43 65 76 58 87 46 90 36 75 85 66 7 54 10 41 2 49 13 67 42 4 61 19 58 12 73 100 71
66 39 34 11 67 74 8 86 19 48 6 100 83 44 53 95 40 89 32 96 49 64 45 58 28 2 22 95 76 85 62 59 88 74 55 60 69 58 56 61 44 95 16 82 20 42 55 39 52 69 98 20 76 24 71 99 73 89 29 15 84 11 12 80 24 7 28 0 7 32 45 87 79 29 9 59 8 36 5 69 23 14 0 58 71 36 30 31 82 52 69 44 3 13 58 94 17 97 22 10 45 64 85 87 0 27 72 33 98 92 51 85 50 85 40 81 26 58 24 97 30 100 25 14 40 95 37 4
90 78 18 93 22 91 86 98 43 29 16 94 19 58 49 37 39 57 38 37 48 18 62 23 0 9 59 39 79 63 70 48 73 32 38 77 89 8 43 76 79 40 36 27 55 8 5 9 83 19 72 41 40 52 21 56 34 29 13 24 55 62 43 71 69 60 53 31 28 81 9 67 36 14 6 68 22 34 93 1 59 76 23 58 34 29 10 32 44 83 52 5 36 37 22 46 66 13 17 52 67 24 3 60 6 14 11 43 44 0 37 94 83 15 72 2 33 72 4 78 74 36 85 22 88 71 72 42
73 40 35 57 97 6 78 48 14 54 41 9 69 31 15 66 53 35 69 27 94 89 15 21 15 82 59 81 4 45 35 28 26 69 30 38 69 95 43 30 46 7 62 42 72 44 28 0 85 91 95 19 1 3 33 51 5 74 74 62 17 82 83 71 22 27 54 71 24 46 64 14 76 46 82 79 81 90 72 51 35 97 96 100 14 1 70 97 79 18 53 77 83 7 57 97 89 91 76 50 95 85 42 77 16 35 48 98 77 39 66 51 83 30 30 89 24 99 75 88 10 87 47 38 46 27 23 49
11 94 27 95 43 50 100 13 62 60 96 62 48 7 78 17 0 8 38 38 60 1 55 99 0 70 30 75 71 59 9 36 3 46 40 67 5 0 18 12 70 12 40 51 99 25 55 39 47 5 82 7 80 84 24 44 54 70 81 70 88 8 24 50 30 5 73 27 77 94 49 95 50 39 62 49 3 52 71 24 21 81 41 62 29 23 72 89 78 94 35 2 85 8 30 40 73 28 50 47 28 42 76 94 70 54 4 22 9 93 9 60 32 8 14 52 62 91 46 73 93 47 58 80 95 56 91 23
13 73 41 16 100 59 9 88 2 2 59 85 33 0 17 68 1 90 78 53 55 95 98 95 1 40 10 10 76 59 9 11 73 45 78 4 94 42 84 94 49 35 2 52 26 11 80 74 77 92 82 80 54 46 41 62 10 47 5 30 85 39 77 52 47 35 73 62 12 74 1 77 77 60 17 61 40 98 82 68 52 40 98 94 18 87 65 80 32 89 34 3 34 47 76 43 46 27 50 68 23 70 50 3 99 37 96 96 60 57 67 18 27 15 18 93 23 22 6 67 81 31 73 15 91 72 26 68
96 33 76 79 44 38 14 61 29 59 29 84 69 46 52 75 1 51 29 20 96 30 67 40 11 40 22 32 47 83 53 67 72 30 35 72 12 54 45 29 19 94 22 43 84 61 27 86 88 42 96 24 78 8 57 69 88 52 11 86 3 13 68 95 98 33 68 10 16 13 21 14 70 58 47 17 52 84 60 46 18 99 5 7 23 16 56 55 59 34 15 71 58 4 65 52 74 59 30 41 72 33 21 4 53 53 56 37 57 17 40 57 66 32 85 18 82 75 96 91 68 66 80 87 71 20 2 4
8 24 6 44 29 35 70 59 83 55 78 32 83 85 95 9 36 56 58 77 91 86 62 69 64 30 27 64 78 66 0 67 8 51 7 57 27 68 29 39 86 75 34 73 17 15 59 59 66 52 33 34 89 0 85 40 49 74 1 33 28 98 49 15 7 91 7 42 74 87 45 13 32 72 33 32 51 60 66 47 30 19 56 66 62 89 78 58 32 72 56 86 56 81 42 66 87 91 44 95 10 3 52 12 29 39 93 66 17 66 33 49 52 23 51 39 48 83 72 36 10 21 87 68 5 34 17 5
65 55 67 36 68 58 83 81 1 36 2 90 61 74 69 42 23 60 12 45 47 24 93 93 97 17 77 1 44 88 16 32 50 72 86 41 7 98 97 77 42 29 86 37 2 13 73 91 28 80 30 65 18 15 38 5 2 51 8 47 79 34 66 45 96 72 26 48 85 4 78 44 16 18 59 53 49 55 65 20 12 4 13 8 9 79 60 26 43 57 2 14 51 81 32 79 7 58 95 44 35 39 54 98 30 62 100 93 96 16 22 51 17 68 13 53 87 51 47 64 24 52 7 88 0 42 96 7
38 88 7 30 42 92 50 8 94 28 46 29 59 4 65 8 60 40 4 81 19 52 16 71 77 21 98 3 17 24 14 46 23 36 65 20 70 53 37 72 77 10 58 32 90 41 9 97 20 85 1 58 72 58 4 56 25 32 82 1 89 54 57 46 33 48 33 68 75 30 34 44 89 66 31 17 69 87 29 56 100 68 36 78 77 44 98 2 95 55 86 95 29 97 0 84 45 59 88 15 77 38 89 93 31 23 51 75 22 22 29 7 84 61 38 75 22 3 94 53 73 52 80 22 83 90 26 51
52 77 9 42 80 45 97 47 25 39 14 63 52 53 91 17 82 30 35 71 52 32 42 22 66 72 15 46 4 60 87 31 71 40 43 65 22 91 41 5 57 100 89 82 47 12 53 53 75 87 63 63 5 93 84 14 29 9 38 28 81 94 63 52 15 64 30 78 71 91 74 64 57 64 29 80 54 17 11 54 29 55 29 35 87 7 23 41 95 9 46 98 22 53 34 85 59 89 88 4 14 53 70 34 35 55 82 39 22 55 87 60 26 42 17 89 88 66 46 68 71 60 88 51 42 18 34 18
13 62 9 91 36 69 73 67 50 94 67 59 71 95 27 96 60 86 8 56 22 100 0 29 44 40 71 47 97 74 10 23 16 20 64 78 41 94 38 15 63 78 16 92 38 54 34 69 73 36 47 31 74 25 19 48 87 18 14 77 80 11 58 81 42 30 69 84 48 30 99 35 63 41 63 68 12 97 46 66 3 86 29 95 18 67 40 48 87 4 14 46 50 93 72 66 19 71 34 66 21 37 35 72 73 84 45 43 53 91 42 54 70 97 91 77 36 46 2 68 6 58 46 12 76 50 10 78
36 5 52 49 68 72 64 42 73 91 1 76 90 18 45 57 29 48 23 17 92 7 46 47 9 74 75 27 11 17 19 77 57 27 76 12 55 57 34 2 83 19 11 76 2 17 38 63 78 47 95 39 38 21 41 4 23 68 92 67 92 38 88 68 23 99 97 10 40 90 0 17 10 4 22 38 32 15 86 4 18 15 24 7 89 21 96 53 79 0 37 45 32 58 39 70 0 57 98 37 2 28 47 37 29 66 96 31 55 55 98 82 42 87 61 6 47 53 98 50 3 33 52 99 1 33 23 20
74 53 70 39 48 29 89 57 6 46 40 74 28 77 96 47 45 10 22 74 76 48 59 9 68 62 96 62 39 69 2 4 27 56 18 38 81 100 7 42 71 29 54 80 67 65 66 66 89 89 38 44 77 52 62 20 20 43 9 84 48 56 74 12 3 55 17 90 20 88 52 66 66 73 65 66 89 17 69 49 59 34 42 87 26 44 81 87 1 98 91 66 99 38 57 0 10 94 31 30 17 65 32 23 37 54 79 54 93 74 41 86 47 20 52 90 80 9 1 52 52 83 12 43 66 29 16 38
43 4 15 90 42 77 37 16 39 82 81 52 37 2 24 47 53 18 15 32 28 32 18 4 99 33 43 42 87 44 11 88 92 44 4 93 41 51 22 53 79 71 24 1 20 50 78 68 73 96 53 8 3 11 87 63 33 100 23 31 50 46 16 84 55 17 73 93 76 77 53 44 11 77 38 9 92 52 60 19 59 34 37 33 53 68 70 88 71 35 6 76 3 55 7 69 51 15 92 90 49 70 81 20 72 25 15 66 34 22 88 67 17 12 58 71 75 0 27 65 33 7 19 78 27 23 12 27
55 74 33 22 20 84 75 52 57 67 54 30 73 21 99 50 40 33 62 84 84 3 68 46 12 20 89 100 91 46 93 84 38 68 80 5 9 96 92 8 81 2 55 23 29 0 95 52 62 89 15 58 70 33 79 72 93 66 21 26 46 46 64 26 77 72 63 75 87 82 62 61 45 54 59 91 98 87 18 84 64 38 74 24 96 3 54 75 84 23 19 24 0 9 5 95 16 53 56 46 52 63 87 95 14 48 20 79 96 76 82 61 11 18 99 89 76 95 99 68 84 79 45 60 62 11 85 32
43 94 26 46 35 71 45 62 10 78 41 74 76 4 86 36 42 100 62 58 1 91 90 17 84 27 54 60 60 87 96 97 13 50 69 25 18 59 13 77 5 73 84 24 81 65 99 74 42 51 20 6 15 37 64 63 65 76 14 22 78 89 79 0 52 4 68 46 72 23 65 47 75 18 10 92 52 56 67 100 58 37 81 5 57 50 14 54 47 45 25 68 58 98 66 18 16 92 11 12 65 77 82 24 80 52 59 51 54 88 62 45 11 1 39 95 64 16 51 7 23 73 93 26 13 11 24 51
23 9 0 80 68 96 73 17 4 97 59 22 83 83 13 6 91 79 38 46 13 54 72 77 40 64 29 1 56 59 71 19 73 15 68 74 70 20 78 90 93 53 74 84 25 99 74 99 54 84 31 44 47 12 99 36 11 99 17 94 59 56 17 26 77 65 34 50 35 99 16 93 12 91 16 80 34 49 94 51 25 52 39 82 39 15 21 95 3 50 97 100 32 25 43 5 39 72 9 2 19 75 37 8 77 53 32 48 89 9 5 9 46 31 76 49 80 41 39 0 12 69 81 49 67 16 13 7
89 83 87 78 36 30 31 72 64 82 50 7 37 95 16 33 88 41 26 30 64 0 79 62 63 6 60 14 35 60 10 42 55 95 93 73 22 64 2 59 60 8 68 94 92 43 39 78 49 82 6 96 80 66 10 89 87 37 74 70 52 63 88 54 90 31 93 29 40 94 4 92 34 63 40 61 72 49 92 64 46 98 69 6 12 62 8 0 60 92 39 95 15 26 0 56 48 91 45 91 88 100 41 12 69 59 95 66 30 3 59 66 23 48 54 73 91 98 37 12 20 80 63 34 98 73 91 65
39 86 96 85 78 80 16 35 25 28 99 49 69 35 66 94 93 75 58 67 27 69 19 39 43 66 65 23 63 5 14 26 30 58 3 98 56 26 64 9 26 54 73 56 31 10 84 53 90 55 11 45 15 75 63 12 29 99 42 86 45 36 94 73 68 12 11 46 89 37 91 12 10 33 93 38 49 60 62 70 25 23 79 72 28 58 71 88 50 90 43 49 49 76 45 76 43 98 53 36 91 20 91 99 39 32 43 53 69 24 42 22 57 28 93 78 13 93 76 26 82 87 21 35 45 66 93 59
8 4 68 60 56 66 14 13 33 3 51 7 37 6 73 79 52 10 84 48 14 77 19 66 14 54 25 11 23 43 31 42 7 10 19 39 27 13 9 22 77 65 46 6 61 64 11 0 73 6 79 26 23 30 29 42 58 87 75 39 100 98 3 87 51 79 18 73 70 11 10 74 1 72 62 3 19 78 47 20 86 68 55 69 35 57 74 55 63 98 0 22 64 39 64 54 19 29 21 41 81 82 36 42 81 55 35 1 33 7 87 58 27 18 32 50 81 24 46 20 92 69 8 17 96 36 86 9
60 0 65 3 77 5 37 81 3 10 38 12 77 67 29 2 29 90 23 61 51 2 57 43 10 49 38 76 97 70 22 14 17 27 77 23 10 14 53 43 21 31 17 68 40 67 33 69 25 17 57 13 85 55 26 28 4 7 16 52 61 13 18 51 74 61 19 51 99 39 46 17 83 50 95 96 86 17 69 60 61 32 82 41 17 50 50 94 3 33 67 7 26 58 30 100 30 39 78 38 48 21 83 36 61 95 10 40 5 9 3 61 42 34 93 14 64 63 68 43 3 5 42 14 89 21 38 61
79 14 83 13 28 61 95 90 11 23 27 83 76 78 39 73 30 98 89 72 60 36 66 11 30 27 0 89 73 47 38 58 19 51 11 4 42 53 14 20 93 30 73 79 56 36 9 55 4 60 64 76 1 55 86 41 100 95 82 56 70 45 40 15 57 47 84 46 99 96 59 85 8 41 14 55 41 49 99 30 28 44 61 45 44 79 8 24 86 13 35 10 19 94 2 87 50 100 46 85 68 86 58 97 17 72 41 88 57 62 54 36 1 23 21 52 77 1 25 14 19 39 57 48 67 83 25 54
4 93 78 37 30 24 62 79 96 15 7 53 18 20 93 35 1 60 100 57 2 60 36 100 62 60 62 19 63 50 48 88 85 23 12 24 64 100 22 82 72 25 77 13 92 14 55 42 84 19 75 5 77 30 25 13 41 14 77 22 71 28 15 32 37 18 100 41 80 24 31 86 39 86 13 47 49 27 28 48 68 54 97 6 14 52 66 76 30 50 36 52 84 79 64 23 33 67 65 84 49 77 18 39 49 90 89 81 5 89 21 16 88 68 51 30 21 70 43 41 22 74 88 58 50 43 93 70
88 25 49 38 42 63 50 44 47 28 8 29 69 44 32 78 54 11 75 89 57 29 88 97 49 83 48 91 75 15 83 58 99 19 81 95 41 92 18 75 82 94 92 9 10 98 2 44 53 30 77 41 58 61 79 82 21 29 55 12 28 90 28 27 62 48 92 57 81 55 63 12 1 26 33 26 89 27 38 76 57 4 49 77 32 30 20 91 59 86 77 80 99 34 92 97 77 41 39 76 1 34 48 18 46 34 20 63 81 83 77 63 30 48 17 88 70 86 13 49 3 44 26 21 16 12 67 100
88 40 94 13 77 6 9 80 36 2 91 48 40 18 93 5 29 27 47 28 31 92 5 56 47 27 77 2 95 93 32 73 54 46 38 99 99 78 59 36 22 98 96 88 68 43 12 42 14 9 16 55 85 23 8 26 52 28 67 7 70 97 11 77 53 95 75 81 14 19 48 74 86 35 57 84 0 39 32 97 63 26 21 90 18 0 52 62 55 55 8 4 24 49 26 10 51 76 26 63 95 87 0 66 18 76 62 75 13 61 16 12 34 74 46 97 38 1 72 65 55 45 5 10 10 63 55 56
35 73 24 51 44 57 1 21 80 10 63 98 17 11 34 18 57 53 88 83 73 69 76 8 23 85 13 92 28 91 88 23 10 73 60 41 37 37 50 6 54 45 3 47 87 53 71 29 40 86 94 81 97 1 35 44 29 61 83 64 97 6 13 15 29 42 74 85 81 96 38 75 40 84 57 44 26 71 78 90 45 6 82 22 25 3 61 47 23 55 67 78 15 30 39 60 56 68 26 34 92 68 97 5 93 97 91 77 6 42 35 15 6 18 36 48 68 55 34 86 65 98 86 52 59 47 12 45
90 62 59 23 94 41 31 52 97 54 35 12 57 5 48 8 86 39 55 60 48 69 87 29 80 38 57 22 80 93 5 28 25 33 50 73 12 25 89 32 39 60 54 86 35 92 63 14 70 36 40 69 46 5 8 59 93 3 43 69 27 47 0 37 74 95 12 56 45 30 52 52 97 6 52 56 94 44 75 3 6 85 45 47 11 5 35 38 88 40 66 97 33 20 74 9 19 93 30 19 65 62 99 17 100 92 12 77 14 30 58 42 50 52 19 15 68 50 62 52 82 83 77 86 11 48 17 37
3 82 6 78 33 27 52 8 40 32 38 93 73 83 92 13 8 7 18 29 53 5 2 52 19 97 26 40 1 11 80 9 46 55 67 86 76 94 60 40 24 43 28 57 75 66 40 63 70 80 81 9 77 20 80 92 21 56 47 66 79 68 61 45 92 74 28 81 14 48 38 18 2 32 24 13 91 64 23 95 62 52 29 61 54 86 57 0 53 24 84 12 51 77 12 91 57 72 44 50 8 88 44 85 11 1 54 84 24 98 80 91 95 4 40 39 62 41 70 26 5 37 90 15 21 59 36 84
84 47 47 92 30 71 70 89 57 41 44 31 81 39 59 48 95 80 75 79 59 45 65 4 70 28 44 99 31 96 83 67 40 59 10 98 91 0 11 47 76 76 3 33 70 10 23 76 98 82 47 59 36 56 35 2 96 78 6 80 44 20 7 86 71 55 98 8 15 73 51 3 79 19 42 81 77 76 61 5 66 23 7 72 97 85 35 51 30 43 80 3 76 54 80 55 70 1 74 48 47 82 14 68 98 14 83 0 29 1 36 61 56 65 81 22 64 45 27 95 19 57 55 74 89 69 30 12
85 68 31 29 0 64 80 26 16 32 88 39 4 100 16 13 80 47 38 35 23 21 28 52 50 56 95 15 7 85 58 17 55 93 37 81 40 98 22 98 74 47 7 55 31 99 10 55 94 82 65 97 52 95 1 99 22 82 94 3 69 40 16 90 17 99 18 35 76 72 19 55 49 19 42 50 62 13 33 34 38 92 29 24 89 52 46 98 66 24 84 18 17 90 11 1 2 22 43 82 16 47 78 41 20 56 57 81 79 30 100 31 31 82 9 50 59 96 59 12 47 25 13 75 7 7 22 9
73 27 51 69 76 88 66 33 4 22 49 29 27 99 74 7 100 69 21 26 33 20 97 70 25 91 8 32 49 92 36 67 14 97 53 49 4 8 4 6 71 25 3 59 97 63 39 20 11 29 9 81 42 4 13 43 0 71 35 28 28 65 60 49 5 13 63 1 98 39 43 57 69 10 88 67 87 78 31 43 24 2 72 93 67 98 99 11 3 47 46 45 36 82 27 31 72 14 15 59 39 1 50 3 30 66 82 53 17 89 59 27 96 63 71 85 79 53 52 75 17 46 98 3 6 99 36 92
17 2 74 25 59 56 43 37 20 85 10 84 31 100 52 95 11 2 96 0 52 96 95 86 42 66 13 2 97 48 93 55 45 67 93 19 10 48 73 69 23 52 41 71 41 43 62 40 79 12 26 39 30 27 52 25 47 70 27 60 9 49 12 92 48 57 1 43 39 16 41 91 20 59 17 85 98 22 93 1 95 85 60 33 67 37 8 34 47 48 28 24 91 8 97 7 29 100 13 85 73 25 3 18 96 90 26 8 2 78 83 66 28 38 39 18 49 58 92 60 94 45 53 14 32 4 64 79
90 74 87 6 26 35 89 89 1 15 7 33 12 9 56 16 29 69 71 88 32 15 37 84 84 1 56 81 94 57 92 61 73 24 12 98 6 35 50 58 50 75 49 91 20 29 48 83 56 95 45 61 55 89 49 35 92 21 55 16 87 78 19 81 56 35 53 20 94 33 9 55 38 94 1 55 91 68 37 92 3 45 53 44 66 79 65 21 53 80 51 17 10 9 45 41 57 71 38 15 16 12 37 51 62 12 47 98 43 76 90 62 73 59 1 34 31 45 28 100 30 0 27 44 56 46 37 2
87 48 18 70 10 61 13 4 54 36 14 59 90 59 74 29 12 89 53 88 22 10 31 49 36 37 21 85 96 72 22 77 15 11 39 72 73 10 68 44 97 18 81 21 51 87 85 78 38 42 74 88 48 84 16 77 73 20 82 16 33 17 65 33 29 68 71 72 30 95 68 28 41 95 25 24 95 85 6 81 84 6 100 58 97 67 67 80 92 16 53 19 79 100 24 25 94 60 56 19 94 20 76 17 12 25 71 47 84 28 21 70 2 66 11 64 38 55 51 57 37 41 88 44 22 48 96 12
62 97 27 50 13 12 66 41 16 22 67 75 86 86 84 81 99 76 28 93 16 30 46 73 80 61 88 83 48 48 97 79 14 23 59 72 3 15 71 95 26 8 40 22 56 32 84 71 7 27 45 36 43 93 60 99 97 81 66 98 65 30 45 19 58 20 63 72 40 65 53 53 24 32 12 15 10 7 100 99 40 35 89 28 59 3 99 77 10 47 38 27 44 86 12 8 62 4 19 32 30 15 10 47 67 26 47 22 9 53 41 22 44 88 80 72 40 94 54 98 9 47 74 1 23 24 92 52
55 54 52 78 46 38 3 67 12 39 47 88 34 84 88 85 61 75 85 18 95 48 16 24 53 13 10 18 67 91 26 77 58 43 69 52 14 12 55 49 53 43 34 71 40 16 13 18 68 24 7 54 96 27 7 42 1 64 51 51 21 93 37 38 78 68 80 59 84 11 65 67 53 65 75 24 26 53 7 42 81 44 35 90 93 92 55 15 96 12 0 20 92 50 17 6 32 40 85 80 25 57 31 100 4 15 8 51 98 96 75 37 76 37 21 22 15 1 40 65 85 47 86 62 14 23 61 96
49 80 34 41 11 66 92 2 24 70 37 56 97 89 84 89 73 92 62 17 6 17 14 99 11 85 41 66 16 3 19 43 14 40 31 93 55 97 0 29 31 59 52 48 69 9 6 69 38 78 76 81 16 82 48 14 18 16 14 36 76 41 100 94 1 64 33 18 0 92 97 19 27 37 1 44 28 33 16 15 78 89 35 16 64 21 92 38 32 33 7 58 64 30 49 38 85 8 32 72 7 13 1 1 63 61 47 77 90 45 12 95 89 45 14 60 23 11 29 22 9 19 2 23 55 14 20 27
68 96 69 77 12 51 42 64 12 52 36 44 36 18 32 57 3 88 43 78 77 53 49 81 25 79 17 91 17 73 55 62 22 67 93 15 21 81 76 42 89 92 63 1 81 46 94 35 79 64 18 70 24 47 70 26 97 30 92 76 12 87 12 100 79 73 82 49 87 99 38 2 9 43 9 86 44 40 80 40 25 98 19 8 71 53 82 2 98 13 21 35 0 37 90 71 1 17 87 92 71 12 56 86 100 1 41 19 74 80 76 8 80 61 48 78 53 29 53 88 62 22 1 57 57 67 11 78
71 80 93 56 100 63 17 69 11 39 17 16 63 65 64 71 73 88 35 79 52 79 4 60 41 46 48 73 29 44 83 0 56 94 2 43 35 8 10 57 84 47 61 29 67 11 5 67 21 96 77 46 56 97 60 67 1 79 58 12 71 71 45 21 95 63 20 10 73 46 50 35 84 63 33 3 54 92 21 28 73 13 72 52 89 93 30 22 60 1 84 71 48 3 26 89 62 73 39 85 89 53 76 35 50 8 40 32 97 86 57 35 46 50 80 29 65 13 97 49 85 93 46 31 59 68 33 30
13 3 2 11 12 96 100 43 62 4 47 24 16 71 44 5 56 72 61 79 85 40 77 3 37 84 65 96 25 15 29 15 16 40 38 93 51 39 60 14 3 29 20 11 78 54 46 61 96 48 54 95 43 98 45 12 43 83 53 31 93 72 58 84 58 47 29 24 36 83 61 60 51 61 40 19 72 84 68 53 83 47 47 44 85 84 33 76 4 93 72 35 77 65 90 73 72 48 63 85 27 90 19 21 24 86 49 91 67 71 89 44 16 93 87 64 5 61 2 33 11 47 6 38 76 69 77 70
43 60 77 96 62 88 94 61 34 34 36 67 70 80 14 71 1 43 74 76 67 63 10 25 95 68 9 2 6 40 64 94 64 72 15 96 73 61 80 93 23 43 50 61 74 35 61 98 26 31 64 88 22 61 23 34 1 2 32 20 0 60 42 10 2 76 29 55 48 39 43 95 25 48 56 82 87 3 58 62 93 17 62 13 59 83 25 44 61 93 48 3 53 75 58 2 94 79 34 4 88 15 31 77 69 4 85 85 80 46 79 30 42 48 19 7 49 19 36 46 94 47 76 16 4 38 33 11
60 32 93 70 4 36 61 20 94 99 26 45 14 85 58 16 70 28 49 62 50 57 68 67 15 18 89 24 78 51 7 61 74 36 87 25 62 76 61 58 67 23 11 49 66 48 72 53 58 15 22 41 16 26 71 69 91 48 49 57 73 12 21 98 45 4 1 73 81 47 77 95 29 85 79 86 9 47 6 79 44 49 46 14 24 43 38 52 65 85 16 17 90 24 92 35 67 32 89 90 86 44 74 76 29 32 93 10 15 10 15 84 27 26 18 63 11 5 94 17 29 96 61 6 75 39 92 16
79 57 15 96 23 79 63 51 58 13 78 22 68 80 40 43 83 39 66 17 89 5 98 65 27 30 23 1 59 7 62 56 4 95 15 50 82 45 99 66 74 36 6 1 27 59 16 34 88 69 28 38 79 40 45 63 50 36 83 35 56 94 20 23 45 60 9 78 53 21 59 72 52 44 3 65 18 33 43 11 12 69 27 82 87 100 48 10 88 26 39 71 86 18 4 41 80 2 69 81 96 92 31 99 42 98 36 25 94 100 68 32 92 78 40 56 59 18 68 2 26 73 100 79 21 82 48 31
22 59 52 90 70 75 89 19 30 41 24 44 53 5 40 72 30 43 98 64 82 14 74 30 35 74 5 41 65 76 53 2 53 17 71 63 45 43 94 1 85 42 30 47 40 66 48 59 89 87 89 84 70 76 52 11 45 57 52 56 11 71 37 52 4 72 80 20 46 72 0 24 82 44 4 54 35 20 83 66 98 42 52 22 86 13 35 89 30 52 26 39 74 64 67 49 91 13 49 35 97 24 85 46 30 95 81 37 81 65 25 50 29 100 37 39 91 92 53 62 27 66 79 52 1 6 35 92
51 47 98 86 46 24 65 2 89 92 56 68 77 32 60 22 24 94 28 23 55 24 97 51 59 96 18 73 51 81 29 50 20 21 80 66 92 33 95 91 47 32 58 13 7 6 42 91 72 93 69 67 68 80 16 31 22 44 36 16 26 99 44 10 26 39 28 63 42 91 68 20 30 48 92 2 36 20 30 9 88 0 39 7 75 59 97 22 51 0 86 65 100 15 75 50 23 81 54 83 14 9 40 79 34 76 12 67 33 27 100 96 70 66 50 1 11 38 14 31 74 0 25 91 0 26 65 68
93 50 66 87 45 46 56 31 86 47 39 13 6 10 89 83 28 61 76 80 1 94 97 38 52 47 52 8 88 18 68 16 37 31 9 65 97 24 27 3 67 90 28 85 96 77 64 51 54 34 11 16 50 88 88 36 6 1 97 32 57 0 57 29 75 60 42 99 6 63 49 63 95 97 98 41 33 51 46 53 88 78 34 94 33 1 39 21 59 86 80 86 64 25 18 74 31 12 43 20 2 31 3 21 69 54 99 33 80 89 94 52 77 59 22 72 81 70 94 30 35 45 23 89 15 53 94 0
100 12 98 93 100 31 68 97 73 5 73 60 50 86 9 87 88 99 41 27 64 50 73 94 73 17 59 67 75 75 8 62 61 80 58 61 53 45 70 98 42 56 1 23 79 81 2 56 77 87 58 89 36 39 39 46 33 73 61 0 7 50 7 48 74 100 67 48 33 20 94 6 55 73 91 36 83 81 17 56 14 6 60 47 43 85 61 77 14 58 7 21 34 23 54 60 91 9 98 65 55 37 51 40 89 70 63 47 96 15 71 71 4 35 90 69 89 76 74 69 31 35 33 31 61 0 28 46
46 63 91 23 90 54 50 56 30 0 74 99 99 13 33 20 54 78 99 35 77 72 93 22 69 35 8 28 52 39 23 94 1 75 38 1 13 0 21 59 24 35 42 62 87 78 83 60 73 13 70 27 32 62 8 56 35 75 45 17 75 53 46 21 99 91 28 10 19 20 78 88 34 33 39 11 64 14 30 99 23 86 70 37 34 6 9 66 15 39 96 1 92 37 75 36 96 96 43 12 77 91 29 49 48 87 81 36 84 55 28 10 97 24 68 59 1 43 54 91 34 12 81 50 53 79 97 13
57 43 47 8 92 24 33 6 98 12 94 92 41 8 4 96 52 82 12 3 76 34 29 70 83 32 72 58 44 88 26 6 52 31 33 12 68 14 37 37 77 17 6 59 48 66 57 60 96 35 44 20 8 20 97 15 77 21 71 7 95 64 8 31 2 96 85 26 79 94 80 77 91 76 52 74 26 39 38 58 36 45 2 57 99 7 59 64 99 53 82 19 6 3 10 20 18 83 65 29 72 50 27 81 96 91 30 32 16 52 28 78 47 30 1 83 73 33 83 76 59 88 74 50 15 2 78 71
0 44 26 11 52 3 67 61 27 25 9 66 38 60 1 55 34 43 26 84 51 62 100 66 1 76 8 34 5 65 64 97 13 0 80 50 58 84 64 61 40 85 98 26 0 97 49 6 43 63 38 59 12 64 7 32 14 34 54 76 85 3 23 89 53 72 80 98 19 68 44 73 51 5 78 71 99 43 64 14 71 43 2 83 97 18 45 46 100 60 67 59 87 19 99 66 38 5 99 77 82 18 78 34 1 24 42 96 51 28 73 66 59 94 20 10 56 2 26 18 58 38 89 62 96 74 81 27
86 34 1 87 70 50 20 22 23 62 75 96 4 50 9 85 83 41 46 7 47 43 67 62 99 100 85 1 30 31 33 59 27 7 24 59 54 56 47 40 56 8 49 14 38 24 90 74 90 24 51 23 47 7 52 80 89 0 92 3 22 3 79 11 49 75 60 13 24 72 56 57 0 98 12 83 65 62 70 92 70 68 71 64 38 70 33 33 80 86 7 49 51 58 56 65 5 51 48 65 31 26 63 74 54 20 91 42 3 67 5 66 7 24 93 33 46 83 13 35 52 44 97 72 38 68 75 96
20 63 8 39 4 37 85 89 96 17 71 3 51 32 53 15 98 99 65 73 49 77 43 38 13 39 30 63 66 18 38 1 65 46 74 99 31 50 97 6 33 12 11 76 88 23 50 70 11 72 14 46 81 52 45 39 90 6 43 70 91 59 58 31 90 56 99 6 25 93 77 54 12 99 97 76 81 97 28 98 93 3 85 14 62 52 58 97 20 58 26 57 11 84 79 26 100 95 5 82 8 83 47 42 88 63 9 66 97 26 43 38 3 2 41 87 29 26 94 65 56 17 6 74 1 44 27 7
43 21 37 46 20 70 13 94 21 22 97 40 28 14 37 69 64 82 9 72 60 58 58 17 95 29 89 5 59 1 68 18 62 44 18 97 84 100 25 57 4 75 8 85 52 1 48 76 84 72 10 32 59 61 50 41 15 39 92 39 91 9 13 99 1 89 81 12 50 23 75 86 77 25 59 96 51 93 93 68 46 25 86 33 77 18 21 32 87 0 76 77 84 66 48 79 90 27 2 12 74 87 85 33 10 89 49 59 69 93 54 54 50 11 36 76 90 65 48 54 40 66 92 61 98 67 8 52
50 46 13 80 38 30 90 49 11 11 21 52 45 77 12 60 8 69 100 46 41 93 30 95 14 36 38 89 28 23 64 61 7 32 14 77 35 74 53 57 59 59 86 93 92 14 16 20 39 80 90 49 83 47 9 36 32 14 92 25 85 53 67 91 63 10 88 23 67 41 40 31 98 27 11 91 0 26 31 68 45 36 34 68 10 12 35 100 55 71 81 89 61 98 67 48 33 60 100 31 7 45 86 64 64 54 24 43 89 91 21 0 76 67 41 30 90 46 24 18 63 33 76 21 41 83 58 48
86 81 89 0 69 30 62 53 100 86 2 31 36 19 15 8 99 78 64 76 96 11 39 23 42 55 76 67 49 40 89 80 40 8 4 47 14 55 74 86 100 80 68 95 35 53 6 19 67 63 94 53 22 87 50 37 77 13 88 77 40 31 45 21 4 49 53 49 65 63 6 82 48 91 97 4 97 83 64 4 5 29 59 98 84 76 86 99 74 20 1 47 0 76 27 32 70 85 73 94 85 55 86 17 21 65 74 88 63 35 81 57 95 16 5 31 17 61 38 28 56 21 16 88 57 40 92 88
45 76 23 49 3 27 83 27 42 48 72 8 48 44 35 76 33 68 28 73 75 21 23 78 95 44 76 84 27 35 99 67 48 1 77 92 71 93 60 7 76 34 78 42 23 19 58 86 36 9 42 81 25 68 87 94 40 14 40 1 43 11 19 11 32 88 47 4 92 88 36 67 72 68 42 96 87 76 0 99 42 22 11 99 58 32 74 10 57 65 78 74 95 51 47 0 81 76 98 60 90 87 89 48 12 77 75 68 84 47 93 71 32 6 14 66 57 49 79 75 64 96 95 66 62 69 69 74
97 93 78 29 81 100 77 59 8 32 24 12 49 36 20 8 75 40 0 5 62 53 86 68 76 59 2 29 76 73 43 96 88 40 75 93 85 13 33 46 6 3 87 6 85 15 0 66 26 50 49 36 60 39 57 67 71 52 38 27 43 67 73 99 91 33 97 37 41 14 42 43 7 77 82 33 9 26 10 56 97 21 53 94 47 73 15 1 81 80 57 13 84 78 76 47 84 91 35 17 58 64 93 25 20 62 98 91 41 2 8 26 88 50 76 87 77 54 77 13 31 17 66 26 73 31 64 98
77 25 94 77 5 6 43 9 46 5 71 56 37 15 43 11 74 100 94 86 79 75 65 79 59 47 69 61 68 75 4 26 89 49 92 58 77 76 32 90 46 15 2 3 19 19 93 18 92 34 46 83 35 59 94 0 34 94 58 20 97 25 36 78 25 16 39 81 92 29 36 87 49 97 6 50 10 82 24 13 29 22 76 82 94 67 81 66 13 1 73 93 3 61 63 51 63 28 90 40 91 47 2 71 44 5 60 19 28 80 77 21 98 54 6 0 31 5 6 71 31 38 47 91 89 35 33 75
89 79 51 74 25 28 61 54 5 98 23 65 24 51 76 88 33 21 40 63 30 12 71 42 27 82 89 27 4 7 32 81 72 48 54 7 22 47 85 71 43 79 92 13 6 4 24 84 15 52 66 69 68 81 91 98 72 30 46 83 11 54 94 40 78 53 10 12 18 46 59 14 11 42 54 68 18 27 70 77 15 74 54 60 46 82 94 68 39 92 3 41 60 38 60 97 98 72 56 10 32 49 62 67 90 4 81 92 63 10 80 43 28 20 20 95 48 65 92 52 32 4 36 94 64 19 56 57
93 56 18 43 5 85 59 90 72 69 47 31 7 43 55 12 34 19 85 79 23 62 20 12 24 96 28 29 32 27 14 51 21 86 40 67 61 57 9 33 34 81 61 9 49 24 51 62 44 9 99 84 34 30 43 60 32 9 42 2 27 42 18 14 44 79 60 84 6 61 84 79 90 19 58 22 89 73 77 60 7 77 96 14 7 29 5 11 55 37 25 86 43 65 91 2 54 46 77 44 77 52 56 64 67 71 96 86 21 27 33 71 71 46 11 57 97 44 76 49 86 86 34 70 92 33 32 71
71 68 8 38 12 86 50 39 56 6 50 7 53 71 55 42 67 41 65 60 0 72 73 73 25 80 58 76 55 100 79 74 35 73 71 93 73 76 87 45 79 55 82 77 55 86 68 84 15 55 76 49 48 57 17 61 63 39 27 83 91 13 74 9 74 14 9 66 63 0 22 53 53 97 38 54 15 98 48 62 65 85 66 75 43 83 62 52 66 81 95 38 39 60 56 39 82 86 28 48 21 55 85 23 18 58 15 37 93 79 92 88 5 90 45 5 10 18 87 45 93 6 61 12 9 20 90 89
87 89 99 3 87 44 68 97 58 60 1 93 37 44 55 85 88 3 36 7 94 27 35 44 22 81 76 39 41 45 32 68 64 44 90 21 62 0 25 35 76 11 8 41 79 75 75 17 14 78 23 73 35 51 48 55 42 81 83 31 69 41 53 84 61 33 2 20 93 2 91 95 5 71 50 98 44 3 93 39 10 36 72 44 27 58 75 36 47 90 5 88 3 91 67 60 9 69 39 44 71 54 61 20 15 30 8 99 51 81 87 87 26 99 73 6 20 79 47 93 65 18 46 98 17 0 89 78
47 95 10 60 92 26 4 66 99 39 51 96 94 50 45 12 86 25 53 86 32 30 33 90 96 33 94 46 40 54 60 9 62 95 22 73 64 67 70 70 72 0 98 56 66 67 83 82 8 45 49 45 81 22 84 85 71 87 40 50 62 38 47 24 40 58 24 11 9 100 50 63 87 63 42 4 48 59 63 10 62 85 83 83 89 63 56 6 70 84 73 23 12 88 52 50 4 47 76 92 18 96 52 22 45 63 91 98 1 98 25 77 35 48 56 3 10 43 71 16 84 56 11 76 16 19 83 30
100 29 73 65 55 69 48 34 3 76 13 19 22 36 59 97 9 19 95 53 87 48 44 25 31 26 54 37 57 9 33 75 93 9 58 64 57 1 0 26 77 87 59 97 34 76 83 44 70 62 31 26 73 53 83 86 67 27 1 92 45 62 79 19 83 92 90 2 84 0 5 49 24 86 4 36 41 20 93 69 94 0 81 4 87 49 91 43 97 5 89 60 71 60 58 29 1 47 32 14 57 91 11 25 17 3 7 28 60 22 98 56 8 1 17 70 52 10 69 58 28 9 59 26 92 62 67 44
87 100 2 36 17 92 15 11 80 98 62 57 4 61 82 19 90 2 45 43 16 66 67 24 94 4 50 91 30 25 7 46 80 95 74 36 10 1 4 32 100 69 14 12 17 72 46 71 41 42 67 70 84 78 86 98 63 28 58 87 46 3 78 63 24 87 63 48 53 7 47 27 69 8 93 56 23 43 0 88 98 33 50 32 22 20 3 73 11 82 5 93 89 42 19 59 33 66 12 21 57 28 53 65 50 40 92 39 29 97 47 89 52 78 61 71 25 4 22 46 7 56 92 52 19 4 74 30
50 44 90 77 39 81 26 40 62 50 72 44 10 74 14 78 10 86 19 28 78 66 62 60 9 63 15 44 46 70 64 84 8 16 16 14 59 52 81 40 76 56 11 57 8 27 2 25 60 69 29 81 77 100 53 1 66 0 45 30 27 36 81 64 91 77 44 46 65 97 14 86 20 25 77 81 23 97 24 24 77 14 98 53 20 23 32 77 80 26 92 91 64 14 28 52 21 75 87 31 12 59 85 22 33 33 47 57 12 22 100 11 1 85 57 83 24 95 12 74 50 22 33 65 50 94 43 15
86 30 89 98 50 73 36 70 19 72 13 55 11 63 49 60 26 76 10 9 39 11 86 11 6 14 42 52 49 80 41 71 54 57 26 94 47 9 73 1 93 62 47 74 37 36 65 51 91 66 51 6 19 4 65 94 85 5 28 9 62 62 1 55 97 71 86 67 90 33 5 9 89 50 100 45 77 54 58 100 42 52 70 77 1 25 60 92 10 68 16 18 22 47 72 44 39 12 45 65 49 11 43 29 25 50 0 15 89 10 9 5 48 84 32 89 69 39 28 5 2 88 79 82 14 65 96 21
5 55 67 6 90 34 7 95 78 55 38 88 97 75 67 54 36 9 82 38 22 24 26 72 97 56 100 11 17 6 42 83 4 88 20 1 78 78 73 41 19 3 21 20 54 93 75 2 16 57 47 61 97 46 27 63 94 20 22 25 11 27 31 63 2 26 50 73 66 56 40 79 54 52 57 19 74 30 89 0 6 1 6 96 100 28 89 93 48 21 4 96 67 53 36 71 74 56 14 69 6 42 38 12 47 24 27 39 61 70 24 38 66 90 85 64 53 40 2 45 56 46 51 11 6 59 99 0
70 7 95 36 90 13 46 61 47 77 96 58 76 28 45 47 98 83 14 77 81 11 73 22 50 33 54 53 46 2 69 64 62 66 15 16 56 34 61 98 68 69 84 99 100 42 70 97 67 37 66 48 55 94 43 96 24 39 11 83 69 7 50 53 14 43 96 80 77 26 3 86 31 86 91 3 33 8 1 88 77 60 62 71 72 90 39 61 38 13 87 51 51 1 6 37 22 18 45 37 49 14 11 66 43 97 97 39 30 46 53 38 40 100 42 71 85 20 80 20 40 39 18 46 58 30 73 15
43 73 29 31 47 19 39 78 20 69 20 58 97 96 94 11 68 18 32 51 84 67 21 70 78 40 57 97 53 32 90 67 65 66 45 30 97 33 37 29 55 47 64 69 89 32 17 76 15 67 41 85 45 13 7 50 30 36 36 53 7 22 86 35 75 29 93 43 97 40 42 31 64 57 2 16 84 79 13 9 20 33 92 94 37 33 58 93 21 89 91 17 61 68 72 97 84 8 100 5 72 83 48 57 75 6 97 70 79 11 41 1 65 97 77 13 70 77 55 48 89 23 81 52 86 74 92 41
61 25 36 74 75 7 56 55 64 80 88 6 22 51 86 2 57 66 17 13 52 30 77 62 38 52 100 40 28 26 17 63 55 10 12 1 7 67 29 23 96 97 49 14 22 54 22 56 41 76 14 26 35 51 22 61 80 67 12 21 24 83 92 34 91 35 14 53 2 15 40 78 50 57 45 56 9 98 8 99 57 2 3 73 31 34 49 40 25 35 89 17 26 47 97 87 54 74 39 38 88 75 10 3 86 28 20 17 9 79 68 67 33 13 96 97 17 26 75 44 29 36 91 29 68 29 55 5
87 32 7 42 74 61 51 45 83 76 32 17 75 22 37 35 58 64 0 29 42 67 88 84 53 90 92 55 76 58 67 11 33 42 49 14 99 3 26 70 67 40 40 65 95 1 92 33 18 57 89 91 55 15 57 88 16 98 17 88 50 40 81 71 98 86 54 55 85 36 50 77 7 27 38 19 91 59 79 54 54 57 11 60 11 33 82 20 95 89 89 59 63 39 53 41 90 24 7 20 65 42 73 43 92 1 16 23 28 14 54 53 69 98 93 14 23 88 41 66 12 58 41 98 57 73 89 72
43 50 51 99 50 4 69 14 12 38 33 77 47 39 32 27 10 7 77 67 23 48 84 73 14 17 58 41 59 99 71 2 60 48 92 5 24 80 49 68 100 69 40 15 74 47 77 53 86 36 10 15 9 93 21 79 90 7 81 85 60 71 28 97 55 11 44 76 56 39 33 55 65 57 25 27 51 55 92 46 86 57 22 76 1 54 23 86 19 61 84 21 51 96 62 60 1 67 18 15 41 73 95 12 46 67 11 46 19 25 97 69 88 9 0 44 10 70 14 83 77 49 14 92 90 27 50 100
40 58 73 47 55 88 81 20 49 31 67 81 81 80 4 69 25 15 62 28 20 68 47 59 1 45 19 49 46 28 39 31 44 30 10 46 100 39 52 99 43 36 36 91 80 23 4 57 33 35 62 79 54 62 3 18 49 53 27 2 21 57 73 69 70 47 11 12 68 93 30 78 24 83 90 84 37 80 92 89 32 36 91 30 40 15 11 66 65 76 76 84 17 36 94 19 16 40 10 57 36 75 19 84 0 27 95 79 59 36 72 89 23 23 10 32 44 10 18 55 5 77 40 49 67 79 99 62
65 22 0 25 100 2 85 52 76 31 63 16 45 88 28 34 83 25 10 97 96 93 79 0 86 93 10 5 90 50 0 6 78 37 93 43 77 59 63 69 90 95 91 62 31 10 49 18 37 39 42 61 5 80 70 67 37 100 9 82 72 35 60 93 29 99 65 92 53 12 91 66 24 21 45 67 26 23 6 16 73 97 70 13 55 18 89 11 96 98 58 44 41 100 4 9 36 43 31 36 94 25 16 39 99 48 5 12 92 74 37 90 23 60 95 57 40 37 74 68 25 20 45 99 97 27 60 16
85 64 68 63 32 28 47 1 93 97 56 88 47 55 34 52 91 97 37 0 55 10 5 30 51 88 38 38 0 15 40 21 58 62 94 57 54 88 15 49 7 92 93 10 53 46 70 53 49 94 24 68 91 60 72 66 88 86 52 67 95 80 69 30 60 43 77 24 69 15 19 26 0 37 17 82 8 77 82 90 79 12 97 57 77 91 75 96 72 33 38 82 70 56 73 46 36 37 92 97 63 88 78 47 2 92 20 57 42 51 37 26 78 50 22 47 80 71 3 12 65 99 39 94 74 66 4 77
35 55 34 2 80 51 33 39 79 27 72 43 45 5 100 14 50 75 0 3 99 77 82 25 58 31 66 32 31 94 65 96 19 73 60 25 24 5 21 82 64 34 43 47 21 80 47 91 63 39 73 18 55 22 12 12 15 60 73 68 30 85 22 67 55 58 75 100 43 95 3 4 46 70 36 23 29 88 83 0 41 23 15 86 51 38 32 93 12 29 21 77 61 22 2 39 25 76 87 54 73 92 95 2 92 80 1 99 63 82 37 73 13 100 16 78 84 50 68 87 51 2 4 90 90 0 77 92
17 54 42 24 0 80 14 21 81 38 11 95 24 41 30 87 45 56 26 59 61 2 58 17 41 65 65 21 16 62 11 16 93 19 13 57 84 95 41 89 88 28 8 5 15 50 83 18 4 41 30 72 42 9 17 0 16 8 40 49 24 77 56 29 72 55 92 72 87 6 57 45 41 38 49 97 35 8 100 17 73 6 96 12 14 62 42 52 90 73 68 4 96 15 96 72 74 39 13 55 15 81 20 31 56 28 26 56 72 26 95 62 21 92 37 89 27 11 33 8 38 97 82 78 46 61 34 46
60 68 94 73 86 21 69 99 86 16 9 80 10 57 19 6 76 18 23 37 23 64 50 64 32 70 2 42 51 54 44 13 69 54 39 52 77 34 18 11 70 0 42 31 51 3 75 84 28 24 38 50 35 5 41 97 26 57 87 83 37 69 86 17 93 12 52 88 4 19 18 12 13 69 46 41 49 42 86 90 92 70 52 28 39 0 0 69 89 88 7 55 91 63 84 3 74 33 23 69 84 66 81 0 90 13 96 8 74 80 64 94 88 17 37 48 83 35 81 17 0 17 20 40 64 21 18 41
79 89 16 43 47 74 22 54 69 27 84 81 81 94 95 69 48 59 41 45 97 87 79 59 60 98 61 96 41 73 98 97 92 39 37 30 76 70 82 86 14 38 1 74 0 11 82 74 83 70 24 27 73 9 28 9 13 68 1 47 89 7 77 48 16 43 27 75 5 94 21 52 32 63 80 22 19 96 56 55 24 52 96 58 14 89 61 93 35 67 98 96 72 22 0 82 35 50 12 79 23 5 37 91 18 68 28 47 28 16 94 76 52 40 81 2 100 66 1 87 94 71 1 3 98 44 55 63
74 88 74 42 86 67 79 44 68 78 88 19 38 18 77 59 74 20 85 56 24 63 72 2 6 69 94 71 6 42 73 33 54 78 78 84 94 41 19 49 45 87 37 76 70 79 97 51 98 16 18 23 26 95 27 2 13 6 79 11 68 53 84 31 25 53 88 31 82 100 34 43 5 29 10 57 64 57 93 48 99 95 23 84 87 99 66 2 60 45 7 57 92 29 19 77 49 76 3 35 41 87 25 72 65 13 79 71 70 71 3 30 35 98 30 8 80 56 38 27 86 66 23 69 76 0 61 95
22 18 21 11 80 13 26 41 70 77 68 45 66 6 61 94 27 60 6 96 34 68 32 46 41 40 74 65 99 19 14 53 91 43 85 38 23 87 77 78 22 13 45 96 73 69 49 99 85 22 44 93 41 51 87 63 49 8 6 60 14 97 86 73 42 49 22 56 88 32 59 28 7 50 72 68 9 16 14 73 3 64 71 39 41 92 21 14 93 85 68 27 4 78 53 96 79 15 69 52 12 74 30 41 39 97 21 76 14 95 84 100 38 64 64 49 93 87 55 97 14 45 51 97 52 48 77 19
40 47 94 50 88 94 41 7 40 44 11 60 60 89 8 32 44 16 87 100 82 37 7 29 9 71 83 77 77 15 40 88 9 14 25 74 89 70 98 0 79 8 52 5 45 13 4 22 31 70 0 49 87 35 59 78 31 9 55 20 63 9 20 85 24 66 23 62 15 91 4 31 72 79 11 75 11 44 49 77 17 90 64 28 13 68 95 88 89 22 34 39 9 37 26 50 90 61 84 59 1 94 80 31 69 50 74 43 3 96 30 90 99 16 100 65 16 46 71 75 86 20 11 67 9 85 40 62
14 83 90 71 97 0 23 33 21 35 2 75 16 37 61 13 80 36 59 73 25 21 96 23 33 87 29 30 52 72 83 49 83 6 60 84 19 84 92 33 13 82 2 3 56 95 9 97 25 92 86 20 64 21 40 8 18 10 90 82 52 26 24 94 32 65 76 12 42 35 87 86 52 71 22 86 60 42 32 59 38 99 71 54 66 13 90 97 23 89 59 31 100 70 47 68 11 25 43 94 66 83 21 19 96 61 13 32 20 59 85 44 55 69 44 38 86 81 32 98 35 35 2 2 45 59 52 1
88 17 61 95 2 25 100 79 22 41 75 69 39 14 100 66 73 13 93 47 41 31 14 70 0 10 6 100 0 14 56 33 12 69 100 1 61 45 3 23 48 98 13 14 87 97 51 67 22 41 81 76 50 83 69 32 77 47 32 24 70 24 33 11 48 2 78 67 76 93 69 22 23 90 51 90 24 92 45 11 78 41 25 75 98 18 79 43 22 18 60 68 69 8 72 67 98 71 16 60 69 70 58 67 33 3 67 71 96 98 68 15 77 38 50 56 0 43 82 40 17 97 88 62 43 57 50 2
100 79 62 73 17 39 58 82 18 58 66 78 51 48 91 79 38 84 82 2 32 88 2 53 31 31 39 99 73 66 61 29 54 53 54 15 90 64 84 55 62 4 91 43 6 53 0 62 0 20 70 83 12 73 33 46 11 84 77 72 0 76 18 10 10 95 89 12 29 79 93 64 33 95 62 76 34 70 19 91 88 29 12 90 61 22 9 59 56 71 25 33 60 10 10 23 22 13 68 53 27 90 47 92 97 36 27 45 92 28 51 6 86 7 98 62 74 42 26 18 42 10 12 93 23 48 75 29
38 78 6 9 17 40 23 32 75 13 1 86 8 25 50 44 98 24 96 27 8 4 56 15 35 70 39 2 72 27 86 57 15 79 20 71 24 72 92 24 48 37 52 97 87 30 48 29 62 84 61 29 20 7 71 44 58 17 74 52 35 28 24 32 7 15 21 19 34 46 20 77 5 83 15 96 23 64 40 27 22 31 50 72 67 34 37 49 100 76 47 19 44 71 98 89 8 83 45 12 53 68 9 11 31 67 40 24 74 61 26 80 59 24 85 85 73 56 10 97 63 47 92 92 16 70 76 86
38 93 51 19 85 37 87 12 46 38 15 49 74 66 13 0 37 88 69 39 98 72 67 19 77 42 61 76 36 67 45 78 48 29 6 54 32 60 67 13 45 45 47 12 10 41 37 81 21 69 6 47 87 49 74 57 43 38 90 88 15 19 40 59 70 94 58 63 86 98 67 34 31 51 57 51 74 89 13 66 0 7 50 85 35 44 100 66 28 51 96 19 91 38 62 86 88 25 91 51 0 3 26 82 8 54 29 52 28 43 8 30 18 70 14 95 1 18 85 30 74 35 93 95 44 7 48 52
77 14 17 87 56 32 79 34 33 61 71 19 0 73 42 99 40 98 17 45 86 1 59 30 33 91 50 62 9 93 49 1 79 21 10 15 81 36 94 30 96 28 41 45 84 62 37 62 39 90 20 5 81 90 93 23 88 66 86 15 78 61 65 56 36 17 4 84 89 4 73 0 64 61 40 50 93 33 3 70 1 6 32 41 4 42 82 82 79 16 14 14 23 96 96 95 95 67 6 42 42 49 15 5 85 73 74 35 2 8 37 59 59 23 44 89 7 97 39 4 39 1 97 98 29 78 30 31
33 1 9 23 97 35 8 86 48 76 81 4 72 17 22 18 47 52 28 31 73 81 24 21 59 53 34 6 26 75 36 25 0 0 79 99 11 70 45 14 43 1 1 26 82 51 44 97 47 13 67 34 74 94 36 68 90 83 11 84 34 89 15 47 77 62 77 42 33 87 71 96 46 37 74 0 94 80 37 100 56 64 45 30 72 97 90 96 46 78 3 2 58 12 55 48 97 48 66 9 16 26 95 73 97 75 35 68 86 97 16 45 46 59 39 59 30 78 45 10 18 64 75 56 76 81 15 84
18 86 70 19 83 48 95 1 6 40 25 18 83 20 5 37 79 53 76 84 4 84 90 46 11 28 41 45 87 61 85 74 4 75 25 92 51 74 81 15 93 57 21 87 27 22 53 24 7 47 79 45 18 55 10 75 60 58 52 5 83 9 94 85 23 57 90 45 39 64 93 12 40 36 47 1 72 15 41 18 79 73 53 37 12 41 84 77 76 40 38 84 13 24 0 15 23 22 68 55 68 10 57 33 24 97 42 23 18 99 48 91 11 46 64 36 10 15 54 83 30 64 48 97 10 74 83 73
1 36 63 44 75 10 4 71 57 42 38 48 83 0 8 70 74 39 12 20 92 21 92 48 81 5 17 34 34 88 39 8 72 14 83 90 59 56 16 62 39 4 1 15 67 38 25 10 83 48 12 92 23 8 22 92 16 58 53 82 85 82 88 25 98 51 73 67 70 36 69 79 90 10 79 97 84 51 75 64 60 76 92 3 87 22 85 68 92 27 25 56 62 83 1 71 25 50 92 81 64 12 37 72 51 17 74 80 6 6 4 93 39 15 96 27 3 9 34 43 15 39 74 84 31 99 66 36
5 90 29 62 67 18 24 43 78 63 96 0 22 88 52 47 73 50 84 72 55 25 78 65 16 64 15 68 2 68 22 2 71 51 58 15 4 32 30 73 28 26 73 15 83 18 25 17 53 79 99 25 32 44 80 39 42 71 69 62 8 35 13 5 75 78 57 10 79 65 34 44 44 5 74 100 60 68 2 93 95 35 84 85 50 9 42 29 26 59 86 1 67 73 64 1 68 73 18 45 38 92 47 17 25 94 85 3 63 30 61 16 40 59 15 27 55 30 79 5 24 12 27 7 16 85 62 91
5 53 42 58 62 6 30 71 99 47 69 36 63 43 28 51 58 96 87 45 99 30 41 39 24 40 13 5 25 35 65 10 82 7 83 45 43 11 67 95 53 55 85 94 5 23 25 48 51 50 97 21 4 59 66 18 85 6 19 65 77 86 81 46 6 58 34 60 46 59 96 8 25 28 40 19 80 69 63 17 77 65 93 38 35 20 0 46 82 38 78 81 34 25 78 84 29 40 80 89 29 8 86 12 57 59 87 16 21 45 70 35 37 93 92 88 82 57 68 52 55 64 94 73 34 44 95 15
47 65 52 98 51 28 55 85 37 29 9 88 87 40 41 61 69 84 17 47 26 20 92 90 59 27 71 64 13 30 11 47 97 67 36 97 31 7 65 44 46 26 50 90 93 39 8 84 90 75 14 34 25 39 3 86 79 66 43 4 11 48 30 28 21 91 0 76 33 55 70 7 85 45 77 52 17 24 40 81 30 60 79 14 94 29 12 100 57 96 47 54 18 33 13 20 96 74 12 91 36 4 66 93 10 24 38 80 49 73 28 7 96 23 68 62 47 100 44 38 7 97 18 59 96 41 22 47
53 65 84 50 91 39 58 64 88 72 68 83 83 11 37 55 76 90 62 38 16 14 93 88 20 38 11 71 35 12 59 24 42 69 28 23 68 26 40 84 41 88 76 93 3 89 2 94 88 12 96 53 83 41 63 90 14 68 79 49 43 20 4 68 15 28 16 48 56 65 56 75 66 11 60 32 56 25 31 2 34 67 17 17 75 51 28 41 8 10 50 71 37 37 92 17 52 39 48 58 55 84 24 88 65 40 96 18 51 37 82 81 53 82 51 9 75 82 48 34 47 98 25 9 87 86 38 62
10 22 15 10 49 46 64 11 17 62 83 73 46 31 48 89 66 20 47 95 69 46 31 61 80 5 9 23 96 80 22 59 76 75 56 37 6 43 11 92 6 27 76 3 48 86 54 7 33 25 71 97 79 39 99 84 92 19 93 37 22 32 84 21 14 2 59 58 61 28 63 27 0 76 29 65 95 27 50 77 49 10 85 91 6 59 80 3 47 86 70 68 84 69 56 23 46 4 95 18 59 98 57 1 11 63 1 47 94 2 92 68 14 22 27 5 92 51 53 69 1 43 40 52 60 9 43 82
67 6 33 57 83 56 100 96 97 73 68 86 100 34 21 36 41 80 28 94 82 46 20 5 11 81 79 46 43 81 75 49 53 36 87 62 69 56 74 71 97 72 24 92 96 12 59 88 10 48 13 2 43 77 44 96 86 81 59 80 100 29 20 58 3 24 39 98 75 23 92 96 37 42 41 77 97 38 30 86 84 64 43 78 36 97 70 38 66 5 6 14 1 72 43 4 83 45 26 78 79 94 86 83 83 57 3 30 69 31 9 88 75 52 84 45 8 1 36 96 85 25 76 32 34 14 10 79
95 47 87 10 15 58 94 25 90 72 27 87 34 62 29 56 48 100 74 9 62 26 34 88 50 69 93 50 53 30 81 81 45 26 15 64 21 64 3 25 25 21 45 50 53 72 73 44 29 54 21 83 78 85 95 69 75 59 82 42 3 85 11 39 56 18 90 30 81 21 59 41 32 36 22 41 0 62 98 74 87 46 98 14 9 98 21 90 34 76 93 83 64 83 15 15 54 72 70 41 77 96 32 29 7 90 71 63 52 30 42 37 90 0 29 55 27 83 48 43 62 52 50 94 49 93 95 18
47 37 39 24 15 41 16 20 55 42 81 99 54 12 32 77 1 42 88 34 73 28 47 23 22 56 35 19 0 98 2 32 44 36 79 72 53 53 27 96 16 45 99 22 78 70 41 63 85 51 77 81 67 20 67 72 2 83 83 37 17 53 2 53 58 54 51 12 62 98 80 19 16 36 21 4 64 18 36 18 41 84 47 45 51 31 2 2 91 81 51 26 20 10 100 11 31 33 56 41 30 87 51 5 81 33 57 73 37 98 24 66 96 48 46 28 91 88 81 80 44 19 75 40 0 37 100 66
60 29 90 75 9 71 48 20 0 92 13 30 89 54 22 97 85 96 60 100 11 38 70 15 38 44 53 71 78 12 33 51 82 45 14 100 21 8 87 38 72 17 61 56 56 28 3 94 88 51 94 31 87 29 72 38 69 60 17 51 57 15 20 59 40 44 27 20 46 47 60 66 86 41 31 76 73 89 59 6 26 87 4 23 73 87 7 64 75 24 77 82 72 21 57 51 93 78 39 24 71 59 2 37 87 29 40 38 19 75 91 51 74 27 78 7 92 30 41 62 14 32 75 28 96 29 9 94
73 4 91 83 57 12 14 26 84 45 28 96 3 10 53 24 73 8 55 8 84 100 17 59 90 17 13 44 67 21 70 60 34 82 43 41 63 0 84 65 99 12 55 65 12 1 3 43 92 32 73 85 55 52 20 38 30 80 0 97 17 61 80 62 70 9 0 37 53 41 71 91 30 70 5 16 59 1 79 74 46 68 48 96 21 54 14 8 20 20 28 82 86 54 21 7 55 55 19 9 0 64 52 26 60 54 86 78 6 61 70 72 13 20 46 10 82 65 85 71 56 46 72 53 20 49 1 21
29 0 3 42 63 75 24 8 36 45 35 76 80 9 81 91 31 56 30 50 88 38 79 23 42 75 85 61 87 35 13 66 39 58 55 90 3 97 44 44 34 75 28 48 21 95 47 29 17 7 55 94 6 75 21 23 56 46 86 42 51 7 51 16 12 13 23 44 4 64 53 99 30 56 82 97 72 44 46 45 25 17 77 60 90 8 34 60 84 68 42 24 70 35 29 4 31 17 62 80 66 58 78 25 49 84 97 44 27 60 100 14 73 95 7 24 56 66 19 86 16 97 8 9 61 62 42 58
3 81 83 39 61 93 75 44 61 86 71 72 90 97 31 85 7 67 57 96 19 99 23 48 65 94 95 46 72 42 76 65 35 68 69 67 39 13 54 52 46 47 8 17 88 8 81 76 91 20 43 72 3 81 91 30 94 7 57 31 77 80 97 35 65 61 68 17 69 4 16 84 18 86 32 89 26 16 15 9 34 67 31 59 90 56 69 7 2 5 57 50 88 61 65 29 61 9 45 41 39 86 70 39 12 62 65 81 48 66 89 47 2 31 73 57 89 12 8 27 66 96 33 48 73 30 91 75
91 64 98 13 81 12 17 93 58 42 16 100 45 18 39 31 62 64 72 56 56 35 67 96 24 28 14 85 51 60 78 84 80 56 42 74 13 29 66 38 88 5 58 52 57 93 61 32 25 14 84 23 83 31 15 55 62 24 83 8 26 94 42 66 8 62 11 40 4 36 13 49 38 26 85 57 83 7 15 95 54 18 43 34 72 86 92 42 95 55 64 47 35 15 24 0 73 12 90 75 97 31 33 39 76 63 95 45 45 11 54 28 15 91 24 67 23 67 7 62 95 1 17 30 0 34 6 43
9 60 16 81 73 70 28 71 21 6 83 9 38 37 47 27 60 57 100 69 63 60 43 14 80 79 79 15 22 82 91 87 50 11 99 89 94 3 35 34 65 24 25 26 25 23 18 1 93 61 24 91 32 81 27 62 44 2 61 79 55 1 46 94 9 64 94 74 75 64 72 69 72 91 75 80 21 17 21 72 69 48 90 85 65 52 6 32 18 10 96 61 85 83 86 82 9 2 37 33 58 99 99 65 29 59 84 30 89 81 61 47 41 48 2 15 36 96 0 80 38 15 13 56 14 48 47 16
92 64 97 23 41 77 81 94 34 83 35 48 23 17 13 55 36 43 1 26 43 89 8 52 77 21 37 88 1 28 69 19 71 37 46 84 18 21 20 32 94 5 99 29 53 22 0 24 81 29 98 18 35 58 74 25 19 86 16 94 56 13 68 18 14 20 35 35 22 76 69 74 76 41 34 9 88 33 58 33 94 33 82 59 54 18 96 65 100 12 9 31 29 63 14 83 57 15 72 60 6 27 12 66 90 53 16 95 48 29 21 97 90 58 63 28 30 80 37 63 8 78 71 20 98 61 9 95
77 94 66 79 61 68 13 80 59 56 43 45 26 69 78 16 53 41 34 96 11 23 8 30 45 7 77 49 31 27 56 44 6 82 94 21 40 47 20 86 31 85 27 56 76 7 71 82 21 49 43 77 50 52 13 33 23 31 46 44 68 76 74 63 40 86 55 32 50 22 29 13 31 52 7 61 72 17 100 96 37 23 84 10 28 14 45 89 93 5 44 37 30 58 32 5 74 18 42 49 94 41 85 47 60 76 11 80 43 29 34 80 14 51 24 49 65 1 100 100 54 42 55 0 80 89 61 71
