3 18 70 24 58 52 58 22 61 98 100 97 30 31 41 44 5 3 18 89 92 82 46 56 23 46 80 51 45 45 15 59 62 7 99 87 67 38 27 29 74 45 67 23 76 3 10 60 76 28 7 34 78 4 36 78 85 6 5 100 78 17 9 41 7 32 24 20 15 71 78 92 72 40 66 55 55 7 8 30 14 63 81 80 80 23 87 27 69 60 61 71 21 52 88 29 43 72 59 2 17 48 42 94 26 77 73 97 85 54 75 28 77 24 42 0 26 29 77 13 4 36 11 64 100 100 95 67
99 18 36 78 96 50 62 46 16 21 11 97 16 75 23 100 56 18 16 33 78 20 27 62 26 65 32 17 83 36 67 37 47 65 39 6 35 38 12 81 65 15 11 73 4 48 23 79 83 6 64 67 49 4 45 96 73 78 32 26 50 44 15 55 35 58 70 4 17 29 88 58 49 55 63 55 55 30 1 47 22 62 27 83 68 65 74 25 100 29 49 27 53 6 89 21 32 37 93 98 14 78 87 97 56 35 7 39 36 79 43 17 31 69 7 33 86 27 53 52 22 28 59 100 0 82 97 29
91 4 86 65 5 26 26 79 26 39 3 99 97 4 45 51 2 78 45 35 41 21 41 6 70 82 98 67 43 56 2 27 40 20 32 8 84 39 24 24 34 98 94 38 81 20 73 73 4 80 30 48 30 50 55 13 36 57 26 45 45 34 57 73 73 52 92 34 89 32 41 65 87 48 74 37 54 5 65 81 80 57 11 55 68 77 39 14 77 83 12 100 60 87 24 9 71 58 35 97 91 21 48 88 62 74 100 70 52 30 42 24 66 62 72 29 53 95 49 83 3 5 16 73 52 95 78 60
66 90 66 19 97 2 43 48 73 77 98 16 19 15 0 83 46 70 44 47 96 44 95 40 55 85 63 21 37 19 8 22 96 92 70 19 94 42 74 46 30 88 15 19 88 43 38 97 22 23 74 74 78 14 37 88 2 78 19 67 15 37 51 40 68 21 22 99 31 76 80 16 28 52 67 85 21 45 35 78 81 27 7 100 5 24 48 9 63 24 58 79 34 64 89 73 81 70 48 42 37 45 78 5 34 84 95 80 75 23 99 38 81 20 17 57 45 23 10 95 43 95 90 73 87 49 94 18
20 36 11 88 20 44 35 66 71 61 85 66 68 49 97 62 77 8 92 10 27 66 24 25 33 32 83 16 17 85 29 94 20 92 32 31 99 37 48 34 61 22 39 94 83 45 55 96 23 73 59 66 81 81 22 85 95 31 20 5 46 24 90 98 56 11 80 68 80 52 5 65 3 75 64 73 14 66 14 49 77 2 33 50 8 7 85 2 57 72 14 52 100 85 13 11 39 95 11 43 69 16 32 86 77 31 82 95 37 53 44 82 52 9 52 12 43 98 97 82 84 22 49 49 51 15 51 71
47 4 13 0 67 58 47 90 8 64 92 37 60 83 80 65 46 20 12 34 86 17 77 63 48 37 49 71 78 90 85 8 81 81 87 38 90 60 2 100 71 19 57 27 98 97 1 63 10 68 3 48 65 8 81 42 4 51 85 87 53 34 35 10 70 31 10 69 73 44 33 36 4 76 42 70 66 57 84 94 91 16 86 41 100 93 39 18 74 5 31 48 93 9 14 70 57 93 99 15 81 1 25 80 18 8 67 79 90 47 24 7 13 89 11 31 58 95 71 3 96 100 62 83 35 93 67 17
71 77 51 47 56 28 59 43 95 58 55 40 2 67 89 67 50 23 74 66 49 45 100 84 79 50 63 64 10 80 27 60 85 82 29 13 33 68 7 37 82 32 30 79 95 6 84 96 51 35 97 53 42 0 15 22 73 27 19 58 8 93 34 21 50 60 16 90 12 95 41 85 34 23 3 51 16 82 91 88 94 19 40 17 26 48 30 75 23 14 53 40 34 72 18 93 56 42 10 91 81 72 16 54 90 18 39 11 65 44 29 82 67 34 65 93 58 48 87 7 86 35 33 94 0 72 56 16
35 61 69 51 33 48 11 75 1 60 54 40 26 25 3 1 70 45 29 31 16 43 61 38 59 38 71 41 38 10 27 87 57 26 15 14 9 100 42 12 47 33 89 40 100 55 92 21 17 44 89 60 16 99 8 40 1 24 51 92 4 19 37 44 92 33 98 24 55 35 27 85 14 5 81 69 9 71 72 42 83 26 93 8 55 72 86 35 86 49 52 58 22 13 43 86 83 92 45 22 15 58 31 7 38 53 11 95 38 48 69 83 93 15 15 63 61 84 39 89 45 16 4 20 45 1 46 43
42 82 8 77 1 82 21 18 80 13 47 70 78 83 3 14 21 2 83 14 71 92 97 87 77 72 31 24 72 80 58 100 83 5 35 24 97 40 6 22 19 24 33 49 59 57 82 55 66 78 35 4 35 19 13 50 66 59 29 29 46 25 22 51 57 26 88 42 79 90 93 21 99 11 71 26 49 61 2 28 92 2 25 34 32 28 68 71 23 37 68 90 58 84 21 37 19 38 66 92 98 58 12 64 70 13 52 92 20 37 3 50 94 12 72 99 30 84 84 10 94 62 94 51 88 19 35 41
30 60 78 36 43 100 38 42 98 10 14 65 10 69 84 24 94 54 62 23 71 13 74 90 66 39 56 14 9 20 48 36 93 87 12 96 8 58 49 51 1 22 43 54 72 31 34 21 50 58 33 85 95 50 72 72 89 55 99 89 14 77 11 68 84 67 55 32 39 34 64 16 16 50 40 87 33 24 19 32 3 11 77 11 12 12 57 47 29 28 7 95 39 73 52 42 92 80 41 18 36 0 73 31 95 20 25 67 53 87 21 15 77 66 85 26 37 48 93 98 87 70 63 72 43 88 41 88
56 94 58 29 53 10 29 83 58 64 17 77 54 13 42 10 34 47 52 36 84 15 99 0 38 90 76 3 93 10 4 22 32 93 44 82 50 65 79 91 91 75 44 99 15 99 4 79 32 91 20 38 23 14 31 17 57 87 32 66 26 63 24 27 30 20 76 75 35 1 12 49 21 32 25 14 11 64 4 16 64 96 13 31 22 81 3 18 100 81 52 5 93 41 21 94 19 63 13 66 32 41 84 55 74 35 59 30 5 78 63 21 61 26 83 43 23 68 7 59 0 98 20 72 7 21 25 12
1 43 35 19 66 95 66 26 6 0 44 7 70 45 33 70 20 63 34 7 75 44 47 53 36 59 78 45 5 60 31 91 44 20 67 56 80 86 25 7 54 9 9 18 7 79 41 44 92 13 49 11 21 77 39 39 29 32 35 51 31 93 0 93 56 69 0 17 35 76 72 47 64 84 73 12 45 87 6 5 22 92 33 96 85 83 51 48 50 41 89 74 35 19 87 40 24 96 34 15 36 99 27 79 28 37 15 8 69 86 42 50 58 31 40 98 56 86 23 11 39 45 63 48 21 23 43 21
56 44 41 72 49 33 42 8 11 34 75 56 46 97 90 13 77 42 91 40 8 30 11 88 43 11 77 62 37 87 81 76 15 90 98 45 40 57 19 21 77 80 98 90 67 91 41 86 7 48 86 36 44 33 19 32 14 86 16 29 70 63 84 21 99 97 57 47 69 95 60 12 39 28 41 67 9 64 96 80 44 15 99 61 84 30 55 100 59 95 52 39 64 41 67 40 7 3 67 40 45 16 16 35 15 43 93 20 83 23 61 76 81 97 84 91 100 61 9 3 79 38 37 17 33 50 95 22
91 91 21 96 98 77 64 62 73 86 86 87 97 95 37 82 48 21 66 97 69 8 88 77 25 89 18 89 68 43 40 71 16 57 32 2 49 91 18 71 3 86 23 100 11 17 69 77 100 12 51 2 76 82 66 84 85 9 56 89 5 88 73 13 17 39 93 29 98 45 0 79 98 38 66 17 12 63 77 34 24 10 10 79 57 28 34 33 44 81 56 7 56 44 94 57 30 2 58 12 98 66 46 34 13 56 98 81 29 28 1 93 92 58 28 55 69 39 64 43 49 79 82 87 95 42 53 51
6 17 72 53 99 43 66 17 71 33 87 75 84 31 20 7 48 60 15 0 96 24 65 78 81 97 13 79 9 14 88 13 85 64 19 88 99 39 20 2 53 85 94 20 14 75 10 86 39 73 19 2 79 56 61 65 21 79 10 65 17 0 81 7 74 60 35 56 99 33 71 67 59 51 4 66 28 17 18 62 98 95 42 68 57 72 58 19 8 5 68 21 95 98 61 81 58 92 8 77 3 76 15 53 25 41 79 80 31 8 41 2 80 55 78 24 93 81 31 48 75 57 64 92 19 23 7 57
43 51 73 29 21 48 68 16 6 24 22 12 84 29 17 74 1 15 32 84 38 66 40 26 12 50 75 43 92 22 10 18 32 22 94 67 79 65 89 92 28 76 9 18 71 40 59 37 68 90 59 33 63 87 59 58 55 70 48 9 93 50 14 72 7 74 70 8 100 78 95 8 87 45 0 51 26 88 100 21 84 42 75 21 82 80 33 74 51 31 74 37 96 39 87 19 37 91 72 59 68 97 14 65 62 52 99 52 12 94 9 42 1 82 29 78 9 29 57 43 90 68 79 13 11 69 56 30
94 21 64 75 16 6 24 13 84 61 42 78 82 72 95 100 92 27 88 88 23 25 44 26 11 57 56 58 92 86 90 91 93 29 14 27 43 1 1 70 24 49 36 25 21 51 33 35 99 36 31 71 80 68 77 42 83 2 53 1 28 2 100 25 81 92 73 9 73 82 22 72 33 31 86 90 28 29 30 19 63 73 70 50 68 61 25 72 82 50 86 63 72 4 21 53 6 0 30 40 89 5 8 23 55 38 69 20 91 14 38 69 66 3 78 78 64 41 75 13 12 96 23 74 63 67 57 25
44 14 75 47 42 32 13 89 84 46 5 51 61 4 95 2 68 68 68 9 81 2 55 9 98 2 53 40 31 90 90 61 98 81 34 44 100 89 75 47 49 1 40 82 85 40 66 84 34 12 64 52 46 96 77 90 75 96 25 88 83 71 33 97 92 68 81 19 27 93 90 19 54 62 89 15 40 28 40 37 58 90 39 19 18 80 8 78 28 5 10 68 95 26 13 63 79 8 93 28 17 64 92 24 26 29 88 36 39 89 50 91 74 32 16 80 65 20 92 96 27 28 29 17 11 88 48 17
92 86 34 51 60 68 57 83 47 69 84 45 39 32 56 19 28 21 75 4 70 0 57 22 1 58 6 21 69 15 9 68 58 21 70 26 43 5 12 70 91 17 28 41 15 34 92 47 78 58 85 69 11 57 90 17 21 42 55 88 83 13 67 81 20 88 29 55 40 38 67 30 18 48 32 51 45 23 29 23 78 3 10 26 66 21 88 70 82 40 81 88 51 0 50 19 46 80 65 34 22 56 41 98 77 86 41 85 51 100 9 85 31 85 42 37 81 82 39 70 93 5 36 16 38 82 68 27
49 41 33 12 59 50 38 77 81 17 96 57 57 83 97 30 27 3 100 29 76 94 56 18 72 5 40 87 64 8 1 17 37 94 70 91 79 33 28 11 35 87 9 48 34 17 63 5 75 43 61 53 47 69 64 16 44 32 22 35 72 5 62 31 70 10 52 85 82 59 46 90 52 42 7 91 66 85 91 13 61 80 70 7 65 89 18 59 77 76 36 0 11 88 90 38 98 98 90 46 80 52 71 56 25 12 43 60 99 15 80 25 95 93 59 10 35 86 31 84 54 1 24 44 29 78 6 80
29 93 34 49 57 10 22 26 74 30 12 100 41 47 4 17 23 6 54 48 72 57 35 15 57 14 96 15 35 7 94 76 34 89 54 96 21 54 31 60 79 85 41 74 88 30 4 49 62 7 99 13 12 77 23 37 76 29 1 87 14 97 44 81 79 23 56 15 80 69 96 49 49 89 40 28 93 36 60 93 19 52 60 76 87 39 23 85 71 100 80 99 19 75 68 7 28 88 14 99 39 40 16 64 52 9 34 39 62 68 71 4 81 51 12 6 4 70 80 7 25 74 22 50 1 14 28 58
18 98 72 84 90 42 44 11 39 42 59 12 35 34 20 90 55 51 46 9 12 70 73 56 47 23 68 57 59 81 76 57 59 59 80 58 18 54 46 50 34 55 26 96 12 38 68 98 75 81 50 41 12 51 49 17 34 57 32 27 21 14 19 70 0 54 54 53 79 63 47 84 19 3 29 41 76 92 5 14 88 38 84 97 53 12 50 35 49 8 93 99 54 40 64 42 49 58 27 23 49 94 20 87 83 86 88 59 22 38 98 26 13 3 93 19 41 13 83 94 92 82 38 99 98 75 55 28
23 48 55 48 8 29 93 63 94 4 83 70 56 11 93 36 20 100 44 49 30 76 65 22 22 60 79 4 26 88 85 50 42 1 16 88 51 84 99 43 81 93 50 100 26 62 19 25 93 33 13 52 63 19 37 40 5 44 54 46 43 98 98 66 16 20 67 20 2 5 78 12 31 90 86 61 91 88 78 27 98 24 44 63 89 32 89 8 44 96 97 79 27 60 45 41 66 58 25 78 85 67 21 83 60 10 45 14 92 35 61 26 69 25 39 41 36 2 46 0 98 98 68 80 83 19 22 67
51 52 36 23 76 80 33 55 68 28 64 19 26 68 97 55 54 7 51 0 27 53 41 38 59 86 78 34 42 48 22 72 87 40 9 62 56 61 71 93 38 27 18 55 94 9 52 87 22 87 69 27 14 71 47 17 18 78 42 75 67 24 11 22 42 14 33 27 16 7 2 60 23 22 94 13 65 13 32 0 24 81 79 33 22 72 57 98 42 30 59 90 10 97 22 81 60 84 55 94 78 66 74 64 93 92 53 45 9 15 41 0 82 32 11 94 83 99 100 13 52 23 95 12 6 11 31 80
47 12 86 81 24 92 24 25 86 5 7 92 35 44 90 40 6 3 6 34 75 43 55 53 14 13 45 11 84 37 13 63 37 77 56 2 59 3 85 99 15 35 95 61 16 75 83 74 1 35 21 89 85 80 59 91 22 81 12 63 42 49 1 74 78 49 36 8 84 13 22 78 82 98 92 92 4 47 16 78 28 42 94 41 81 52 57 88 62 73 65 24 28 72 4 3 96 0 13 16 45 76 33 14 33 30 65 33 33 28 9 92 98 38 22 48 71 34 51 5 75 8 92 20 95 26 32 63
84 81 89 56 85 54 40 36 41 21 88 71 65 69 61 7 22 74 86 66 69 87 3 65 65 91 60 35 63 89 56 40 97 37 69 11 31 55 24 30 86 26 0 43 32 71 65 5 49 22 60 3 83 11 92 14 1 100 60 54 79 97 36 17 49 6 48 37 71 12 14 0 19 42 68 66 92 15 16 68 38 56 72 2 48 72 24 41 34 59 16 97 19 98 15 43 0 24 50 43 82 60 7 87 21 30 47 12 69 1 56 83 80 100 9 53 47 48 41 28 42 99 31 73 11 9 50 93
26 69 19 25 51 9 56 28 10 68 50 40 18 55 88 51 81 8 44 28 64 86 74 82 23 47 40 43 91 26 41 92 5 53 52 84 23 93 88 86 98 90 53 73 40 98 9 16 42 28 39 24 41 52 86 48 19 81 20 55 38 67 33 78 19 57 64 92 64 92 15 40 89 37 31 91 42 99 53 5 60 34 38 22 97 11 16 25 80 49 73 10 71 40 85 78 45 34 4 33 55 32 13 56 95 18 44 11 32 53 36 86 87 29 39 53 76 14 30 99 97 49 12 26 24 78 0 15
23 99 11 9 37 87 35 82 33 1 45 50 17 98 19 67 83 87 44 15 31 5 6 78 45 75 45 86 30 57 38 96 15 81 66 10 87 21 74 47 25 42 69 30 30 36 5 85 59 81 4 33 6 74 66 83 94 59 85 79 31 61 10 63 2 72 35 3 3 13 42 8 56 30 84 8 5 60 95 5 88 35 31 66 79 62 32 67 53 41 50 39 70 52 96 94 85 25 76 46 34 80 97 44 3 60 88 94 78 11 62 0 54 84 41 86 35 12 82 95 95 74 3 62 94 85 43 3
9 52 20 47 8 0 46 2 15 80 34 65 60 42 31 44 52 56 34 54 88 3 75 49 78 16 8 99 70 47 17 50 4 15 33 54 75 4 35 7 72 80 34 85 43 50 76 55 60 42 36 82 38 35 16 28 11 0 94 20 77 19 7 18 8 40 79 57 12 6 13 73 17 15 88 96 55 11 79 89 14 77 39 72 23 25 67 79 87 90 95 26 5 39 43 5 38 20 61 16 88 1 48 77 85 1 60 63 59 26 85 71 35 43 80 31 47 54 50 41 47 97 79 97 38 89 36 16
86 21 71 7 77 19 53 51 18 56 58 64 18 51 11 91 56 52 80 41 23 100 73 37 36 40 80 79 42 9 2 92 19 73 40 59 100 68 32 92 53 27 74 69 35 85 58 61 64 21 85 96 100 12 41 74 5 57 43 60 0 48 40 88 18 50 7 4 55 33 35 14 74 18 71 32 50 79 33 70 12 21 5 87 97 10 96 81 4 17 15 33 63 61 83 12 34 90 89 61 39 73 25 42 77 63 36 71 89 56 18 9 16 56 91 82 68 19 69 36 2 33 50 87 96 48 88 20
100 88 86 91 93 26 32 95 60 17 72 20 32 31 49 87 75 8 100 28 30 36 70 55 46 96 23 60 88 80 55 57 23 3 42 84 62 94 51 12 8 49 19 15 1 34 61 15 25 89 37 14 56 98 83 75 31 10 55 8 58 58 47 34 97 5 4 66 33 24 18 86 8 47 94 77 67 69 60 51 11 57 27 77 100 36 26 94 100 35 58 6 15 59 88 26 88 29 22 89 98 76 6 13 99 45 15 60 36 44 22 87 58 30 83 13 85 23 68 8 87 71 42 72 16 88 10 15
20 40 90 74 74 56 28 36 2 41 17 8 3 38 49 12 22 79 5 49 64 16 62 45 62 24 55 83 87 42 27 70 3 79 30 85 83 22 25 2 9 71 48 1 9 3 51 37 47 99 58 74 0 99 39 14 81 92 83 43 34 24 52 68 37 10 57 9 14 7 36 36 68 69 21 75 25 33 59 47 8 11 97 0 58 29 56 94 11 55 71 24 19 60 98 92 79 13 99 2 57 35 10 73 53 48 63 67 22 41 25 58 76 42 74 100 80 42 61 42 85 54 24 47 91 0 40 26
54 23 83 84 2 24 37 33 55 75 60 4 59 37 92 36 47 80 1 35 72 97 26 67 1 44 49 2 15 96 55 0 19 72 37 18 89 86 20 27 76 91 87 53 55 9 39 38 61 96 88 68 17 40 21 90 61 95 72 52 69 87 10 99 9 10 25 20 94 78 39 33 6 97 27 33 15 36 76 35 45 37 67 83 55 55 56 38 36 70 11 32 79 71 77 77 32 40 64 79 83 79 15 73 50 90 74 34 45 47 8 50 18 86 29 11 53 20 0 64 19 64 85 2 13 43 24 24
50 85 39 35 84 93 28 61 93 17 89 70 78 40 13 3 56 44 92 90 19 59 6 89 3 66 4 100 78 23 34 25 79 69 5 47 52 36 23 84 14 28 45 55 95 12 66 17 0 36 51 65 74 24 1 73 68 93 42 74 49 88 64 98 66 85 49 79 86 24 12 19 96 3 27 25 27 51 26 55 55 27 23 19 23 83 90 90 8 11 46 88 5 47 62 33 26 51 76 72 79 8 10 51 10 14 82 49 8 0 91 89 77 24 32 99 56 97 96 38 90 35 29 66 10 70 73 50
52 59 47 73 43 71 32 63 27 36 22 86 17 0 28 2 45 71 11 56 55 38 34 80 24 41 50 85 65 19 48 9 84 59 58 17 7 13 92 55 37 10 87 55 74 85 20 84 17 37 21 79 19 69 3 1 70 86 49 37 46 95 28 17 91 89 50 64 92 68 94 39 35 4 50 98 45 95 49 27 75 62 20 56 73 55 69 69 42 55 90 98 44 23 20 86 72 42 72 87 15 95 86 31 44 17 24 83 52 54 56 21 97 7 51 57 16 72 63 88 58 38 89 78 33 100 9 76
2 52 44 46 20 47 23 48 95 15 43 60 46 13 19 9 93 32 35 98 68 88 12 65 31 76 44 40 52 60 85 75 75 78 0 64 23 12 10 100 0 18 33 42 82 72 29 45 22 55 62 76 8 68 87 97 49 19 21 0 65 40 13 20 8 37 31 98 55 21 91 96 34 73 76 84 77 93 87 44 20 23 86 57 88 14 71 21 78 8 73 62 39 49 65 55 24 50 9 22 22 80 84 75 100 52 16 65 79 97 62 4 25 45 8 74 68 9 18 85 22 63 52 61 18 79 67 91
61 52 53 50 97 54 75 9 54 5 70 6 100 49 83 89 56 35 76 68 85 85 6 85 34 16 82 24 23 98 90 13 7 23 59 18 24 11 8 11 52 2 34 48 24 26 9 100 67 5 59 81 34 93 35 97 46 30 100 30 84 52 4 31 29 22 52 82 58 27 72 73 89 57 69 69 46 10 47 97 32 82 54 50 21 74 92 97 61 60 14 10 58 83 79 48 97 32 1 79 49 6 19 71 36 86 17 59 49 96 38 70 19 68 56 66 8 64 25 42 28 32 35 32 54 14 28 28
9 15 17 65 55 100 80 53 79 37 24 45 13 86 54 46 63 25 90 20 66 52 92 18 4 96 64 16 37 31 52 54 36 74 82 83 52 8 15 8 76 29 69 95 39 41 87 27 86 75 27 87 52 57 6 6 40 64 74 70 39 51 92 63 28 93 26 8 20 19 18 59 91 26 85 36 54 86 84 61 55 43 70 67 54 48 68 50 18 59 88 14 54 26 30 17 65 50 50 96 63 17 30 30 40 9 33 2 74 54 61 69 94 68 71 21 66 51 85 6 16 16 25 40 36 41 88 23
36 14 41 95 47 68 69 49 94 6 36 83 50 72 95 19 78 79 83 46 98 2 45 40 87 50 99 56 51 67 93 81 51 37 43 36 31 52 77 58 5 5 15 95 71 16 81 15 40 40 10 29 10 86 91 24 60 22 80 84 27 51 47 44 24 39 97 32 88 91 75 73 6 55 37 7 13 29 17 94 49 62 64 11 26 84 29 89 36 0 26 57 63 92 30 85 55 84 18 28 43 56 68 6 35 93 26 47 80 14 51 10 96 49 31 39 59 76 87 43 30 19 39 8 33 18 70 68
75 84 88 79 47 52 66 63 19 88 79 82 89 29 75 71 24 78 38 86 19 25 28 76 72 71 2 15 51 55 50 90 27 97 13 80 59 73 46 32 64 15 90 64 17 21 97 11 67 47 88 92 77 41 91 33 94 48 11 96 30 91 15 70 56 40 35 79 64 23 72 89 58 4 69 15 67 55 23 84 33 62 46 8 96 93 50 74 73 38 63 43 30 66 15 29 14 16 67 88 7 32 83 55 25 60 8 31 69 57 84 72 86 79 17 5 22 36 97 100 31 26 68 6 14 63 12 34
20 10 20 98 19 85 3 39 22 51 8 4 29 81 27 43 19 62 29 65 23 64 75 97 47 11 12 6 83 18 32 84 38 27 28 68 38 48 99 33 14 11 48 94 7 95 4 50 21 97 39 78 70 95 47 23 2 37 51 65 42 33 68 63 25 80 78 83 5 92 10 56 99 41 57 43 22 14 16 82 63 80 83 73 66 85 4 68 72 0 90 37 37 76 3 48 24 80 24 79 39 51 8 91 6 10 88 91 13 98 14 1 50 3 47 30 2 49 41 58 74 17 45 92 76 51 91 35
74 73 4 11 11 69 81 98 87 9 28 17 80 21 5 82 96 79 85 3 77 4 13 41 37 47 10 24 38 55 3 93 28 48 92 26 34 38 90 84 66 95 89 88 80 11 66 9 53 23 21 57 14 55 55 17 64 58 6 59 1 64 87 100 15 99 68 100 14 89 17 26 92 48 76 34 46 59 39 21 44 16 65 49 20 68 85 30 69 78 75 75 100 89 79 45 47 40 56 45 52 84 49 9 82 68 28 96 82 54 31 98 39 92 45 25 88 22 29 94 87 84 47 17 68 80 99 48
47 29 39 36 81 14 15 19 99 71 65 68 19 46 96 96 68 63 90 92 22 81 79 73 18 51 34 53 61 66 39 100 97 68 47 86 41 47 37 19 57 62 21 11 25 16 16 37 88 11 31 69 10 1 83 93 16 64 49 28 81 25 85 27 94 34 50 7 36 31 63 76 87 75 9 33 22 9 46 9 44 19 77 22 41 45 20 42 6 63 86 98 92 76 79 87 3 78 32 41 51 95 0 81 67 22 30 60 71 44 72 11 21 92 15 76 69 18 7 68 13 11 67 40 94 100 75 100
86 67 35 16 56 35 95 42 85 83 33 89 63 83 8 80 23 21 61 28 0 6 76 35 27 42 13 39 64 25 78 96 37 69 78 57 4 25 79 7 28 55 39 56 70 86 87 72 3 50 78 30 88 50 31 41 72 45 18 10 53 78 96 63 96 15 13 20 16 20 81 66 34 56 82 90 51 54 93 16 34 0 30 25 77 12 33 27 44 73 2 100 9 45 80 96 16 72 34 4 91 78 37 38 74 89 55 50 99 87 81 91 55 74 10 15 67 48 72 84 95 65 12 59 36 49 51 31
1 47 79 34 1 47 28 12 30 52 40 42 17 26 32 37 88 80 78 28 50 4 93 81 76 39 36 99 0 45 7 75 54 20 47 75 55 68 53 11 6 45 89 52 46 95 87 33 6 5 57 8 5 88 12 91 27 40 54 9 82 4 22 9 35 36 94 56 1 44 55 97 97 57 93 36 7 11 86 2 35 14 43 6 37 61 92 79 39 30 83 30 66 75 19 75 88 79 57 33 40 52 96 35 87 83 75 56 31 65 91 52 33 49 32 65 93 45 65 42 12 31 49 91 48 22 4 86
28 58 69 15 42 100 73 81 17 92 23 90 14 71 49 7 82 0 90 98 65 8 20 56 92 72 53 24 19 69 84 19 36 30 98 0 31 79 25 41 44 81 37 9 79 84 29 82 16 43 11 98 45 100 6 63 41 57 68 31 88 39 24 87 15 5 72 15 95 74 76 64 91 91 60 94 0 65 39 73 99 41 64 80 84 42 60 80 54 10 98 4 20 47 12 62 14 20 44 56 77 65 29 4 73 4 95 98 13 60 82 56 100 50 36 10 11 25 21 1 97 73 63 42 55 59 52 28
25 62 23 1 59 10 12 22 8 34 54 36 38 6 25 85 88 97 16 39 24 26 77 63 34 31 15 29 94 12 53 28 72 94 57 100 80 36 68 83 100 35 9 89 55 25 48 9 1 44 45 59 2 40 16 1 14 50 83 96 37 0 41 49 5 67 85 18 55 99 20 53 100 1 15 43 78 29 94 70 80 38 83 92 97 64 52 31 70 25 71 7 3 42 6 20 28 59 91 7 11 53 28 83 26 22 36 37 62 49 96 12 88 16 36 72 71 87 89 0 44 41 70 20 9 89 25 43
59 9 11 28 87 98 50 30 88 55 37 71 48 88 29 81 73 15 87 29 90 42 55 15 1 54 79 51 52 24 71 71 91 40 42 47 45 28 53 18 15 25 93 44 44 53 84 61 65 15 49 25 58 62 17 53 99 39 98 38 78 58 6 14 21 76 87 49 57 55 11 62 19 45 48 37 40 13 65 95 53 21 67 30 31 92 55 73 66 38 12 5 11 73 71 32 43 54 48 40 21 43 41 28 50 53 28 14 93 39 59 92 3 71 72 82 60 78 84 47 92 62 48 71 90 88 100 22
14 92 59 28 5 10 22 36 7 44 52 1 48 97 83 11 21 85 38 20 62 11 81 28 47 69 2 58 3 84 87 82 45 84 56 1 35 13 100 17 65 23 74 63 34 95 69 59 52 11 44 79 25 14 47 70 76 26 61 56 25 94 6 18 70 20 60 26 82 29 100 91 37 37 1 73 46 56 4 33 90 80 96 34 49 81 79 76 61 80 92 48 8 89 41 56 1 37 28 90 10 19 24 88 63 80 89 57 50 64 1 26 3 75 46 89 4 93 44 45 27 48 40 84 59 13 10 50
4 54 20 74 34 94 58 5 99 32 17 72 9 41 51 89 93 100 91 21 10 97 95 75 18 45 22 26 1 3 34 46 52 38 0 83 79 91 99 65 93 41 3 7 51 73 51 29 96 11 51 89 59 79 88 21 2 37 7 47 66 76 64 73 93 99 46 44 22 53 87 63 7 38 47 96 4 88 14 15 68 23 29 64 11 7 43 31 61 31 37 48 44 99 17 45 15 0 35 21 68 88 97 80 14 65 48 55 71 18 77 57 100 75 97 68 30 74 80 85 39 14 97 38 98 5 72 71
19 78 10 53 64 93 95 90 84 64 67 61 100 27 96 44 19 33 50 99 72 30 43 79 7 44 86 13 69 93 80 62 70 34 69 3 25 99 28 45 30 80 74 53 29 38 79 91 96 73 23 52 4 66 57 30 58 15 58 14 12 49 92 91 42 37 17 51 99 72 9 25 62 1 88 12 67 66 67 32 16 1 81 11 43 2 100 77 71 70 42 16 55 43 72 80 80 41 41 71 98 73 60 20 63 1 66 66 41 89 47 2 47 82 96 25 24 74 60 64 55 29 70 7 93 17 100 39
98 65 9 6 81 10 32 21 19 18 47 59 12 82 90 90 99 91 37 19 5 50 94 72 92 100 57 98 97 57 11 94 85 0 94 21 0 7 44 37 37 45 50 66 98 98 52 12 29 42 20 3 71 80 58 21 83 58 24 77 65 72 10 5 1 42 47 48 95 7 60 26 96 88 58 94 25 8 61 34 63 86 87 74 90 51 81 51 3 22 32 41 59 94 48 17 51 13 17 15 14 55 19 83 48 61 56 21 26 20 73 4 49 24 55 41 95 24 36 83 59 97 23 32 1 80 26 77
12 17 1 1 64 46 52 0 10 93 22 10 27 57 78 69 91 86 34 96 27 61 59 16 14 68 17 84 35 30 25 99 77 77 3 4 40 28 29 72 50 95 73 39 16 15 77 2 95 42 7 21 81 88 68 14 96 78 14 75 14 82 73 37 17 40 13 40 51 95 5 83 34 47 61 82 38 52 72 51 77 81 73 26 84 22 90 54 59 79 4 57 82 81 67 19 91 41 40 84 73 97 35 51 11 76 96 4 100 14 28 96 69 31 28 10 65 1 57 64 98 3 33 97 48 34 94 1
8 19 41 76 13 26 5 57 52 46 45 18 72 30 90 19 76 96 49 17 100 4 12 62 61 42 71 81 91 7 80 51 7 68 40 75 47 4 84 52 90 56 31 5 29 13 53 1 58 84 96 67 76 14 89 83 70 6 64 78 91 92 45 73 53 37 100 32 58 8 78 33 19 71 8 67 92 95 6 49 81 12 62 62 36 35 18 67 36 40 95 57 84 62 60 42 78 4 94 61 25 47 75 13 34 88 62 89 38 29 93 48 79 41 17 45 5 87 24 10 64 35 91 66 15 0 68 81
54 25 60 10 10 69 64 2 10 20 94 20 17 100 96 27 22 4 17 66 30 54 46 71 39 35 12 41 89 9 80 95 95 90 15 16 56 12 41 83 42 7 31 38 35 2 92 40 31 48 75 25 36 9 70 76 42 22 11 93 37 26 30 64 66 96 34 48 86 0 54 63 53 3 19 61 99 54 89 23 61 5 40 1 98 60 36 82 79 70 49 61 24 88 44 28 55 50 74 97 85 70 1 53 50 64 98 78 82 77 65 36 66 93 71 24 92 40 48 32 2 26 6 98 8 72 25 90
12 0 32 69 78 82 77 25 65 85 72 61 5 86 95 17 37 90 43 20 64 17 85 10 22 64 30 67 29 16 97 42 22 18 92 81 58 63 24 55 36 26 32 65 72 14 36 94 15 8 87 81 47 81 58 78 61 87 32 1 96 83 21 16 15 14 91 94 10 62 82 59 72 27 93 3 20 34 12 54 47 34 61 65 55 16 41 86 18 73 92 63 23 68 84 96 70 79 23 46 20 12 61 37 60 49 87 13 61 91 89 26 15 1 21 56 66 94 28 69 93 76 45 45 83 84 46 68
93 42 48 71 79 31 85 78 56 22 15 0 76 62 33 15 77 71 65 28 45 100 10 71 25 96 78 83 57 99 89 21 22 5 75 63 66 97 64 8 53 5 48 70 22 32 84 39 14 70 25 92 26 60 21 63 99 5 75 39 39 1 86 10 9 51 26 71 12 91 95 37 28 79 8 68 99 61 65 63 24 72 49 14 28 4 44 57 85 82 99 99 53 67 73 60 21 56 0 12 20 69 33 6 72 5 18 50 62 90 0 65 17 77 93 31 2 17 77 78 60 62 98 99 37 13 57 79
90 61 50 68 40 73 45 70 93 75 60 88 30 19 22 98 56 20 28 17 14 37 83 30 91 96 77 13 13 84 57 44 48 62 63 73 75 85 18 53 6 38 20 1 31 94 35 83 9 91 42 95 16 32 98 55 91 32 63 100 34 94 85 30 50 64 18 51 67 25 3 99 68 28 100 37 85 44 38 75 9 74 71 27 25 3 29 19 20 2 95 91 36 75 20 96 73 100 52 16 16 12 85 3 83 40 28 94 18 12 54 6 15 72 64 85 31 89 38 29 47 23 14 65 43 42 59 97
98 95 67 18 17 16 50 24 35 62 9 68 24 38 29 54 97 20 19 65 34 28 17 40 22 48 52 23 40 88 27 89 24 38 1 12 52 97 94 57 89 61 20 20 11 54 15 83 8 65 47 46 50 73 83 49 21 30 1 74 31 44 30 49 79 0 97 79 73 3 78 87 8 29 89 80 30 78 59 67 96 24 35 69 44 39 65 65 59 30 63 19 38 35 74 59 61 23 82 7 82 63 90 24 90 45 98 11 7 46 69 67 84 67 77 13 33 19 10 60 36 44 46 65 6 22 45 34
24 26 51 92 56 91 45 1 2 94 79 90 65 11 59 44 34 69 38 43 16 1 51 50 41 32 1 88 35 81 37 25 54 8 1 13 7 28 64 12 78 9 17 26 94 52 62 37 21 1 81 98 7 8 21 37 62 8 10 93 99 7 100 58 85 7 22 50 53 5 0 42 50 70 86 18 20 42 1 1 99 86 99 33 29 84 29 84 30 2 77 0 62 78 1 9 76 57 19 70 24 52 52 81 100 83 60 72 76 30 89 84 71 45 72 78 3 26 25 98 86 35 76 15 96 78 85 100
28 32 84 9 84 45 15 56 53 22 21 45 36 16 9 53 68 73 31 55 20 10 52 100 20 76 33 2 15 90 25 77 67 53 62 12 79 2 22 15 87 29 83 14 33 74 10 77 3 43 15 70 82 51 85 34 18 15 29 35 11 42 93 86 20 84 13 83 7 7 57 64 53 87 33 9 29 61 76 11 69 82 1 54 100 15 29 79 14 42 72 54 11 53 17 70 72 93 56 95 47 20 54 23 40 2 68 84 37 50 95 37 77 52 89 41 14 26 10 53 10 83 93 0 36 34 80 17
40 62 75 88 40 14 8 61 95 22 72 14 28 13 58 84 0 53 66 13 44 71 9 42 2 38 70 91 45 88 17 4 27 72 53 26 68 3 4 30 72 92 60 2 93 22 81 89 3 45 60 91 2 31 98 27 9 44 88 33 85 9 86 93 77 62 22 94 46 26 53 66 16 14 69 13 88 44 49 24 68 48 1 72 17 93 86 68 81 42 84 16 87 65 28 83 45 66 84 90 12 52 78 94 8 54 99 37 67 75 66 45 35 69 37 83 5 38 69 44 28 96 58 78 3 86 14 88
30 91 1 79 5 84 16 35 64 41 15 64 1 41 16 46 21 35 27 77 56 23 56 35 11 85 49 78 98 5 43 3 83 68 5 57 64 73 37 12 80 46 69 46 15 48 62 42 42 95 27 6 36 30 56 77 80 93 40 47 98 1 77 26 61 90 37 69 18 73 32 32 59 32 31 1 74 80 29 89 79 43 82 48 72 47 19 96 32 85 44 78 41 100 59 32 79 11 98 54 2 4 93 23 10 73 55 12 28 51 94 82 87 65 35 66 14 46 0 51 35 57 42 21 89 62 46 44
30 34 47 41 61 86 0 92 2 46 21 33 77 20 79 48 79 61 95 59 86 97 15 96 26 80 29 98 50 86 92 56 39 97 60 100 5 76 63 30 57 100 73 44 8 12 1 9 18 23 7 19 42 44 12 67 6 67 68 75 24 50 84 10 77 44 15 8 70 96 34 41 59 84 64 67 8 34 89 28 20 70 51 70 48 50 72 66 86 50 96 25 15 93 35 4 20 68 31 82 13 78 9 51 44 24 37 88 34 39 34 73 62 80 11 83 5 100 57 77 54 6 34 94 22 91 19 77
71 96 96 82 50 3 73 40 72 43 15 61 65 49 48 20 65 2 42 36 90 48 61 27 98 28 91 99 10 58 97 58 72 15 96 17 78 70 55 92 95 100 83 78 49 22 92 56 61 25 1 27 4 18 98 30 16 42 20 86 60 13 89 42 70 51 92 30 42 36 76 58 35 89 50 29 84 54 12 37 58 19 80 89 55 46 94 64 52 38 49 47 27 29 72 45 64 72 25 73 82 42 64 15 42 25 44 74 10 43 2 83 88 42 7 25 65 14 61 0 41 55 68 51 38 64 93 22
96 17 79 32 43 68 53 66 93 89 15 73 31 0 50 74 20 83 3 89 8 18 65 43 20 60 38 19 14 98 93 41 9 31 67 47 70 33 75 65 78 17 28 87 68 96 53 35 68 38 23 68 58 44 71 8 27 34 79 37 52 84 26 39 70 64 8 13 97 3 42 25 24 95 51 75 60 60 89 31 14 55 72 63 49 87 94 10 76 82 30 43 1 77 92 13 19 29 0 5 50 75 70 48 15 88 79 98 90 78 14 8 2 76 80 96 94 99 25 71 36 98 99 93 2 39 18 58
73 28 6 19 61 89 20 65 63 73 100 80 86 98 89 55 85 19 18 5 65 42 21 22 51 13 40 98 51 27 63 66 70 82 78 9 8 64 54 6 22 28 27 7 22 60 90 43 52 90 76 59 18 58 44 38 92 25 64 42 57 51 6 5 1 15 26 69 46 68 3 52 95 59 73 67 90 85 96 77 80 29 100 32 34 25 29 57 83 93 10 97 100 14 46 7 68 41 60 75 59 56 8 93 32 3 14 2 72 32 85 67 1 95 5 42 68 93 37 62 69 0 5 23 73 72 31 88
39 57 36 8 71 53 33 56 30 74 45 87 82 65 0 39 3 45 27 61 25 0 62 0 14 82 98 41 94 84 31 76 11 88 46 12 80 83 87 15 26 95 54 17 12 52 76 8 92 88 78 2 41 76 63 13 45 35 5 77 6 32 64 53 100 63 54 51 46 26 0 37 54 63 5 15 83 2 48 82 92 99 5 56 87 52 23 72 25 18 44 16 12 34 0 90 100 76 24 4 9 68 14 100 98 63 69 90 86 39 35 21 76 8 87 73 38 98 16 33 40 83 25 34 93 41 74 0
13 22 80 43 51 27 13 85 7 97 66 37 75 38 40 86 44 18 77 20 58 68 47 62 85 31 12 34 58 81 79 24 9 0 79 29 64 60 76 57 46 16 9 3 54 47 77 17 32 25 11 26 19 25 66 38 50 16 76 92 100 75 80 56 52 76 87 94 95 5 69 96 62 27 95 54 31 25 60 45 82 73 76 57 49 25 84 2 94 48 73 8 56 40 56 10 26 62 67 85 22 29 26 83 29 28 3 61 52 2 60 37 31 42 46 57 21 73 30 83 35 28 93 44 89 60 39 31
3 71 35 86 14 21 72 67 14 33 10 82 52 27 65 61 2 44 93 48 97 64 82 28 61 16 24 15 100 10 96 97 67 50 70 1 23 52 59 89 73 46 59 9 63 62 29 4 5 71 81 27 7 7 98 87 38 90 61 14 29 18 2 46 76 79 45 21 88 55 89 49 77 63 70 79 8 7 24 59 50 61 41 27 28 6 93 94 26 69 61 20 33 78 33 29 95 26 54 79 69 26 74 42 38 61 97 26 11 1 66 7 63 86 6 2 96 38 50 75 27 3 72 1 99 98 65 79
91 68 61 90 74 86 54 25 91 68 4 91 61 12 25 35 18 51 78 81 3 95 38 84 49 27 81 84 43 74 71 1 27 60 7 16 37 34 57 17 47 36 1 36 25 53 4 76 39 82 56 77 22 68 1 93 58 38 66 60 50 63 99 32 33 72 9 88 84 53 37 14 66 53 25 59 93 8 0 91 43 58 80 68 23 89 93 50 88 46 67 44 61 36 61 77 64 87 13 33 100 10 100 54 37 59 43 8 84 17 38 41 65 43 55 62 61 37 70 28 33 40 32 31 64 49 19 35
35 11 10 76 2 14 0 35 9 67 16 90 2 47 48 97 51 45 53 2 27 16 6 0 35 5 9 37 71 49 45 27 16 99 41 48 57 26 30 21 100 54 6 55 54 80 53 33 65 51 9 95 31 92 1 7 86 82 80 5 31 66 73 95 72 11 22 50 69 31 12 61 50 0 48 74 97 90 71 76 69 93 55 29 16 63 3 90 49 36 77 27 65 48 61 74 16 25 69 49 35 67 79 64 54 83 61 85 30 71 16 57 79 9 12 40 70 72 59 74 16 86 79 71 92 68 16 8
25 10 1 7 58 73 61 60 49 25 26 4 59 87 54 17 93 55 57 85 68 65 83 59 1 96 83 81 59 86 28 34 59 28 54 92 40 0 63 77 34 4 47 78 50 71 94 67 36 94 80 21 86 1 25 92 67 96 84 25 60 77 90 73 71 92 61 9 9 48 81 37 12 78 57 52 30 51 55 78 74 41 84 21 72 52 76 4 97 74 10 44 41 84 3 92 34 9 78 88 66 77 2 41 78 64 91 96 84 84 87 70 69 62 39 0 19 98 14 46 1 49 94 44 52 99 75 44
86 6 52 27 51 66 84 97 81 13 37 65 59 90 20 74 78 84 53 91 1 25 91 74 34 91 93 35 0 43 53 80 84 52 29 47 6 42 18 45 69 35 75 33 68 92 68 43 33 24 49 62 45 31 89 67 66 60 53 5 28 67 24 25 20 60 36 19 88 47 2 26 18 76 75 54 96 93 35 74 52 9 39 17 29 45 50 47 45 49 56 4 88 19 23 41 49 7 34 19 43 19 0 38 68 90 70 50 8 48 35 19 1 69 37 42 81 27 49 7 20 83 36 75 35 41 100 50
25 17 19 66 2 36 2 10 68 97 66 15 67 49 22 36 64 21 94 58 12 27 95 51 38 51 17 44 0 50 63 68 75 62 57 86 37 13 22 68 12 59 20 5 71 77 93 95 43 44 6 60 8 12 80 15 9 6 24 47 100 64 84 84 67 1 68 24 28 96 14 37 83 19 94 34 46 85 72 84 24 52 90 97 30 88 34 25 16 28 75 63 60 73 44 33 47 0 7 53 40 68 93 83 31 53 98 0 28 88 97 57 93 6 87 69 29 59 80 36 87 69 45 51 51 82 72 57
45 55 100 84 3 65 21 19 58 47 22 86 82 26 26 96 73 31 28 61 16 47 96 14 11 83 58 13 40 42 99 19 43 92 67 59 66 58 87 20 85 2 64 7 100 59 80 81 10 85 22 67 73 50 88 64 62 3 33 5 70 83 95 81 89 18 49 70 23 11 49 60 88 50 49 91 17 95 26 60 51 18 34 53 48 59 62 57 15 65 1 18 34 63 94 32 19 36 8 17 17 59 78 95 71 32 8 52 20 96 80 39 78 43 80 68 1 10 40 89 79 66 14 40 21 63 67 70
20 75 34 12 13 35 100 51 14 97 43 0 33 81 43 52 73 94 7 60 60 3 7 25 61 24 43 17 68 90 83 48 45 30 36 8 44 95 92 35 83 86 1 95 94 3 87 44 38 30 14 22 65 52 10 41 7 2 53 36 93 89 87 71 7 48 17 6 65 67 58 92 62 8 87 36 52 57 45 38 44 1 37 32 85 63 13 28 76 84 51 67 75 78 61 13 38 39 27 68 15 88 85 53 94 10 40 32 45 61 49 82 67 56 28 80 26 20 9 85 12 23 21 27 7 11 5 31
41 92 13 93 22 97 77 37 5 81 26 88 35 38 44 38 87 95 10 73 81 61 87 40 9 60 66 43 99 100 6 31 88 4 53 2 99 53 44 66 67 5 88 29 92 76 40 66 40 60 55 90 65 59 16 73 92 90 61 96 78 72 80 54 2 43 30 33 69 50 97 96 21 16 33 71 65 38 47 38 8 90 0 73 27 62 99 16 72 64 18 29 19 44 80 90 33 32 37 57 82 74 91 13 91 87 38 0 42 72 82 20 83 5 32 77 52 73 26 100 23 66 69 53 5 39 14 42
94 60 5 82 38 68 53 34 6 60 71 79 58 87 52 79 5 68 60 13 33 56 45 73 11 1 85 62 3 15 17 59 75 92 60 48 97 38 24 35 38 85 69 27 55 35 55 90 52 99 70 65 72 44 62 34 67 98 77 87 15 0 73 38 21 90 25 70 7 0 76 54 48 57 34 23 69 67 80 81 89 45 32 85 13 77 44 83 65 55 17 3 13 53 49 1 71 13 65 45 32 100 78 66 83 96 56 90 88 79 16 32 40 96 11 99 43 40 76 91 79 8 88 59 8 77 36 19
73 25 71 97 26 0 48 83 87 30 77 27 82 46 57 81 31 16 52 2 18 2 5 79 61 4 59 71 76 10 40 25 24 74 17 26 3 63 12 65 46 23 49 66 33 6 19 15 72 5 79 51 62 84 76 45 38 93 0 100 9 99 94 89 88 22 30 66 100 5 85 96 71 60 89 26 34 34 31 46 14 55 82 16 92 88 48 28 78 23 49 61 4 29 23 38 68 43 25 39 82 66 52 62 96 53 63 46 59 29 45 95 59 15 84 97 5 75 11 19 49 2 37 58 36 37 55 18
87 38 24 21 96 78 48 63 78 9 49 74 27 97 71 22 92 94 58 38 13 86 55 16 36 18 23 98 56 28 60 22 3 84 45 37 15 78 35 100 4 42 35 87 22 42 47 54 9 12 61 0 87 14 16 89 76 86 46 12 32 34 55 92 86 1 32 71 9 35 6 18 9 51 85 23 92 60 25 34 12 80 45 34 13 96 0 48 75 37 39 99 68 97 23 100 32 21 58 33 38 99 28 1 5 41 75 70 95 63 27 7 6 55 61 8 82 75 75 75 96 90 11 74 90 13 17 27
45 36 5 8 95 79 65 54 29 83 70 22 86 46 48 12 80 12 100 73 30 31 30 38 51 32 54 78 96 39 76 95 13 88 21 74 82 8 25 27 99 71 100 74 95 89 100 19 29 13 29 86 64 72 87 41 56 18 78 41 59 26 6 9 100 38 9 81 5 4 9 11 84 99 5 74 15 57 3 84 16 4 69 63 1 90 100 31 6 46 73 0 36 11 0 49 78 75 31 16 96 80 50 93 20 91 97 54 58 15 82 87 46 57 21 25 14 88 13 99 75 15 39 22 56 82 13 23
93 61 19 62 76 47 86 22 45 88 32 16 43 62 72 11 38 39 80 85 80 68 6 78 89 61 40 95 15 49 93 31 68 66 23 57 72 49 35 41 0 60 85 92 93 17 6 83 93 80 29 40 9 89 92 23 10 42 50 41 25 40 54 70 59 2 75 74 88 43 30 16 59 95 97 98 94 32 44 35 10 17 83 19 3 47 8 4 23 0 67 58 61 24 80 5 68 69 47 49 61 76 43 43 87 58 87 28 63 12 1 17 43 67 13 10 41 71 67 42 18 9 24 76 29 63 2 58
99 74 0 4 92 55 60 48 31 29 44 43 79 39 39 26 99 30 58 54 30 96 80 76 24 27 16 19 71 57 65 21 66 32 25 84 2 99 96 25 46 63 75 61 25 93 15 100 40 5 80 34 96 24 54 63 68 70 39 14 24 53 79 26 53 74 72 84 22 23 94 16 60 42 38 79 88 48 52 83 44 26 40 63 24 32 6 38 83 97 73 98 7 84 89 35 61 59 73 98 23 76 72 48 4 15 30 30 1 6 44 15 15 7 25 27 87 27 23 55 80 3 78 9 73 57 95 56
60 36 20 19 13 2 52 13 8 58 32 78 26 61 83 98 98 26 81 35 73 16 92 38 60 4 7 49 12 91 92 82 76 79 7 64 60 25 64 50 8 88 66 30 94 37 80 35 36 27 39 83 82 98 39 84 32 90 51 19 99 89 26 45 8 59 84 48 26 97 67 92 14 66 11 6 91 60 41 1 76 10 86 64 21 27 7 56 63 59 41 34 49 65 0 9 52 38 49 15 38 18 20 14 39 95 74 14 75 5 15 48 75 38 21 58 58 36 69 12 43 79 92 42 50 77 7 1
49 28 57 26 39 82 97 95 20 96 44 86 63 70 22 57 50 22 24 98 45 68 78 26 46 75 56 86 42 6 66 42 42 27 20 59 38 99 48 93 20 78 32 54 22 96 47 84 76 36 75 84 41 91 69 92 96 48 22 77 39 79 57 66 31 38 33 37 70 55 14 78 97 64 4 85 60 80 92 72 50 33 91 9 30 31 16 0 76 96 1 32 63 2 32 60 90 20 91 11 96 27 81 20 94 3 30 93 20 7 92 94 73 64 76 68 75 86 9 4 37 18 73 73 85 43 51 60
93 27 29 89 79 10 48 52 50 71 83 69 13 62 51 87 66 28 92 33 29 19 59 80 16 39 29 7 17 86 27 8 34 80 93 95 56 20 23 27 73 60 65 27 50 68 9 95 2 63 6 25 87 74 80 6 17 99 90 9 76 34 67 22 86 50 85 40 3 1 13 57 38 23 50 5 8 40 33 34 8 25 25 82 28 94 82 91 75 4 87 59 90 92 85 69 48 88 21 93 15 9 41 71 62 9 12 41 5 98 70 63 10 52 47 22 98 74 25 25 10 18 44 27 22 86 45 74
81 27 100 52 85 66 72 55 92 82 16 68 72 56 56 76 23 10 88 33 13 76 22 74 72 99 25 42 38 70 49 81 20 97 63 28 63 60 88 89 35 63 42 100 63 75 24 30 80 92 64 95 40 76 7 14 65 18 25 21 40 4 42 3 8 38 17 95 15 10 44 50 43 68 55 54 100 94 32 81 2 1 29 31 28 48 46 74 36 95 14 80 62 19 8 62 10 8 80 4 4 18 5 55 34 20 6 5 21 84 91 27 87 82 46 49 53 34 20 67 46 38 90 26 22 42 80 51
82 52 81 18 82 47 92 37 35 99 6 7 97 24 74 9 17 41 51 56 17 4 79 11 93 75 71 41 44 56 59 83 84 81 55 97 56 16 45 20 98 96 33 76 84 93 3 58 76 77 4 87 49 16 3 24 30 88 44 27 65 83 78 74 18 68 27 71 65 31 74 70 30 73 80 18 13 14 15 13 40 74 43 11 39 38 100 56 3 2 15 10 68 96 15 32 79 17 57 41 53 26 78 6 77 1 38 13 81 91 89 70 5 29 35 58 97 45 77 73 37 51 80 61 25 59 25 18
50 71 1 55 96 43 48 90 39 22 83 32 75 91 4 96 35 18 95 74 89 38 50 14 79 54 26 55 45 67 92 48 63 27 41 50 52 20 97 37 81 65 99 63 38 14 28 4 70 58 35 40 27 2 97 63 71 43 68 40 35 32 61 100 26 44 62 1 6 16 79 48 11 16 1 97 0 94 47 67 60 35 85 29 96 59 39 53 98 70 6 80 11 52 100 28 16 66 62 80 65 48 16 87 11 23 79 8 79 64 48 83 58 42 39 73 41 87 43 63 32 93 81 39 75 20 93 87
41 82 12 69 8 65 83 83 46 64 80 52 48 30 4 87 3 77 7 9 99 73 47 8 66 5 23 6 11 79 42 81 33 6 86 63 75 34 89 51 51 25 94 73 12 51 38 46 99 40 60 16 36 97 68 60 87 89 67 2 29 91 64 5 16 87 59 68 54 92 62 58 69 96 52 34 16 8 26 0 77 8 47 11 54 49 78 87 27 65 94 47 5 10 94 81 95 3 27 95 51 45 20 17 57 79 46 97 19 64 87 86 98 31 75 41 54 9 55 60 84 9 25 16 50 47 52 68
86 95 90 45 63 7 24 92 57 91 70 44 41 71 35 69 30 7 20 46 68 63 70 90 33 31 1 65 40 91 16 9 50 78 75 44 86 9 71 22 61 28 75 29 86 98 18 2 1 50 45 36 61 47 16 10 73 49 61 29 1 100 24 29 89 89 81 28 73 84 6 7 68 5 55 35 14 85 34 54 96 97 70 47 50 58 73 71 37 25 40 67 36 80 85 25 4 95 45 60 57 25 51 67 45 62 43 51 77 3 11 54 86 47 23 77 13 68 47 79 84 72 79 43 26 33 49 35
72 44 100 88 49 21 7 52 13 13 37 32 59 54 50 93 20 35 16 99 98 63 46 75 85 80 43 51 12 20 21 14 92 37 92 34 80 98 10 90 64 0 67 15 86 100 18 94 67 75 88 22 23 20 0 62 54 82 55 84 18 67 35 20 70 25 87 67 45 23 63 60 70 56 28 70 38 97 86 38 22 97 77 97 64 79 77 39 18 46 6 39 56 54 4 24 36 65 5 24 57 3 49 5 63 56 92 53 92 8 2 5 72 62 67 64 6 16 85 81 53 28 11 38 35 73 29 46
53 8 76 28 2 8 29 19 5 97 10 93 44 38 15 88 48 74 96 23 95 14 30 59 24 60 9 81 25 39 17 85 77 70 82 25 10 7 85 56 58 66 67 36 57 49 73 94 6 85 23 73 58 35 99 74 69 28 42 15 51 9 100 87 94 3 33 100 94 40 71 25 6 90 22 11 54 2 21 63 6 47 45 30 80 83 56 32 85 25 49 73 77 47 79 62 85 88 64 19 17 74 21 68 30 9 72 98 67 88 69 62 36 22 26 67 24 46 75 3 79 51 33 94 25 63 20 36
63 90 51 34 33 54 32 57 52 80 1 89 74 61 66 94 75 35 11 92 1 23 15 43 37 62 79 73 15 35 37 70 69 32 94 60 90 72 62 50 61 89 45 72 83 85 51 24 3 14 91 37 94 27 61 39 15 95 76 35 1 72 9 25 79 49 44 45 10 99 6 85 93 27 19 79 75 38 88 86 54 47 75 36 80 81 43 92 17 79 27 71 69 57 17 66 70 96 77 1 92 35 28 39 78 56 56 36 60 27 100 68 66 30 62 36 88 11 88 12 94 86 32 17 94 69 56 72
23 61 94 80 51 92 60 97 78 54 7 89 89 7 52 82 55 17 44 60 93 47 21 23 64 0 50 53 25 48 3 47 58 98 11 6 9 84 25 80 30 24 18 74 51 59 15 45 23 76 38 87 27 81 94 78 25 36 37 93 68 35 42 12 5 48 86 69 92 30 43 17 76 19 74 78 58 52 97 79 72 4 23 30 75 91 93 81 80 25 70 59 87 30 98 98 7 32 40 55 46 63 5 14 95 64 81 52 44 96 82 20 72 20 9 50 11 68 79 61 57 99 76 6 11 21 92 42
58 87 46 88 97 71 7 25 59 83 49 65 86 41 65 78 18 15 32 86 62 6 84 13 16 69 9 29 61 68 53 34 40 6 95 36 43 23 90 24 64 70 18 46 12 36 72 78 54 44 92 23 7 96 48 60 42 36 72 41 68 47 40 58 93 37 61 20 55 60 98 86 5 28 49 42 66 72 73 14 48 50 82 25 65 70 33 78 92 35 15 5 64 96 19 75 90 32 94 71 23 71 80 57 69 79 48 64 72 35 95 21 95 51 86 20 99 100 8 81 62 28 49 18 87 14 62 52
39 69 26 71 35 23 78 80 100 13 71 3 15 1 88 89 79 7 48 92 96 39 70 35 86 16 71 33 22 28 88 57 58 84 11 26 34 61 58 26 52 46 95 50 12 92 22 63 95 70 27 54 36 17 37 93 6 59 63 56 5 51 31 33 82 45 86 11 8 82 52 28 18 9 13 72 25 34 44 54 94 86 69 7 32 49 19 31 77 77 77 16 38 65 57 66 64 6 21 17 3 75 23 87 70 14 95 0 37 35 52 38 21 81 59 1 33 89 59 74 85 1 21 87 56 9 63 9
58 28 31 41 17 59 0 67 47 97 14 46 6 39 12 24 47 67 62 45 24 73 2 11 22 1 9 28 32 50 60 33 84 88 79 71 30 89 3 48 54 44 15 78 82 7 52 15 21 98 70 66 63 38 60 17 57 62 29 0 94 90 19 57 74 14 58 18 45 47 12 86 14 26 88 76 92 87 25 78 88 2 74 45 5 62 54 19 7 1 84 87 89 62 14 79 79 88 88 80 97 34 42 3 58 97 67 11 0 92 100 92 24 50 48 97 76 81 22 99 92 12 21 16 18 95 7 86
81 23 9 9 40 100 14 91 64 64 51 28 98 14 99 20 8 15 83 32 88 90 43 23 80 73 99 14 25 60 62 31 93 57 28 52 72 52 95 60 41 44 75 27 68 10 82 52 73 45 34 31 43 61 16 62 15 48 64 2 20 32 32 92 12 48 91 95 66 40 52 56 68 0 73 79 78 84 40 69 23 64 59 25 53 78 5 4 81 57 13 65 52 21 75 50 25 15 76 75 41 5 28 15 62 44 82 70 85 43 56 50 44 67 28 32 26 78 55 0 55 40 1 0 23 21 44 4
15 29 93 70 44 44 27 40 46 82 19 57 31 60 23 99 68 34 58 29 64 22 13 31 94 16 46 36 85 69 76 30 11 59 12 83 60 13 42 2 10 28 62 42 27 68 59 47 96 90 24 14 3 68 65 66 31 43 5 97 40 12 44 61 96 21 86 6 48 34 72 19 37 97 22 60 11 54 7 77 54 16 27 99 8 35 61 94 30 39 99 3 26 60 58 4 16 16 92 47 98 49 12 57 90 23 74 49 37 34 47 82 68 90 35 30 86 47 62 97 26 64 42 58 37 37 13 66
100 53 34 100 38 37 31 50 96 30 67 46 47 51 67 91 94 16 80 46 62 23 81 67 92 72 68 91 64 63 61 5 94 8 39 14 79 22 59 72 27 30 61 20 56 87 34 90 16 46 6 48 66 15 71 6 57 85 5 95 5 55 98 13 17 5 34 10 67 0 86 26 80 100 14 97 0 68 26 36 1 44 92 18 74 76 14 60 73 4 94 89 29 33 36 45 34 22 31 85 75 94 82 51 77 24 54 31 26 84 78 18 68 69 31 53 82 12 17 35 86 47 27 39 71 14 28 70
39 56 48 1 98 98 56 20 69 20 10 29 9 33 69 59 65 81 54 63 52 94 46 26 41 17 18 36 50 70 41 25 68 83 43 5 61 77 73 48 6 52 90 85 49 78 59 72 27 84 76 74 80 70 99 85 58 98 66 96 57 13 86 76 81 43 89 59 96 29 71 58 29 65 85 4 25 29 62 94 35 81 84 14 2 69 20 100 53 53 47 25 93 75 23 41 71 83 50 92 93 66 3 66 26 82 90 44 100 80 62 72 54 40 79 38 99 89 20 20 53 17 4 36 73 84 67 42
20 26 41 79 58 50 58 78 19 9 12 96 6 22 11 57 12 20 100 43 92 53 62 56 23 48 97 64 60 62 25 2 11 1 20 71 46 24 87 49 88 13 35 62 64 91 32 51 58 13 29 81 13 4 26 22 67 15 44 61 57 30 73 75 9 32 97 75 97 74 24 17 72 72 66 75 2 85 35 32 19 25 15 31 37 89 78 94 53 15 69 67 23 95 26 56 9 50 69 92 10 60 78 33 91 52 99 70 11 50 5 32 15 31 77 78 71 48 43 36 59 48 96 19 56 34 54 55
25 67 87 43 42 95 36 97 44 81 18 1 5 9 72 85 0 90 58 34 55 67 87 14 82 95 50 4 66 84 59 57 100 77 67 49 12 96 59 55 45 99 94 86 45 80 87 37 22 27 66 11 51 98 66 12 82 24 19 17 13 8 17 71 28 78 5 92 16 74 13 83 24 32 88 20 11 82 39 94 87 60 20 7 0 4 49 58 37 26 1 34 100 7 67 37 36 26 9 6 90 66 54 48 17 1 95 54 22 56 92 52 96 81 61 55 48 52 20 35 34 77 98 84 29 48 85 88
71 12 24 53 88 38 22 59 26 100 87 6 20 15 50 48 36 9 25 14 63 16 73 61 66 73 10 4 93 55 43 0 81 64 46 10 68 34 27 3 7 4 35 39 24 67 11 17 34 55 93 78 53 68 23 49 87 84 97 0 75 72 88 2 35 3 99 28 52 24 62 69 14 45 16 78 88 69 62 68 87 65 25 10 90 48 88 42 65 14 26 43 100 68 99 71 82 47 63 94 18 38 86 52 20 83 13 12 57 30 37 8 43 88 7 21 85 84 70 32 80 20 85 51 25 57 40 50
93 40 65 21 11 23 34 75 50 52 33 51 35 66 77 47 82 30 22 63 4 27 80 46 5 26 29 0 77 99 22 0 53 6 95 35 14 28 59 6 58 64 8 29 76 41 38 12 11 79 59 22 18 4 40 13 62 3 45 29 97 31 51 86 87 4 33 28 72 76 42 49 26 11 91 50 88 98 36 88 65 33 82 48 6 48 12 11 3 49 24 25 60 35 30 7 1 96 60 20 76 60 18 26 33 55 95 34 67 36 8 90 17 62 38 0 4 46 42 25 12 22 13 11 26 20 46 4
17 23 96 24 1 31 55 78 74 72 28 31 68 54 41 33 31 100 100 33 40 73 4 68 98 51 16 24 31 44 73 98 84 90 22 82 40 13 7 79 54 49 46 23 51 59 59 35 25 78 58 68 78 100 59 0 59 98 35 10 95 91 27 3 3 93 7 2 48 64 19 44 75 80 90 48 83 17 63 82 70 18 38 8 50 96 37 13 36 87 24 56 8 75 41 19 21 54 75 6 25 40 8 51 16 63 5 29 56 74 78 57 5 100 57 33 61 63 11 87 81 1 90 100 25 82 20 57
13 77 45 8 46 79 31 43 14 79 68 99 32 71 77 69 59 92 5 30 25 34 56 65 40 5 74 43 36 23 19 69 9 88 52 99 16 67 61 95 70 63 67 66 100 78 12 84 12 49 37 57 24 15 31 11 80 29 1 50 15 0 6 25 17 81 100 67 52 44 44 16 52 98 36 65 51 10 61 35 33 20 43 32 45 74 20 59 75 91 61 40 54 52 5 59 46 16 62 98 46 86 76 25 33 54 90 65 12 38 7 63 95 41 51 80 68 74 26 89 3 70 8 68 92 37 27 16
64 7 56 30 64 50 17 17 52 34 45 12 98 40 45 18 59 77 91 16 70 72 87 6 21 59 100 2 3 38 88 80 90 11 19 62 61 44 0 78 39 54 41 73 4 51 39 23 16 19 57 90 72 81 46 3 59 63 56 22 23 36 1 71 84 0 68 87 46 55 72 26 73 60 36 14 43 94 89 78 16 32 50 53 4 92 84 87 6 44 56 7 84 37 8 80 74 71 92 36 55 25 56 94 34 30 92 72 2 25 72 14 88 82 60 64 24 38 29 61 21 48 20 25 27 68 37 49
49 97 22 97 96 97 63 4 48 56 20 35 50 16 55 0 95 14 42 17 5 19 71 82 21 11 25 0 70 57 27 46 82 91 80 52 24 77 83 59 3 95 2 52 4 97 2 55 36 64 40 98 87 24 81 90 68 10 17 14 32 53 5 95 59 13 92 13 14 20 80 89 21 27 11 4 6 74 66 76 20 89 16 75 25 16 67 18 35 30 46 100 91 100 2 64 74 54 86 7 75 80 22 4 95 89 5 88 98 92 75 93 15 19 16 82 9 98 76 78 1 79 38 14 99 74 36 38
20 16 56 5 32 4 71 94 17 98 20 83 57 48 22 52 40 63 24 65 75 87 59 57 29 38 54 60 93 84 65 20 51 58 40 24 64 33 25 66 87 65 77 66 26 61 71 32 1 17 28 88 11 7 51 24 32 16 49 33 1 92 39 14 45 96 2 28 22 44 90 28 58 37 39 17 50 26 53 92 98 50 78 75 80 7 80 81 96 90 89 97 37 41 57 77 63 23 55 8 58 29 39 31 99 47 33 65 0 92 72 79 10 6 44 1 80 9 57 20 21 9 4 14 98 3 18 8
15 77 60 23 80 57 10 45 45 35 47 93 24 50 81 81 62 28 43 35 97 21 68 35 21 8 93 34 46 53 20 52 86 65 67 19 59 59 1 49 43 70 54 45 9 54 5 19 17 63 95 82 65 58 69 93 75 3 63 44 95 8 8 65 67 20 57 14 47 47 19 40 33 20 52 40 3 19 47 67 95 50 81 13 81 46 58 32 99 58 67 38 13 30 81 57 17 18 71 91 14 7 12 97 82 87 28 7 45 38 20 45 54 34 31 14 64 77 85 63 9 9 25 53 68 86 40 13
67 43 32 54 16 0 9 87 93 78 9 100 95 61 6 55 92 50 87 59 58 46 29 10 35 33 57 18 9 32 62 13 37 62 18 70 18 4 13 3 67 89 26 97 37 12 83 83 11 75 44 55 31 65 24 39 60 25 25 78 9 74 23 59 17 39 42 32 35 28 67 14 66 54 77 81 10 13 96 90 67 77 54 9 74 0 11 85 7 90 56 51 0 33 43 10 53 63 99 67 9 71 77 33 41 35 31 14 55 74 70 75 56 39 33 32 18 85 43 31 59 87 49 44 33 33 69 28
82 50 95 47 24 79 73 66 81 55 26 77 9 80 6 35 78 46 60 59 44 52 14 94 53 81 42 22 39 54 27 48 3 82 50 73 28 56 26 93 2 87 91 5 29 64 12 84 11 69 82 44 94 82 43 54 70 45 52 8 4 73 50 7 5 66 5 92 2 0 4 90 23 5 6 72 98 30 15 44 56 58 79 78 98 27 49 30 14 4 64 2 66 13 20 100 66 95 34 88 91 29 50 35 82 86 70 54 71 98 44 61 63 98 7 37 99 62 43 28 41 33 92 96 95 35 40 41
22 50 40 75 50 99 30 9 33 27 3 42 97 33 100 88 57 100 54 94 35 70 14 71 8 92 26 42 18 77 42 74 69 88 53 30 61 72 41 44 93 69 17 82 5 63 91 66 20 57 85 56 24 23 69 34 22 55 88 55 29 1 63 47 28 57 30 28 24 20 56 11 62 84 62 78 25 82 51 71 0 76 26 2 86 5 96 61 56 35 97 62 54 61 92 65 49 67 43 78 15 46 20 21 61 6 66 35 79 35 32 87 6 66 50 79 80 83 9 58 76 75 47 16 24 28 41 7
76 34 62 5 31 26 65 84 50 74 93 33 9 70 41 15 71 35 20 96 26 63 33 58 69 97 71 35 30 91 39 62 52 93 16 60 59 44 95 98 21 59 53 96 10 22 17 12 66 20 3 42 83 97 20 36 74 54 70 95 16 36 68 62 89 95 4 7 98 56 89 25 6 23 4 35 57 37 22 92 12 81 91 16 51 94 44 31 91 46 99 53 54 96 49 85 0 10 29 13 78 3 30 57 33 64 35 51 42 68 3 94 44 65 67 93 52 31 66 81 19 22 56 26 56 94 100 78
44 6 91 4 59 21 94 9 95 2 2 80 13 97 74 14 74 8 98 44 67 100 69 59 42 95 61 62 77 80 47 3 83 70 41 64 34 68 65 3 58 15 59 90 80 77 89 72 41 65 34 70 8 36 73 4 70 1 32 31 80 28 51 38 2 38 55 36 75 17 66 100 98 97 0 27 18 92 49 98 58 75 96 68 89 73 11 43 74 45 52 50 91 99 61 32 2 4 69 95 5 31 97 74 27 64 94 52 91 0 66 94 41 63 77 32 86 0 89 2 3 20 73 26 21 22 35 19
43 38 34 52 6 69 20 31 95 37 33 47 83 9 46 28 81 48 26 46 81 80 37 23 26 8 38 94 78 18 40 95 48 37 99 8 97 72 5 79 37 14 81 14 96 83 10 83 86 69 17 29 84 2 51 93 23 96 77 6 5 40 70 64 44 100 86 100 49 91 65 81 68 97 91 60 58 90 100 42 2 61 29 0 34 6 92 42 4 2 18 63 20 74 47 66 98 2 85 51 22 48 32 1 96 75 90 53 51 25 13 39 81 95 47 79 24 24 28 40 80 27 39 42 38 12 11 75
59 50 77 42 56 80 94 63 31 97 44 39 31 56 35 42 42 44 44 67 29 34 21 5 84 59 5 51 99 43 27 27 35 6 45 92 46 84 86 26 35 34 15 7 55 85 88 96 28 63 47 81 27 79 10 54 22 25 10 6 16 75 38 75 25 34 47 1 56 67 66 86 19 55 98 65 43 69 80 63 54 93 46 59 25 71 73 70 70 32 1 66 22 53 10 19 36 4 79 55 40 49 32 86 16 2 46 4 11 56 85 68 75 33 62 51 79 77 93 0 1 30 50 62 6 39 62 49
52 58 85 26 95 88 54 90 73 79 94 78 70 9 66 4 92 24 58 45 76 31 27 85 22 54 63 78 44 45 3 50 42 1 46 91 38 61 21 66 83 100 50 97 92 15 80 63 32 50 34 52 23 39 90 3 76 50 76 34 99 44 40 19 42 85 6 78 68 13 36 59 3 24 22 11 88 17 22 41 39 22 5 27 64 59 92 59 94 4 92 51 69 24 11 27 22 16 70 55 87 80 59 80 15 80 24 4 78 92 11 38 7 53 63 8 54 7 1 47 65 99 94 13 72 49 67 39
2 26 44 20 77 81 24 47 98 41 73 37 3 24 62 84 21 76 14 64 8 29 5 58 37 35 13 16 89 7 6 21 29 1 25 29 41 61 17 85 8 35 65 9 41 58 49 65 74 15 83 53 15 79 38 65 98 85 30 50 31 99 27 14 82 29 84 94 51 33 49 98 65 88 55 9 44 7 64 58 19 47 76 71 44 78 54 52 38 33 27 90 9 63 100 13 52 22 30 53 70 66 28 5 38 8 32 39 4 84 9 42 17 34 81 96 47 99 41 53 90 63 85 36 19 62 14 53
59 46 60 13 50 2 64 90 60 52 8 90 96 41 35 61 98 22 68 57 75 90 97 30 26 59 96 84 34 1 32 37 20 60 22 57 34 1 66 67 86 78 70 12 68 13 49 1 55 14 20 48 36 47 58 75 41 45 42 15 79 25 30 100 3 68 53 96 100 69 10 74 17 84 71 86 6 32 77 18 67 63 67 79 45 12 89 99 94 90 73 84 39 1 24 49 33 74 91 14 72 44 98 38 28 81 57 15 56 33 94 7 71 83 8 13 75 41 48 60 28 30 4 54 35 37 17 36
11 52 95 6 50 52 48 37 81 4 35 80 20 19 2 55 67 43 87 53 37 29 28 75 63 79 54 7 42 53 89 51 89 20 7 88 66 97 87 13 8 26 7 54 27 67 46 46 79 17 39 61 33 80 68 60 18 1 95 29 86 54 47 100 16 0 49 6 58 64 1 24 26 49 4 24 27 65 47 7 42 79 37 1 28 58 97 5 50 82 82 30 59 94 92 44 25 70 74 70 75 30 19 68 41 93 71 47 35 26 69 43 11 46 38 28 100 60 64 31 13 2 34 52 32 3 32 63
75 73 72 52 98 79 98 77 13 98 99 24 2 32 74 41 5 87 52 44 37 32 58 15 13 98 11 34 59 7 18 69 100 67 39 73 53 21 26 66 70 25 87 2 25 20 71 37 97 95 29 17 100 67 47 38 10 56 25 73 78 80 32 9 25 47 2 46 54 100 6 77 85 68 87 8 87 30 63 16 37 62 61 94 100 55 77 67 7 75 70 39 36 78 85 38 50 38 98 24 26 15 59 24 20 23 99 53 10 28 13 41 0 64 27 44 58 14 23 18 67 89 23 84 83 57 81 25
62 80 45 64 57 16 92 75 33 91 54 97 71 70 38 48 94 21 99 66 94 37 35 95 9 11 71 40 11 98 83 1 20 35 14 75 70 44 99 38 8 47 24 87 16 90 72 37 18 97 51 52 66 47 28 4 9 63 94 80 45 34 45 90 73 91 41 92 22 23 64 41 58 56 78 58 54 65 71 98 24 26 99 56 0 20 40 18 58 36 20 95 98 77 14 57 6 20 13 3 97 69 48 30 43 90 90 0 10 89 31 91 31 43 4 79 58 100 71 7 45 22 34 41 42 31 34 22
100 67 1 59 34 87 55 46 41 77 76 26 20 69 86 43 65 15 14 32 54 43 15 90 65 29 50 69 38 5 16 95 67 65 91 45 15 56 17 95 86 72 45 41 61 36 100 90 89 72 3 84 99 11 82 87 63 39 85 12 17 52 75 53 20 32 29 31 4 84 84 97 94 10 38 6 77 54 23 58 33 76 33 69 7 78 99 59 64 54 12 9 95 35 76 68 14 16 43 17 42 66 72 26 66 59 86 46 86 67 45 44 75 84 38 35 72 8 13 50 54 77 68 34 80 28 70 88
1 70 67 60 70 22 82 33 77 76 90 76 45 78 90 27 79 21 12 48 35 8 47 5 82 90 89 6 42 99 10 80 14 47 69 59 3 8 37 50 63 39 18 73 92 70 30 8 38 47 92 20 58 32 67 7 60 19 78 36 12 32 57 26 92 38 68 26 39 60 38 51 35 23 68 40 15 63 4 13 26 56 9 77 22 58 52 49 32 17 2 85 30 42 64 6 92 72 46 42 67 21 57 66 68 62 60 78 5 71 5 32 85 20 76 12 65 34 10 86 86 83 74 59 41 44 88 46
