81 95 34 97 5 97 42 53 9 34 53 95 84 49 28 61 92 52 63 15 59 53 71 62 33 18 63 71 35 1 68 9 18 42 40 50 35 57 40 27 26 12 69 50 13 57 44 2 50 8 58 87 5 52 84 22 6 58 65 73 9 75 62 50 6 32 26 56 42 64 17 23 32 28 80 24 68 86 71 76 76 3 71 14 36 71 68 3 14 42 78 58 64 6 25 71 15 96 83 98 75 34 25 25 69 40 21 38 22 39 50 74 53 11 92 17 17 39 73 74 51 82 22 18 9 76 41 3
10 89 50 66 77 13 96 37 20 97 65 82 15 0 32 22 14 5 40 24 16 81 34 65 47 20 79 17 100 20 3 96 11 33 79 75 13 70 5 94 0 99 68 73 46 22 20 52 38 88 61 93 3 94 58 10 38 51 14 34 24 15 83 61 31 75 77 53 90 53 63 13 71 98 94 13 69 77 5 62 90 3 42 35 12 48 18 72 49 25 83 39 26 63 82 31 37 39 0 60 59 59 95 70 13 92 63 47 89 91 26 86 85 66 98 93 24 89 79 51 97 61 60 43 76 16 99 45
4 65 18 44 76 62 18 70 36 56 70 69 90 51 81 37 49 64 40 70 86 16 25 37 41 34 99 15 3 54 80 68 43 1 2 91 75 20 79 94 88 43 98 42 50 5 24 100 57 48 58 23 46 16 96 90 57 38 11 48 18 14 9 22 9 93 68 47 29 77 10 99 56 83 69 34 77 4 71 87 26 27 80 21 98 100 41 37 87 32 5 74 22 19 87 10 56 9 7 38 2 41 60 85 66 47 26 55 47 22 27 27 40 53 2 14 69 12 99 70 6 45 52 36 41 56 12 11
5 81 1 57 78 95 67 1 55 23 16 19 39 6 73 43 48 41 51 3 85 40 87 47 88 80 26 92 18 48 31 12 27 37 93 81 44 78 4 37 94 44 65 78 3 61 43 49 64 49 96 98 16 70 40 46 63 68 69 18 60 54 73 42 34 16 71 94 74 38 80 56 49 63 28 39 92 57 47 27 9 92 2 36 93 17 88 1 47 60 43 19 75 15 24 35 16 88 90 100 71 85 100 13 16 21 68 86 57 16 67 9 53 44 73 25 12 14 83 8 12 65 34 79 100 6 36 42
70 96 54 86 54 80 50 28 65 90 1 24 46 84 87 69 64 90 50 10 3 20 83 6 44 94 95 40 52 60 86 29 19 65 84 63 51 31 16 57 97 40 41 62 31 9 67 31 97 75 88 94 25 72 18 59 74 12 96 2 69 67 77 20 71 19 67 60 80 21 20 91 0 86 42 81 59 23 18 82 82 88 74 62 85 78 8 87 78 43 47 40 75 18 65 42 64 99 69 72 47 78 22 32 66 90 8 100 57 76 24 27 55 9 94 16 92 28 34 87 77 33 4 40 28 82 56 100
15 84 27 78 73 1 9 53 88 6 72 48 37 77 91 64 94 82 45 82 98 78 55 51 65 6 66 96 76 57 19 88 29 30 28 63 91 82 55 61 60 93 32 82 99 6 76 24 47 20 16 92 41 9 16 28 45 89 96 19 45 73 52 12 68 30 83 68 45 27 25 59 72 52 34 15 100 12 21 28 58 41 37 76 71 79 5 19 95 5 73 47 38 21 87 34 87 59 39 39 62 21 21 40 13 44 70 30 90 85 64 56 64 4 9 65 12 26 97 56 32 97 59 22 79 63 44 25
32 17 99 85 51 61 12 73 57 34 59 29 40 91 36 84 60 98 40 58 85 83 39 4 14 97 67 76 52 49 42 21 70 79 4 20 51 47 22 61 82 36 12 38 8 43 62 11 12 71 76 10 52 72 73 27 43 70 75 20 58 7 12 46 2 85 28 92 33 70 54 22 3 29 47 19 1 96 1 83 96 21 86 57 96 33 88 26 29 7 4 66 72 41 26 2 30 100 37 23 86 97 63 82 22 7 16 97 33 81 51 4 82 82 84 78 17 16 42 19 96 84 63 97 75 66 13 100
96 13 85 70 57 33 100 4 27 94 52 94 52 4 9 86 86 32 76 66 5 62 22 2 9 1 62 23 95 21 84 13 29 75 82 32 77 57 67 93 99 25 31 84 29 42 50 75 66 86 100 87 25 85 32 29 22 1 74 66 48 22 33 86 23 37 66 45 5 7 85 10 37 70 50 53 49 1 31 90 78 90 64 94 69 75 91 21 72 28 69 21 64 55 36 23 73 5 44 23 95 65 35 40 41 47 84 6 26 49 47 75 82 76 14 96 72 37 90 60 81 88 18 48 37 37 72 33
75 19 37 84 35 46 41 44 56 14 0 25 96 2 50 48 75 85 96 97 50 86 58 46 66 36 54 42 32 30 79 58 88 14 95 91 97 88 39 9 4 19 50 34 54 26 47 17 42 10 70 11 1 68 26 100 7 19 41 0 52 51 81 16 66 48 79 8 82 49 69 72 83 24 72 6 52 14 30 79 24 52 40 20 70 83 94 32 82 46 28 2 16 27 66 74 40 36 54 19 93 67 36 28 10 93 90 98 66 88 52 84 86 17 29 70 68 62 91 62 75 15 3 80 49 22 37 88
79 27 81 71 0 1 24 87 14 82 81 7 47 10 37 65 91 5 84 42 89 77 91 27 44 7 19 76 71 76 23 18 26 75 42 93 51 58 75 37 57 98 73 36 97 47 29 52 8 31 19 38 93 11 66 15 0 97 1 90 96 76 26 7 92 27 9 49 29 8 82 71 71 93 72 8 39 42 52 87 34 72 9 64 1 53 41 92 39 24 27 6 1 12 20 95 47 43 81 85 12 53 96 43 8 83 30 13 32 46 68 56 39 84 56 35 77 60 54 70 84 1 74 22 81 29 97 0
35 56 86 76 36 12 36 51 29 53 4 62 4 27 78 33 31 8 4 40 33 72 71 21 92 64 48 12 52 59 60 43 39 68 27 13 86 100 17 0 24 39 57 82 53 21 100 97 15 54 32 92 6 0 24 59 97 26 93 28 92 91 32 98 38 56 64 18 0 46 11 74 29 2 13 95 88 79 70 53 100 87 60 49 89 31 63 89 78 26 85 81 62 87 41 47 41 48 25 89 72 82 92 23 98 17 54 10 87 49 42 15 55 12 28 84 16 100 89 43 42 94 97 72 17 63 20 77
2 99 67 86 51 35 18 7 63 41 16 60 6 51 26 13 8 26 98 77 97 54 12 9 20 77 79 24 15 53 29 0 76 11 58 46 48 84 36 10 98 7 45 8 65 26 0 59 40 87 17 41 78 50 25 41 58 4 32 84 1 1 42 90 63 62 44 30 21 64 10 7 93 31 91 88 83 41 66 72 82 60 81 70 6 70 95 35 10 62 8 93 70 12 65 34 56 25 13 75 73 89 6 77 100 2 99 64 98 34 61 69 67 19 90 3 46 43 36 84 60 64 28 68 60 58 87 14
12 8 58 70 76 33 22 30 59 97 100 25 100 88 69 84 27 20 59 99 87 85 42 70 23 91 35 11 61 1 57 63 24 25 52 75 50 93 81 59 34 32 68 47 44 68 7 31 25 88 41 40 96 37 27 61 96 45 60 68 25 25 64 4 15 76 22 2 86 4 13 84 83 81 10 100 82 62 44 19 58 21 96 32 73 6 62 47 27 71 54 9 51 3 38 61 10 88 96 30 92 84 45 67 75 3 91 7 36 51 68 41 62 10 22 58 23 49 14 58 1 96 7 29 11 71 65 24
48 44 77 18 29 79 92 25 53 23 13 44 100 44 80 98 99 97 65 49 41 70 56 99 46 3 26 41 11 48 42 30 17 37 38 51 94 79 66 38 68 57 15 22 2 13 78 12 34 84 68 69 30 1 81 22 11 95 35 45 70 57 92 76 60 74 73 27 89 18 31 58 17 67 87 77 72 62 27 78 64 60 31 28 46 16 34 77 83 6 38 100 56 60 8 56 96 67 89 98 46 49 22 39 35 57 52 10 72 91 81 90 0 70 62 19 38 69 40 17 60 97 99 100 10 24 2 90
27 87 31 87 37 82 87 51 84 90 96 40 16 25 4 46 13 28 53 79 79 95 5 7 2 86 88 53 4 5 42 25 81 34 28 34 99 71 60 36 57 24 76 99 80 52 5 1 21 17 92 38 95 41 43 1 11 49 43 3 39 32 23 1 74 62 46 15 82 94 27 49 92 62 12 2 69 9 98 91 75 100 57 10 84 57 12 31 72 83 99 43 42 64 73 98 51 61 7 11 84 5 80 45 88 54 34 50 63 51 48 65 27 2 92 15 69 14 51 66 6 82 60 16 59 59 79 24
5 92 90 68 68 92 66 78 3 88 31 11 19 5 14 73 56 95 53 17 35 50 78 73 87 93 83 71 57 18 60 79 79 81 51 98 66 32 2 91 26 90 33 84 40 68 38 17 78 97 44 1 74 12 0 98 15 4 100 100 29 27 50 75 39 97 3 1 39 23 10 35 87 50 66 76 10 24 96 20 47 15 55 98 6 58 49 98 4 24 40 8 49 47 35 70 73 19 4 9 16 78 77 65 12 26 57 18 94 76 100 37 11 55 47 35 81 56 22 70 65 20 11 90 14 80 26 96
94 32 48 66 25 63 44 13 92 37 21 40 29 92 27 75 16 37 21 16 23 38 27 65 15 45 38 72 23 31 28 57 86 64 92 0 74 33 94 11 48 36 41 39 99 34 68 59 81 41 95 59 20 65 22 56 4 69 13 31 26 60 41 68 40 90 85 52 18 3 89 74 50 2 76 82 50 6 31 40 32 52 87 82 57 90 65 69 56 16 62 84 13 25 22 17 64 23 73 3 43 97 41 65 41 89 75 29 57 9 35 48 60 27 90 99 86 85 54 29 57 56 41 72 88 8 13 82
35 18 68 68 8 52 7 87 100 75 93 33 13 87 26 84 2 40 50 87 25 0 15 4 38 88 13 95 59 52 99 86 40 12 58 0 69 11 76 12 49 91 24 17 13 12 83 62 99 69 52 63 81 70 81 30 63 47 33 43 97 20 30 62 56 3 48 72 84 35 51 58 4 0 61 99 17 38 73 92 53 2 30 37 31 98 73 98 6 18 69 62 74 90 41 78 6 67 13 19 15 59 22 89 68 92 85 60 29 4 42 74 1 58 7 37 38 54 27 57 49 84 72 35 1 94 1 61
50 45 47 25 42 84 3 14 94 2 57 28 14 23 81 96 82 78 31 10 21 50 9 18 54 57 5 53 48 17 28 6 17 42 88 22 62 41 60 91 94 75 84 6 19 20 83 21 41 9 75 100 56 55 67 3 92 23 76 34 52 36 0 32 91 89 73 47 42 85 22 48 29 11 65 44 85 79 2 7 17 60 85 62 36 64 96 58 24 46 70 75 95 49 27 94 45 43 6 44 62 97 10 49 29 73 57 60 51 52 84 44 21 71 48 98 61 100 86 76 97 37 64 42 56 33 28 72
44 9 19 17 70 85 95 52 100 35 90 69 47 65 29 61 61 100 31 76 53 5 91 98 17 45 19 99 33 30 31 65 73 9 13 69 24 29 73 28 93 50 64 66 87 95 73 17 34 20 98 86 66 71 83 45 85 72 32 33 44 72 41 78 32 72 26 14 32 88 89 18 68 7 28 7 89 2 31 34 26 100 75 49 54 78 16 31 72 56 47 0 59 22 69 79 28 58 48 56 88 8 57 83 80 66 44 87 2 10 51 71 79 26 96 14 44 17 24 42 20 66 25 57 18 17 29 36
91 24 97 67 47 47 38 52 83 82 63 80 21 2 3 5 66 75 22 23 18 58 86 88 53 1 69 4 7 84 64 6 25 89 4 94 83 84 78 6 48 71 90 73 15 60 12 39 67 33 42 51 8 87 90 68 42 50 72 74 91 61 64 5 51 73 71 7 87 44 40 55 44 50 21 63 30 58 91 93 90 93 83 26 38 63 37 68 89 94 63 7 69 37 90 74 87 9 55 43 97 95 30 8 37 23 12 52 18 77 17 0 87 0 36 88 68 85 44 67 51 55 71 82 87 15 24 48
75 100 66 78 10 64 15 57 60 29 15 71 9 54 47 93 49 47 58 82 29 33 78 82 68 96 12 69 76 100 14 29 64 25 31 8 80 43 68 5 98 99 4 57 96 57 33 74 33 40 17 42 89 91 31 55 50 34 76 65 3 6 93 95 89 82 30 28 97 54 32 45 69 31 50 9 100 40 49 35 67 22 22 68 1 13 29 7 67 8 25 24 33 0 39 100 46 42 30 34 25 51 98 18 29 60 49 93 29 47 56 8 52 72 59 87 69 0 35 42 46 8 66 68 22 19 69 99
37 62 63 75 61 57 79 19 42 60 87 79 37 96 67 7 5 46 3 80 45 58 28 75 93 18 60 88 87 26 22 43 62 81 74 55 100 45 74 86 28 83 4 80 73 45 97 66 81 75 55 29 81 58 51 80 84 11 10 66 20 44 12 47 97 13 60 50 1 14 70 66 89 33 27 8 6 83 66 97 15 1 74 100 87 57 86 39 95 1 29 51 3 93 41 20 6 93 36 45 100 71 80 70 4 5 95 43 43 17 27 57 20 65 98 26 100 14 66 97 26 23 28 19 2 70 42 67
84 66 77 45 34 46 5 31 45 64 94 10 78 96 89 21 15 2 79 15 30 95 67 19 95 12 74 99 57 69 29 62 22 86 86 83 34 56 97 89 85 9 10 36 72 35 11 6 54 60 15 49 22 12 81 32 32 25 96 29 27 77 60 17 14 51 55 35 89 16 25 77 94 100 69 28 5 97 11 61 31 52 85 38 89 91 7 56 7 44 88 29 95 1 52 28 83 3 29 52 67 43 40 73 75 84 17 80 50 16 35 45 62 71 31 76 87 59 2 89 26 16 96 71 22 88 69 79
33 12 45 45 94 48 53 75 37 55 25 12 84 48 75 76 89 34 88 68 15 39 6 91 91 73 38 85 35 57 100 24 53 88 3 89 43 38 48 49 84 21 37 69 28 15 54 23 35 90 88 77 40 95 25 10 29 57 74 72 25 5 76 32 86 0 45 29 53 15 28 9 67 27 40 14 27 98 87 80 32 91 10 66 49 74 59 15 22 93 73 52 86 23 42 73 54 44 100 30 54 54 67 82 30 99 45 94 47 6 74 78 38 93 87 92 68 16 62 26 5 66 66 58 20 11 33 61
63 31 34 44 88 6 42 86 84 21 17 48 80 32 43 45 42 93 62 67 62 51 0 34 93 44 28 84 26 42 7 18 46 62 10 53 46 82 83 32 90 27 29 68 15 93 86 73 30 13 96 99 49 95 48 76 9 10 79 50 57 94 55 17 97 68 37 81 24 95 83 91 23 10 51 0 73 41 76 62 99 40 83 38 89 68 53 60 95 2 49 73 10 92 87 48 72 22 36 30 99 15 63 88 48 13 72 63 98 10 89 46 21 64 75 36 41 16 28 97 91 27 96 61 6 91 72 1
16 95 2 59 51 91 82 74 90 8 57 40 23 87 24 90 80 11 58 72 89 57 25 62 45 22 82 62 60 32 92 8 92 35 11 88 87 37 41 10 95 22 63 50 72 18 78 31 40 52 98 25 12 16 98 9 47 25 76 2 66 36 2 52 26 12 84 40 62 28 19 68 27 21 28 80 40 21 67 34 51 82 44 26 30 62 71 45 86 44 79 72 21 44 15 50 40 68 66 49 40 31 99 8 36 65 60 27 30 83 54 90 71 61 29 9 39 36 79 85 88 87 7 9 92 56 89 38
50 33 37 34 26 32 49 48 11 98 14 36 68 2 45 50 38 91 30 40 99 45 71 10 14 83 70 89 10 21 38 55 85 29 99 38 59 13 8 1 31 70 51 67 28 89 25 49 8 11 60 92 99 42 16 74 67 60 95 54 26 57 53 97 21 58 17 69 85 52 52 68 32 65 21 10 51 32 6 98 1 4 86 54 99 8 47 58 47 87 90 7 83 23 1 1 93 48 90 74 53 31 63 78 18 54 6 30 29 5 33 20 9 22 6 59 80 31 65 65 96 72 24 23 46 14 11 82
12 53 27 45 98 18 81 39 70 26 48 94 90 56 14 0 95 76 67 72 43 65 23 61 93 85 30 8 30 55 69 42 41 77 92 25 72 11 100 11 77 14 48 71 5 12 38 46 33 30 92 35 85 67 2 65 94 74 0 22 5 74 89 46 9 13 24 84 30 23 63 49 97 54 33 31 51 43 80 17 55 85 17 74 10 25 58 80 98 81 81 82 68 72 46 45 4 17 20 87 35 4 50 2 35 16 21 25 0 53 97 77 4 27 25 56 33 70 1 98 49 71 3 24 65 52 43 9
88 18 29 39 49 96 60 25 29 33 42 80 81 9 12 44 81 11 92 51 81 28 55 65 9 28 37 84 44 68 61 65 41 6 70 86 7 89 45 72 75 99 15 0 42 40 26 98 43 66 44 70 10 100 61 6 92 12 33 96 90 63 29 24 8 84 44 25 19 25 54 31 57 100 30 91 65 18 6 45 65 69 38 74 40 51 9 8 100 38 55 84 84 35 67 28 71 30 84 7 43 28 14 22 64 46 19 16 95 95 72 86 76 82 1 100 17 29 88 43 30 79 82 35 59 29 13 89
75 65 75 45 25 31 29 55 39 75 10 80 84 78 41 99 61 53 4 80 39 76 74 69 46 0 75 34 9 8 1 56 5 55 14 82 16 59 45 19 74 13 60 77 87 67 85 26 45 43 57 91 8 19 87 40 81 51 70 73 81 27 14 3 8 56 39 36 80 63 69 16 45 85 5 29 97 62 17 80 33 58 37 19 10 90 18 78 40 82 94 99 69 94 48 33 49 60 20 65 80 34 58 32 27 43 68 98 74 24 35 15 76 30 18 92 22 65 23 60 48 48 67 97 87 83 2 31
29 49 35 12 96 15 53 5 79 9 96 6 45 24 78 58 8 48 43 96 78 5 81 73 81 57 71 43 77 42 39 43 41 19 71 5 46 23 55 63 4 45 72 54 26 60 81 95 32 100 16 18 68 88 57 48 77 82 36 34 92 62 59 0 78 45 0 32 11 94 45 77 61 88 88 85 53 4 17 24 34 21 66 93 92 35 5 24 5 28 21 78 53 92 65 62 41 14 93 41 29 9 12 73 70 94 81 29 1 93 93 70 34 42 61 14 8 73 63 61 14 40 82 98 12 89 59 19
45 33 63 86 82 27 65 38 39 46 43 75 14 94 29 12 19 93 98 68 84 71 85 51 30 39 34 100 19 52 35 4 89 3 60 19 5 72 6 64 63 59 25 50 84 96 8 61 100 37 100 36 27 3 78 9 41 94 72 50 4 17 75 28 13 46 85 79 48 64 66 88 55 92 38 30 9 48 64 6 48 79 6 99 25 5 43 66 29 39 81 51 87 38 65 66 2 83 20 41 45 29 62 54 39 21 93 11 8 41 4 76 4 23 91 29 32 54 5 33 56 65 0 94 68 98 51 63
32 30 27 8 84 64 54 24 100 91 2 2 40 79 86 9 57 3 0 16 28 56 94 42 96 88 22 41 97 33 54 25 29 2 8 67 54 79 92 71 16 15 50 97 12 54 5 70 84 3 76 98 36 40 43 28 87 52 33 23 1 33 87 91 14 47 46 96 82 40 49 40 36 5 95 53 0 87 90 5 45 20 6 75 55 42 77 4 34 66 64 62 67 74 92 32 87 16 81 38 85 19 29 13 62 67 97 57 16 67 35 42 71 1 42 27 9 55 76 68 94 9 14 36 86 63 23 58
93 56 78 5 78 7 21 70 3 97 96 94 60 88 38 9 62 74 9 73 35 61 30 47 76 95 81 89 45 28 48 92 66 15 18 75 0 38 19 33 52 17 68 74 88 21 43 10 46 10 74 39 15 76 84 19 96 57 32 96 26 3 52 40 64 77 44 0 94 71 33 39 19 74 100 89 17 79 24 9 31 79 53 65 23 42 46 42 47 67 54 12 35 68 1 40 92 52 13 77 32 90 97 74 88 7 76 63 37 18 75 53 31 6 65 97 8 55 82 11 88 78 5 24 86 79 46 8
99 79 57 80 74 59 97 34 4 81 56 6 68 6 99 73 63 55 66 1 36 77 90 76 9 48 79 93 7 25 10 79 3 31 12 32 29 27 65 69 56 92 95 18 3 22 44 72 16 79 56 11 22 29 87 35 91 13 37 54 9 78 19 62 3 28 78 12 15 58 28 94 68 65 77 2 3 47 44 37 55 58 6 92 59 24 4 39 6 24 90 37 70 85 54 26 35 17 58 47 98 68 23 100 36 68 46 60 30 67 24 84 39 55 25 98 13 40 0 96 81 41 47 69 42 73 39 83
8 98 31 60 15 1 60 28 80 74 31 27 71 31 21 60 91 35 6 94 1 84 87 12 55 53 12 4 29 91 60 8 52 7 90 96 98 7 26 11 84 42 9 33 34 47 2 1 31 55 16 61 40 21 22 24 87 21 44 37 34 57 41 8 15 63 54 96 23 17 5 36 75 82 100 56 13 38 95 98 91 5 37 97 81 93 37 8 44 94 6 71 81 18 93 31 37 54 91 32 6 99 99 19 43 40 19 41 34 2 51 1 48 96 75 5 50 67 26 89 8 24 76 5 45 10 55 75
4 94 60 41 70 69 94 67 73 66 85 48 52 36 90 43 56 60 96 87 35 12 49 37 37 75 72 83 19 34 64 42 82 55 9 62 95 54 75 7 16 94 26 92 31 92 36 97 23 28 56 69 78 75 20 18 96 91 47 12 96 93 100 78 97 1 30 1 67 48 82 52 70 14 55 88 7 95 41 81 78 31 61 83 87 39 15 35 95 47 36 99 8 17 38 30 27 30 58 71 0 73 31 86 100 98 12 11 93 31 72 83 25 62 19 49 84 93 32 59 48 15 26 1 25 56 99 25
43 46 35 21 24 40 3 59 39 56 67 69 32 73 66 42 59 42 27 93 3 12 64 82 87 60 14 2 10 5 24 68 62 55 49 76 69 24 10 6 97 44 31 14 81 51 7 27 24 13 47 55 63 49 29 57 10 87 73 82 61 21 55 84 74 3 8 35 63 29 4 67 36 19 56 15 50 49 59 80 38 92 44 56 83 72 83 38 4 65 80 90 77 95 35 57 22 57 48 40 97 62 0 100 70 40 12 93 50 79 74 71 63 52 25 85 9 44 16 93 94 55 67 61 19 76 16 13
99 15 82 77 15 9 36 2 56 73 51 77 67 64 15 71 34 17 100 86 95 17 3 21 89 47 1 97 22 1 95 59 5 34 85 73 25 21 46 14 9 14 83 74 66 52 11 94 45 31 75 24 2 2 70 15 81 84 50 55 99 29 1 34 11 82 45 5 57 52 8 3 50 72 5 77 0 60 82 81 83 2 40 63 80 17 9 56 18 77 40 6 32 84 10 23 79 35 61 95 10 17 76 99 64 87 84 62 12 51 38 37 87 80 87 7 86 79 91 23 67 44 39 68 27 33 15 79
73 23 64 5 91 86 68 2 2 49 69 17 36 43 23 5 64 88 45 62 81 46 6 32 95 20 31 60 55 87 35 67 84 57 16 51 54 95 29 22 28 27 48 72 97 22 59 17 90 90 1 1 10 27 85 22 88 77 16 56 41 51 21 33 94 54 87 60 21 87 68 7 97 10 32 44 10 75 59 57 59 22 24 31 19 16 10 42 13 13 30 80 94 42 55 49 94 10 12 69 61 36 70 47 54 78 100 27 9 35 18 0 38 20 96 83 59 23 35 52 100 100 59 23 11 92 13 13
74 68 17 99 67 16 26 35 38 42 15 35 11 49 14 30 56 38 74 60 13 97 35 50 64 87 45 60 16 68 66 7 67 68 16 13 22 3 60 94 92 91 44 8 40 85 64 98 96 36 9 40 37 48 95 56 63 98 16 68 44 33 1 60 99 89 2 59 78 16 13 5 44 24 65 87 17 98 72 24 95 70 29 47 37 94 99 18 51 56 3 13 25 84 48 80 89 13 2 59 88 93 26 97 49 0 85 68 22 66 4 21 49 97 14 31 90 32 48 3 39 1 19 91 54 76 64 89
28 43 22 81 29 32 34 65 12 84 86 47 46 57 7 37 54 55 37 90 86 17 59 24 45 64 97 75 53 57 88 90 73 40 20 4 36 19 80 23 15 83 1 62 73 61 32 35 51 5 32 35 66 87 83 33 24 100 43 0 83 40 21 5 80 57 60 19 62 31 90 59 93 98 30 20 40 86 90 99 10 36 20 27 56 52 72 1 88 52 29 96 54 8 73 16 56 15 16 89 56 1 37 8 6 69 79 44 12 25 98 23 20 24 42 62 89 60 69 25 64 37 96 99 56 42 3 7
27 16 74 19 89 71 9 40 43 93 75 52 38 48 36 13 14 6 69 50 58 35 77 9 54 24 19 0 10 69 32 69 78 97 76 57 71 54 21 94 36 63 4 90 88 66 78 24 100 68 91 55 71 26 83 65 29 5 70 70 81 77 7 83 41 45 90 51 19 32 4 25 15 61 61 45 73 85 91 50 28 1 24 26 15 8 68 93 83 64 25 1 74 71 41 69 99 76 33 23 41 55 66 10 12 36 12 0 14 38 37 86 36 31 17 82 34 21 98 66 26 92 11 52 95 5 77 97
69 48 15 30 13 77 41 49 62 90 18 1 26 40 99 30 89 91 85 94 89 22 34 27 16 81 66 97 60 22 84 73 26 86 100 60 32 62 33 67 92 25 62 42 13 44 79 77 59 43 71 88 12 48 31 47 48 21 90 71 70 94 50 99 86 41 56 35 97 27 16 78 39 43 95 85 80 24 40 0 55 54 38 75 65 60 47 69 81 15 30 72 0 45 40 46 13 23 23 5 68 20 32 53 93 48 37 40 0 8 21 99 6 36 59 3 45 61 46 7 67 91 13 1 52 11 19 99
1 73 42 17 22 4 12 9 27 84 93 44 18 19 14 37 97 87 55 9 61 63 45 15 80 66 78 85 94 3 65 94 75 70 94 71 49 3 60 6 64 12 6 97 11 99 98 77 25 53 83 81 35 25 52 88 8 89 18 49 84 19 94 29 56 11 96 95 39 29 56 68 21 10 47 97 93 88 23 40 54 100 31 58 95 43 14 4 87 78 37 82 1 56 59 19 64 37 22 100 26 36 31 2 88 55 68 2 72 15 21 89 44 34 31 18 30 16 58 56 90 17 4 23 83 61 11 63
7 47 75 49 77 45 90 59 100 53 85 64 15 71 75 49 75 34 38 21 43 52 46 92 60 52 20 97 20 67 93 8 41 1 69 20 68 80 68 4 25 30 66 38 39 25 31 41 23 36 36 13 92 59 16 60 9 30 64 76 90 24 52 58 49 90 54 37 21 95 79 11 62 29 12 42 35 6 18 90 62 50 13 88 26 77 5 100 12 51 34 19 60 78 2 71 64 32 66 28 46 46 19 65 70 64 83 68 91 79 73 11 80 76 49 4 93 84 98 60 6 64 44 54 65 84 66 0
43 64 91 66 50 30 71 81 53 58 30 88 46 14 30 40 88 86 55 38 18 94 43 43 84 95 85 12 95 66 94 4 44 11 27 53 53 28 61 68 47 97 68 94 78 46 65 42 17 27 79 6 6 43 52 29 30 33 26 56 47 85 33 24 25 52 85 94 66 80 15 80 81 34 1 32 52 64 94 57 64 0 4 76 45 49 41 66 54 45 69 25 99 69 83 91 18 41 93 18 79 32 2 75 48 17 91 31 3 95 26 34 3 19 83 69 88 20 66 40 17 9 62 69 70 64 48 76
19 5 65 17 12 97 9 26 90 59 84 25 56 37 77 64 37 86 19 84 14 31 42 48 35 19 61 100 43 54 25 39 52 86 88 0 74 93 70 81 82 60 76 78 92 72 62 96 16 44 94 27 39 62 39 77 79 66 74 70 70 18 22 82 56 6 25 61 84 80 96 26 64 90 80 63 5 89 22 59 73 49 6 73 61 94 78 54 3 95 91 65 12 0 1 32 68 60 13 69 4 82 91 85 52 13 9 8 75 98 69 38 9 77 58 82 16 38 58 9 56 74 47 19 21 43 59 31
77 24 2 74 66 80 31 40 15 98 52 45 70 55 77 82 40 53 13 15 94 17 56 34 68 34 74 57 24 48 64 25 26 86 61 93 71 16 36 57 70 44 24 63 90 35 11 22 63 66 8 97 42 90 59 89 31 27 40 44 56 50 36 93 31 1 61 7 26 27 32 43 6 64 30 91 1 26 68 12 40 43 6 13 64 49 97 44 26 44 48 69 25 59 40 69 39 34 15 30 82 48 47 61 74 17 91 16 43 95 7 67 43 32 93 26 23 73 47 33 30 96 61 43 21 87 94 78
67 23 79 30 37 22 56 49 19 83 34 80 25 13 45 83 43 69 19 20 20 78 71 36 81 15 84 18 61 61 25 27 100 96 21 25 84 48 31 1 91 67 54 90 57 25 87 38 35 83 93 34 56 90 47 80 49 93 30 60 80 7 7 47 9 15 29 48 51 87 5 49 60 13 100 11 87 66 7 94 1 30 78 54 96 93 55 65 41 96 98 10 90 78 42 86 82 39 33 75 20 20 42 1 45 43 68 71 20 64 27 18 46 21 70 33 88 50 71 50 38 16 5 35 82 76 89 51
98 5 42 81 72 99 86 54 83 66 56 0 93 89 32 78 66 84 26 0 17 75 87 55 63 52 90 28 66 68 47 15 18 34 71 6 11 34 50 64 33 56 20 38 47 50 29 74 96 13 66 25 40 14 15 19 52 67 26 62 54 55 42 24 56 100 63 87 83 25 57 84 40 68 28 59 40 11 48 28 21 70 49 13 36 40 72 60 97 91 68 75 77 0 3 35 85 62 16 71 65 54 9 98 84 77 50 0 83 20 5 40 98 83 70 55 56 47 85 33 78 99 56 92 16 85 13 71
75 92 10 61 30 15 50 22 93 64 5 27 41 19 15 19 79 4 33 35 28 77 15 45 40 100 35 83 36 7 44 24 93 12 15 62 73 56 52 66 13 97 56 4 77 72 35 4 70 20 64 100 67 3 1 23 34 96 15 66 26 61 1 47 28 28 49 16 6 43 33 62 42 7 54 52 70 41 84 47 68 89 78 80 68 43 84 67 81 24 34 4 42 82 23 64 21 85 65 28 34 72 64 57 74 82 63 20 36 46 36 81 29 38 43 42 65 31 15 10 90 3 68 13 38 33 87 96
47 0 86 22 14 14 3 39 21 37 38 98 69 33 51 98 12 12 46 100 48 87 90 39 55 24 45 37 50 76 97 7 1 4 61 8 37 93 95 55 86 45 47 38 53 70 74 3 22 24 45 39 48 81 26 3 38 52 3 29 4 28 25 41 81 87 39 4 98 1 79 31 83 84 85 68 78 79 44 77 66 56 85 19 72 23 30 87 39 98 52 35 17 19 92 0 24 68 69 29 38 27 54 93 72 20 87 2 74 93 47 85 35 44 81 15 41 18 81 55 4 8 78 51 84 31 98 81
54 65 48 36 96 32 37 39 1 37 81 9 92 22 91 25 40 5 59 27 17 9 25 40 70 23 58 79 93 97 68 32 10 75 23 26 52 21 39 100 13 16 67 53 71 76 43 99 71 52 23 81 63 90 43 3 70 15 78 27 21 27 49 24 47 77 86 21 85 32 21 0 47 98 64 12 11 90 18 32 64 71 22 84 53 2 40 100 45 99 96 7 6 19 41 12 0 29 11 15 84 36 82 47 91 37 20 86 5 45 51 81 15 71 47 7 25 11 42 15 22 24 75 7 46 67 58 3
2 49 61 36 47 37 34 92 72 27 64 31 10 68 73 0 21 54 43 30 81 85 2 45 90 36 31 1 17 84 58 67 11 19 94 36 36 48 85 41 24 27 45 67 7 35 23 100 95 89 72 63 89 91 94 46 40 21 45 27 28 26 92 65 19 77 8 91 37 24 56 57 64 52 79 66 37 78 38 75 57 79 14 83 38 72 83 90 15 83 91 3 13 62 35 100 6 30 69 14 25 45 58 85 6 36 92 82 57 87 7 74 57 55 86 3 37 62 26 98 88 75 36 16 66 49 25 21
11 62 10 26 31 62 58 59 89 95 97 4 36 7 4 92 75 79 99 93 19 19 53 0 99 64 79 13 77 9 22 74 70 49 9 40 41 43 40 90 15 83 71 37 48 77 94 21 49 92 99 94 93 60 94 95 79 45 36 97 21 60 10 37 19 81 0 92 3 98 34 60 55 64 93 18 27 25 34 63 89 79 56 24 34 52 23 73 22 23 23 91 71 69 53 51 28 89 82 58 37 63 18 83 3 69 20 52 21 67 64 0 78 78 89 14 67 72 76 94 67 15 62 11 26 96 84 93
87 5 72 55 34 96 2 22 73 0 66 54 50 2 84 67 65 66 8 24 76 85 15 63 7 82 41 8 16 67 60 64 37 42 92 59 14 35 92 43 98 92 30 79 81 46 87 4 7 73 73 97 62 57 50 9 80 50 74 74 71 61 84 48 53 87 97 67 66 0 16 1 41 83 50 14 56 14 86 52 67 17 17 23 60 99 44 84 69 27 4 95 0 66 44 100 59 95 59 85 64 92 13 53 93 45 94 11 67 31 17 56 69 51 100 84 6 56 36 74 64 79 82 73 86 78 3 34
75 60 48 87 59 93 82 70 18 94 40 29 2 71 86 48 75 56 56 90 15 82 17 19 65 24 53 44 34 6 34 90 26 56 47 7 61 83 77 83 44 46 44 58 95 29 10 11 41 46 70 81 33 55 18 42 7 1 10 11 85 58 99 59 45 45 42 98 69 39 90 23 25 4 46 58 30 37 77 46 44 29 82 77 36 27 95 1 3 85 9 6 76 15 46 82 75 60 82 47 26 25 61 99 45 18 98 35 51 20 66 81 77 30 83 97 42 78 44 5 96 93 23 95 99 5 20 49
63 99 38 12 84 31 12 23 3 62 74 76 72 83 16 100 16 16 19 60 90 46 34 12 71 31 46 13 43 64 56 3 91 12 71 37 70 0 78 59 99 38 1 81 73 63 98 79 32 79 38 49 84 38 55 51 84 53 32 84 32 40 74 10 95 71 99 9 17 81 90 48 100 89 63 89 82 17 47 21 90 55 15 1 86 54 10 6 95 16 12 21 49 19 74 60 19 2 37 54 38 51 98 7 12 66 92 3 63 37 25 55 78 32 62 52 47 11 78 83 2 64 46 31 15 6 63 14
99 2 74 88 28 81 72 59 73 15 45 9 59 27 97 94 46 31 76 7 65 37 71 99 18 33 21 85 33 95 38 11 3 43 86 6 42 30 42 53 55 44 30 52 53 27 95 76 79 7 33 40 94 39 67 68 55 24 26 24 43 25 74 12 8 64 46 82 1 49 21 65 27 38 39 53 97 87 13 19 7 25 35 42 23 19 71 71 46 22 59 84 14 46 36 49 74 58 90 9 46 13 32 76 69 74 41 6 37 13 53 22 24 82 88 5 86 79 12 11 97 54 83 0 44 49 100 72
66 41 26 40 11 2 12 0 9 65 21 26 84 47 52 56 42 14 41 61 48 11 17 73 72 30 52 78 0 73 83 98 68 43 40 25 53 35 63 30 4 3 69 98 88 77 15 97 49 85 59 69 43 66 69 16 15 85 85 37 68 93 35 36 91 20 51 52 59 22 76 87 51 52 73 78 42 40 57 72 42 40 79 80 88 27 49 83 71 0 66 56 66 100 25 37 6 66 50 55 46 47 33 64 20 17 57 51 29 37 98 41 23 97 73 6 61 77 40 5 36 3 70 59 8 44 94 51
96 93 34 11 15 12 86 77 52 5 33 73 11 36 98 35 46 24 69 64 47 19 0 23 82 45 18 36 6 92 35 86 62 82 85 60 83 3 39 68 5 4 66 91 44 44 26 18 86 28 100 99 7 3 100 3 43 37 42 36 38 10 80 2 9 18 73 27 39 40 87 11 75 70 95 85 97 8 71 54 95 54 9 39 69 8 32 3 41 92 94 64 97 19 68 43 85 15 48 75 56 74 50 19 20 7 96 34 64 25 89 17 82 33 67 42 23 77 88 5 72 8 91 79 12 12 24 96
43 88 50 32 45 50 61 10 38 3 42 57 81 71 55 16 43 15 92 98 73 3 6 56 58 0 43 67 39 58 1 24 52 55 1 75 73 76 90 76 39 99 20 38 26 1 64 54 18 4 93 50 79 14 46 10 13 0 78 51 60 8 6 76 87 64 97 86 95 24 13 77 70 58 97 53 78 56 88 44 30 91 53 28 31 15 5 58 27 98 13 33 93 6 12 12 50 62 65 5 100 71 62 3 11 14 65 19 42 50 19 90 15 39 20 10 20 30 3 40 58 70 73 82 66 47 74 87
34 28 3 59 56 7 78 8 13 37 42 54 67 8 44 17 41 83 85 40 23 97 62 20 19 40 31 50 77 30 1 47 35 1 47 71 91 15 44 56 81 15 50 13 74 30 94 14 79 12 63 7 3 34 24 86 81 22 52 0 81 71 43 50 65 9 37 57 75 19 28 83 93 90 10 69 100 77 28 47 94 24 97 78 18 30 47 26 14 98 48 67 89 31 82 100 66 10 71 75 45 36 34 82 70 40 25 43 92 4 4 20 98 32 58 27 99 92 46 14 100 79 59 22 83 15 9 100
11 38 72 18 51 30 31 55 10 52 67 46 43 22 33 13 48 16 76 54 87 90 27 100 70 74 39 80 83 45 91 65 84 46 50 62 23 70 25 58 45 44 61 32 90 48 57 30 74 62 62 27 71 4 5 65 51 31 12 3 10 3 97 78 95 67 13 91 60 90 39 53 91 95 40 97 74 64 20 20 83 28 31 18 70 52 36 32 78 28 70 16 40 59 61 31 59 65 97 77 23 53 3 46 86 6 28 87 2 43 28 88 33 52 16 31 31 56 0 1 94 96 15 84 37 22 43 59
77 40 87 79 76 84 62 33 62 42 91 96 6 0 93 23 83 47 42 47 0 64 77 32 42 58 8 68 64 55 46 52 25 90 18 84 75 7 6 5 67 52 48 28 67 13 28 40 35 24 68 78 75 40 30 97 99 50 22 50 55 69 76 57 7 59 44 33 49 50 6 54 51 41 29 17 68 5 22 96 31 60 16 19 25 7 13 3 25 100 7 91 5 17 14 29 35 42 3 44 100 54 33 72 41 4 50 20 87 69 69 8 5 42 9 63 76 25 1 100 7 1 94 98 32 11 10 67
68 75 100 92 76 50 4 51 45 30 31 90 8 39 80 38 19 27 52 93 79 54 57 73 9 20 37 22 69 56 86 6 19 87 6 60 91 78 94 50 77 98 37 58 49 53 35 87 94 49 22 45 44 63 29 34 40 44 74 43 10 49 10 91 27 32 89 71 60 100 97 23 42 18 36 74 31 19 73 1 50 74 52 63 82 76 35 93 17 11 13 31 54 98 42 66 21 86 16 92 57 92 64 77 86 40 31 41 3 6 13 30 21 61 34 33 73 3 53 20 29 11 72 5 54 95 65 92
74 83 87 32 63 61 46 97 93 84 17 9 14 84 61 41 34 16 64 58 73 16 35 47 32 97 50 85 81 57 53 7 3 27 88 87 87 83 83 32 14 47 51 78 95 64 8 70 92 13 72 43 72 27 83 91 16 43 85 37 21 80 37 42 19 9 51 95 54 54 3 91 63 21 32 73 95 49 80 25 7 72 14 50 19 89 21 2 68 3 69 81 82 83 30 91 75 22 29 88 36 65 32 46 51 53 11 13 59 1 50 53 22 73 41 2 38 0 9 87 3 92 59 79 71 54 58 58
45 88 55 8 6 98 7 63 1 65 67 40 34 88 99 69 48 97 100 23 68 94 23 41 68 24 70 36 45 9 6 3 72 22 19 67 46 37 9 1 38 24 46 13 38 81 2 38 32 35 63 54 5 94 64 98 32 80 2 14 78 12 54 95 96 34 13 53 100 42 66 35 82 92 76 64 94 33 3 65 39 51 96 9 2 32 78 47 62 2 55 98 83 50 40 17 35 0 8 26 86 89 27 87 26 62 63 78 63 49 50 56 95 87 68 83 60 92 3 46 16 44 26 81 26 38 62 70
37 44 4 32 98 89 34 75 16 82 11 81 81 13 0 31 39 18 43 77 45 12 61 29 82 47 17 46 32 40 73 74 48 50 19 16 46 39 71 11 38 25 49 73 49 33 85 48 47 22 17 32 78 24 31 97 74 14 76 26 10 84 71 73 66 91 41 50 33 75 88 78 87 79 78 43 1 34 82 24 95 54 69 6 1 75 50 65 34 3 49 59 4 2 24 86 61 14 97 9 1 59 44 51 39 85 36 93 94 59 87 85 17 49 80 49 23 57 27 70 5 47 16 82 3 64 89 37
55 17 7 26 8 10 79 38 71 66 42 76 66 99 44 39 22 20 83 1 40 17 72 63 96 9 48 34 33 51 30 81 39 6 96 42 53 31 44 39 14 66 28 81 61 56 53 85 87 91 69 83 36 12 49 28 82 47 89 31 50 14 99 69 10 50 86 90 54 77 93 73 60 9 42 93 52 74 77 35 46 51 59 47 59 4 10 24 9 21 37 33 78 0 17 15 46 50 13 77 9 85 30 98 98 49 50 72 57 62 96 11 71 48 70 79 43 6 86 7 70 83 74 31 48 78 45 32
33 4 71 37 20 84 23 41 67 56 43 67 29 56 94 25 92 7 76 70 8 38 80 60 61 93 24 88 53 86 30 31 5 87 89 82 15 3 75 13 88 67 27 59 34 80 22 54 24 12 29 31 68 53 70 89 100 65 32 2 58 73 2 31 62 52 86 16 50 49 78 27 92 48 32 63 72 28 0 14 37 89 82 85 14 23 76 100 19 40 8 26 80 26 86 62 98 33 25 87 6 84 82 47 2 47 8 93 17 99 86 60 47 76 97 92 88 86 52 9 48 43 20 29 2 61 83 12
81 79 8 34 87 41 34 37 17 49 26 60 0 37 52 71 31 37 20 63 49 18 99 96 38 9 51 64 3 92 51 32 9 68 36 42 27 55 60 34 42 34 70 61 18 66 44 40 34 30 62 35 63 74 92 90 49 96 75 3 88 40 86 58 82 60 73 54 64 6 97 97 22 38 9 1 9 65 97 87 56 70 46 99 1 49 60 40 76 93 67 15 92 86 16 82 78 11 86 22 75 20 56 38 26 46 92 38 21 25 97 22 32 96 52 23 77 69 52 87 31 83 54 72 61 89 20 78
23 74 46 56 28 94 75 3 27 49 1 100 58 30 17 94 29 99 62 100 2 48 50 95 12 8 10 98 69 57 85 48 26 91 47 74 24 64 39 68 75 8 65 17 9 40 61 31 74 72 82 20 78 99 40 12 44 85 30 96 44 78 10 50 5 99 42 50 16 37 49 39 24 53 4 35 55 71 30 77 52 41 88 98 41 46 97 54 19 76 58 29 99 4 0 45 19 72 33 30 57 69 93 18 59 71 66 71 31 11 20 94 15 6 68 1 41 96 18 66 8 35 87 19 37 67 95 29
83 67 21 84 58 27 0 35 38 79 18 79 26 63 69 41 23 28 87 22 77 99 51 22 98 0 1 11 32 71 88 57 55 9 68 14 76 82 43 0 36 49 6 39 48 56 24 39 58 36 95 91 60 13 94 35 100 47 93 10 78 61 19 39 53 83 17 44 72 41 66 72 76 13 47 9 81 21 5 2 10 69 9 29 37 60 92 33 27 3 83 84 12 63 91 35 100 91 32 98 75 10 69 35 49 93 88 72 82 38 83 88 66 10 15 50 86 68 44 82 76 26 82 76 54 96 50 60
22 93 56 46 47 69 41 98 3 34 94 47 36 32 50 45 75 98 4 25 80 55 32 38 55 98 6 86 2 62 69 78 30 6 22 92 46 70 50 99 11 80 76 63 80 29 16 95 6 74 31 35 76 35 31 89 78 49 11 90 17 41 53 76 77 55 60 48 29 58 95 68 9 67 78 25 60 76 20 94 63 94 82 50 6 79 74 80 96 53 90 25 4 60 16 70 89 44 7 21 60 34 86 29 53 69 34 14 79 94 35 63 81 8 10 0 15 13 68 66 47 93 23 24 76 36 55 9
26 92 91 95 48 20 18 54 2 63 21 44 18 71 93 49 49 87 73 41 7 11 60 58 34 68 28 34 42 91 42 22 69 75 44 0 58 96 36 63 96 39 15 19 85 67 2 68 53 1 86 69 42 6 54 13 69 25 56 96 26 79 72 89 34 7 0 81 20 66 22 4 88 6 46 52 30 13 20 85 38 79 46 4 33 37 50 94 47 13 89 40 30 46 74 90 60 97 47 55 84 69 19 54 43 64 46 7 57 15 36 83 61 71 85 27 97 59 94 40 72 94 18 73 66 7 90 25
41 61 55 78 28 89 38 24 84 80 7 50 0 77 0 61 27 73 43 2 45 40 20 41 86 85 62 79 34 55 49 92 78 3 51 11 21 33 32 90 6 65 98 46 3 3 51 26 26 51 50 39 87 30 76 49 28 58 88 14 0 44 40 5 73 31 43 81 70 51 26 60 16 50 80 96 25 96 12 7 31 18 86 98 41 78 24 100 45 1 10 20 94 88 77 52 64 12 38 77 49 50 6 68 18 66 26 34 45 77 76 68 88 30 52 26 24 52 12 3 37 30 68 57 16 90 100 83
21 38 75 15 60 88 3 0 46 18 72 87 70 50 69 49 19 12 25 27 58 90 74 81 3 5 98 57 34 84 75 64 67 18 78 40 25 95 73 57 100 38 25 23 66 100 51 94 91 54 87 0 7 37 2 62 99 62 66 34 30 83 81 14 34 27 6 8 90 3 27 37 87 25 92 11 31 1 28 11 25 98 63 100 78 52 86 0 71 45 87 14 38 69 11 86 50 38 5 34 89 50 1 25 56 65 79 25 57 61 24 93 4 87 79 89 74 0 86 26 19 61 1 51 80 50 16 10
77 10 65 38 83 100 8 15 46 12 51 58 29 91 6 95 4 86 23 49 86 81 77 64 40 24 21 60 6 70 0 18 63 75 48 57 33 94 53 86 3 4 2 52 19 68 69 6 96 90 28 54 1 81 90 65 9 32 42 16 25 45 63 84 6 61 86 92 39 50 44 84 24 49 11 40 53 23 35 91 25 68 87 88 84 89 93 6 65 32 76 62 13 19 88 17 66 20 81 82 56 43 28 36 80 73 10 2 91 25 90 36 95 34 24 4 39 38 68 73 62 79 51 72 57 49 41 15
83 38 45 96 36 45 17 59 44 77 3 27 31 25 21 50 12 18 43 1 74 10 61 61 51 50 19 10 83 42 62 58 16 100 8 96 47 18 11 61 43 53 74 58 93 48 65 3 86 32 14 91 62 70 63 77 67 25 41 71 11 90 19 23 62 5 61 95 58 54 45 21 96 47 60 85 71 2 26 41 81 96 15 89 51 84 61 53 14 59 77 34 98 51 95 94 77 54 4 59 91 41 64 86 11 34 1 83 17 97 100 79 22 65 4 72 52 86 93 21 83 0 82 56 97 100 1 74
89 100 1 30 48 13 90 3 17 90 80 89 3 82 73 35 1 25 24 47 34 15 30 49 67 61 48 33 23 88 31 3 84 7 36 93 0 19 85 92 42 100 22 68 87 67 83 86 74 0 68 96 36 39 34 14 91 46 57 27 60 79 100 38 41 97 0 97 88 79 100 99 58 64 49 50 39 93 74 83 87 82 29 52 15 45 84 31 87 10 22 78 98 57 17 4 8 97 62 25 9 57 60 26 15 47 8 19 84 8 93 54 83 64 0 74 49 54 58 99 55 46 98 98 91 3 0 19
1 38 57 83 32 61 66 97 4 77 54 8 40 83 92 84 35 94 80 30 71 36 37 35 81 47 73 63 77 24 38 13 4 20 2 95 53 88 31 31 38 0 78 48 37 70 68 37 28 76 54 55 90 8 59 81 60 23 23 46 12 43 59 89 59 76 27 31 38 57 73 15 32 52 87 48 82 57 81 83 69 7 33 56 57 48 14 72 14 12 58 86 5 37 60 76 57 86 55 74 38 70 31 70 6 41 1 10 99 30 67 77 8 78 26 46 33 7 45 91 52 51 83 58 31 48 7 68
93 15 79 69 52 43 15 49 48 27 68 0 6 43 100 13 95 71 97 40 42 49 45 15 87 66 33 53 79 32 90 78 11 78 15 30 84 74 42 73 95 5 85 47 11 24 87 16 10 82 91 0 68 19 85 55 62 30 86 58 79 85 41 45 55 11 26 89 16 19 100 16 19 13 11 79 46 7 36 49 26 17 24 81 22 72 92 42 6 15 69 7 65 74 29 60 70 87 39 100 35 58 6 11 31 29 65 7 1 99 70 34 50 44 65 92 64 31 76 42 26 88 95 71 78 7 41 76
44 59 76 20 44 83 99 95 74 72 61 31 89 40 32 71 92 4 41 61 27 4 4 32 92 18 48 16 79 16 22 43 8 24 18 22 22 0 38 34 43 1 71 37 34 47 79 48 55 34 52 81 56 33 76 87 99 100 2 3 100 7 3 82 33 9 43 65 81 61 81 47 41 90 32 27 42 27 99 54 76 37 95 86 24 100 57 98 23 68 59 19 61 23 91 92 20 74 57 75 25 98 49 18 45 89 37 53 52 19 16 69 55 27 36 81 25 28 60 12 17 77 42 52 80 5 22 99
27 43 41 54 85 99 12 11 70 71 75 26 29 78 87 64 10 65 61 2 78 84 17 63 63 36 53 97 66 43 60 29 18 20 29 23 78 82 79 88 64 67 84 82 50 41 80 14 16 56 67 1 39 63 97 15 69 70 49 73 100 15 97 30 10 33 90 30 11 75 100 42 55 70 60 12 96 81 53 22 64 19 7 48 32 47 74 11 58 78 82 68 53 16 84 12 23 83 42 96 22 97 41 54 21 41 10 88 63 33 74 81 11 47 4 31 13 87 53 30 68 39 87 36 43 16 64 44
15 38 83 19 13 75 46 48 99 93 59 15 54 84 80 17 53 25 21 19 55 3 82 46 72 27 71 79 99 34 57 63 23 29 75 59 96 0 27 46 32 51 62 53 87 23 41 43 43 94 59 68 0 3 63 65 43 38 89 15 61 10 23 39 25 48 81 2 67 52 8 53 62 12 82 25 79 0 60 57 78 26 23 71 38 66 80 93 11 18 10 46 99 27 81 28 9 23 24 12 28 92 75 3 36 42 4 27 22 10 55 9 59 47 47 12 38 10 75 53 99 75 8 23 53 99 89 100
59 94 97 67 62 90 69 82 39 28 73 1 31 8 65 60 86 9 75 38 88 49 14 4 71 61 11 62 100 4 63 96 47 95 97 2 88 63 24 90 55 90 72 62 79 62 43 34 28 33 82 56 83 68 36 100 45 73 40 14 9 61 57 34 86 76 4 25 45 9 79 70 89 91 30 34 6 65 79 62 24 82 78 20 13 4 76 14 74 48 77 92 51 67 35 67 37 29 99 78 24 80 67 31 71 54 66 2 28 22 95 94 69 58 52 87 46 88 28 56 86 14 82 12 75 54 82 54
65 90 71 23 20 50 81 2 99 11 53 71 70 26 18 88 84 9 100 45 33 2 39 0 38 47 10 97 19 91 35 27 99 95 84 14 29 76 51 54 94 53 9 42 66 36 25 82 81 48 22 57 12 52 67 47 59 96 47 24 11 0 25 66 9 71 89 71 81 27 96 9 28 8 82 96 28 87 84 71 6 49 17 72 8 12 12 39 66 58 38 5 22 20 38 1 9 75 60 19 2 53 82 70 64 68 71 98 11 69 10 64 53 35 97 81 86 87 52 59 42 37 73 15 10 71 11 58
8 10 19 34 25 25 68 81 26 65 88 34 45 68 61 47 8 66 100 13 38 43 69 63 25 55 32 64 93 14 60 1 80 18 13 13 53 100 45 58 68 32 69 47 53 7 31 30 77 48 37 81 30 96 87 22 79 32 85 46 2 24 32 13 41 41 42 85 38 44 1 81 56 87 33 24 26 18 89 95 71 51 65 14 42 0 74 34 54 91 50 86 70 78 35 39 9 55 40 11 57 64 52 43 87 52 2 92 0 45 54 63 9 46 78 99 99 20 43 80 28 78 48 93 94 9 14 45
46 38 85 71 58 73 20 49 92 49 49 32 25 50 10 0 84 19 77 57 36 47 64 78 98 26 40 82 72 58 5 58 70 87 50 57 41 26 19 22 34 16 48 34 74 17 31 36 32 96 90 65 55 21 62 53 49 29 25 35 18 22 79 62 92 95 20 55 6 56 21 99 35 37 1 4 74 50 28 22 83 82 92 24 34 78 31 41 24 51 67 35 71 65 49 86 53 1 13 51 50 90 28 61 53 98 42 34 13 76 28 6 34 87 83 56 85 87 40 62 28 19 73 30 57 15 18 22
58 62 45 35 7 80 20 97 93 78 63 75 71 75 35 76 44 57 66 58 75 22 47 77 83 93 99 8 85 17 79 92 33 0 52 8 55 34 51 100 69 45 20 99 49 80 42 56 18 56 52 15 73 64 43 38 80 32 45 43 48 46 13 6 88 18 62 59 64 55 16 48 2 22 58 95 65 73 82 40 40 58 89 5 68 80 65 54 66 24 13 4 36 76 97 59 31 67 98 98 68 97 33 5 68 71 84 18 90 80 11 4 35 93 60 26 26 55 78 29 28 36 49 78 52 72 92 62
92 25 79 69 95 55 27 27 2 0 49 20 60 64 2 63 47 96 73 20 7 0 95 61 82 56 42 88 63 8 39 12 63 50 39 49 99 64 32 59 6 57 96 14 49 24 15 68 39 42 74 48 3 100 55 31 21 39 58 56 73 8 55 96 79 37 99 30 99 17 33 40 6 59 36 66 11 81 59 54 50 35 35 65 76 38 17 55 77 25 87 31 52 7 45 87 52 74 91 81 88 42 50 23 35 27 28 53 14 0 39 88 38 61 58 77 88 11 9 42 97 76 19 26 15 10 30 27
44 13 40 60 3 29 98 80 48 21 89 9 83 93 9 34 9 30 42 31 27 44 51 60 79 40 81 87 5 67 89 99 29 40 27 85 78 39 92 82 90 71 69 79 56 88 20 68 72 2 92 27 28 84 13 8 11 79 19 34 19 46 42 1 86 17 81 39 12 11 95 0 19 13 99 85 30 33 48 16 41 55 69 87 13 76 77 97 44 82 60 81 29 22 28 97 91 26 39 74 0 74 42 86 3 27 25 74 49 76 28 95 37 60 54 79 39 47 86 96 95 11 72 77 98 65 13 93
4 33 90 53 7 57 8 23 89 76 26 11 71 13 89 37 65 86 95 13 90 73 20 57 52 70 69 2 74 8 24 55 88 33 6 84 96 45 13 83 11 33 47 15 60 12 99 55 18 66 22 8 82 81 82 18 55 61 31 24 58 20 90 66 9 57 55 95 77 27 83 29 90 71 74 42 15 24 78 51 7 59 87 4 80 42 32 95 60 13 52 53 42 83 3 3 29 31 44 1 45 25 3 41 46 52 76 81 59 66 93 100 69 83 33 82 18 63 85 65 19 88 38 20 21 82 56 69
99 95 1 17 66 79 35 46 25 15 42 63 59 67 39 50 99 28 100 55 76 97 15 42 55 90 42 42 17 67 59 73 25 31 65 53 80 14 57 32 26 73 22 18 84 85 18 91 13 91 40 76 47 62 53 40 62 63 43 61 29 83 8 35 11 33 67 55 61 40 26 91 41 62 26 1 24 44 31 40 21 76 84 76 46 45 93 88 92 16 65 24 82 50 1 71 72 43 64 46 63 16 80 74 71 87 65 44 39 53 0 69 91 25 53 85 98 1 24 73 18 5 1 7 12 11 59 62
66 60 0 60 85 89 15 75 80 58 20 7 9 72 75 41 29 17 71 61 88 51 48 6 24 77 84 87 68 54 40 50 74 28 71 78 45 38 10 54 99 8 76 90 12 27 25 23 67 49 11 21 87 72 75 43 1 37 20 78 10 75 89 72 22 82 59 70 63 46 21 33 64 39 60 73 42 83 31 50 43 33 58 90 53 79 42 58 65 11 50 22 21 49 82 30 88 13 49 58 32 87 89 63 65 0 37 16 15 9 23 80 28 6 12 45 2 77 83 76 99 68 30 88 59 76 100 30
40 27 59 97 42 1 27 7 6 70 17 2 12 94 78 90 20 87 80 82 45 95 44 65 95 26 32 40 4 99 0 17 18 22 32 31 89 88 44 5 9 38 14 16 55 36 31 13 47 76 29 13 71 96 65 79 71 67 52 48 33 58 89 59 91 84 81 46 68 25 52 91 47 59 54 48 45 23 32 55 1 7 42 42 36 65 23 58 42 96 17 94 78 32 50 77 88 75 44 24 59 95 8 40 6 29 61 4 63 63 26 20 19 46 58 54 85 43 88 88 71 99 83 92 42 69 81 6
61 47 75 92 88 11 79 64 72 79 1 63 11 10 17 13 93 94 82 67 42 7 35 11 8 96 85 0 81 72 83 99 42 68 76 12 51 23 62 12 69 86 72 41 41 43 67 87 88 83 87 38 99 88 98 29 15 12 83 56 91 49 55 44 56 9 53 68 79 40 6 26 35 0 32 82 92 14 34 30 1 42 44 7 58 74 93 99 65 87 99 88 37 16 48 90 39 90 61 82 40 81 26 44 9 29 36 41 45 25 51 73 57 85 21 6 38 57 71 73 63 24 9 94 61 19 55 89
83 99 3 0 69 34 63 44 97 93 22 31 30 13 6 23 67 69 27 26 13 21 74 80 27 26 62 66 50 90 57 92 7 21 7 86 41 16 91 16 65 48 79 40 46 84 68 63 70 6 75 81 36 7 96 78 0 60 85 5 23 50 6 74 65 6 39 56 10 40 1 66 95 45 3 58 20 96 7 38 41 23 48 46 64 68 6 42 0 41 56 90 87 10 36 55 77 65 48 20 57 1 94 45 36 52 60 27 31 29 5 5 2 28 14 80 69 47 46 67 100 88 20 63 64 27 7 32
20 14 93 45 23 100 39 89 0 47 44 21 3 69 52 49 42 95 95 15 93 23 91 67 8 87 82 78 29 48 6 4 30 60 92 94 36 59 63 41 35 45 34 59 86 95 25 43 29 61 25 88 38 85 9 89 25 5 29 95 84 13 58 12 82 76 49 56 50 85 32 19 70 94 56 72 9 1 42 21 84 71 84 46 49 93 72 91 85 3 47 97 5 16 17 30 78 99 24 90 39 62 48 4 6 98 0 40 1 92 82 33 64 68 77 6 89 42 6 37 42 64 97 28 75 58 42 41
28 22 24 83 45 50 26 31 16 86 86 25 3 86 7 62 41 96 25 100 74 19 43 88 54 26 27 26 26 82 47 4 61 27 11 57 41 52 7 74 52 3 9 58 14 12 77 67 5 17 41 82 44 50 75 69 1 35 84 90 31 9 2 65 95 60 10 2 52 84 58 36 51 14 71 29 39 24 3 95 5 47 31 32 15 78 36 79 70 89 33 93 64 98 18 92 10 3 50 13 89 48 63 64 77 31 63 41 98 11 40 3 37 92 72 9 5 74 37 3 36 46 82 95 86 11 5 90
79 30 11 52 7 78 15 95 0 80 55 18 32 81 63 64 24 78 98 3 75 98 40 34 51 87 53 90 3 1 49 44 30 53 48 55 83 15 32 66 94 3 11 83 49 10 59 72 83 87 71 36 73 33 32 58 29 40 90 99 96 93 67 72 3 20 34 62 1 60 25 66 96 94 86 61 55 82 84 31 77 75 25 36 71 5 40 96 32 30 10 55 12 70 83 65 75 79 99 18 47 92 2 36 52 28 63 81 96 4 71 58 90 37 90 18 24 5 3 32 91 89 94 6 60 19 70 79
72 41 41 78 96 18 62 76 9 9 52 1 58 13 61 18 30 17 25 9 99 31 91 32 86 55 85 11 69 26 90 87 54 98 41 97 36 75 47 13 27 29 29 74 0 88 54 17 3 1 76 10 87 32 78 21 45 2 93 9 65 99 100 63 87 23 22 43 39 80 20 46 29 48 64 58 56 47 56 25 66 54 88 38 86 38 69 78 21 28 51 62 50 44 17 48 53 100 56 88 16 34 43 27 66 61 59 5 57 35 35 53 69 3 20 37 70 68 39 57 55 62 92 34 82 79 53 33
82 38 71 77 32 86 4 7 12 43 73 76 32 48 84 97 55 75 32 7 27 8 61 0 22 41 89 74 41 79 5 61 88 37 1 61 57 74 80 24 20 86 29 38 68 46 87 73 83 100 99 63 16 42 19 2 30 42 14 35 22 8 20 84 58 86 33 33 93 89 52 59 1 45 69 80 32 50 60 47 60 76 66 8 58 22 38 97 33 33 1 99 79 17 17 100 81 99 95 91 62 30 56 97 53 77 60 35 64 13 95 87 80 71 57 86 18 22 96 39 97 97 45 35 94 15 74 16
0 29 70 0 72 41 79 82 69 22 81 81 26 53 41 47 100 43 16 26 80 64 23 4 11 100 44 69 75 90 44 87 30 81 37 3 41 26 34 65 49 10 27 93 65 15 36 78 43 39 6 88 89 22 60 50 92 98 24 19 69 85 7 50 32 28 90 9 35 76 10 59 19 80 29 68 86 7 90 32 0 4 37 84 42 15 50 86 94 63 92 68 38 7 49 66 99 12 74 29 66 10 96 14 34 50 24 1 11 64 61 53 65 79 62 9 23 92 33 89 80 69 72 37 21 87 69 27
49 31 23 44 64 82 47 4 9 43 39 71 57 35 92 40 10 64 93 84 84 80 81 51 70 38 80 42 22 23 21 0 71 79 68 66 18 95 5 29 44 25 93 1 48 53 24 64 73 14 18 88 92 64 54 42 70 11 72 42 85 2 87 41 15 19 78 42 16 35 15 28 3 62 79 8 94 24 11 39 0 30 78 36 38 91 79 29 99 49 31 59 95 54 73 69 25 64 44 46 96 13 53 49 56 63 33 55 68 55 81 68 14 12 72 16 46 33 38 21 44 84 73 76 0 42 82 90
90 87 94 50 82 19 10 54 77 74 85 89 79 71 92 39 28 9 57 84 91 85 15 42 25 40 7 99 98 84 4 9 3 15 17 51 47 77 2 85 4 86 18 88 13 13 70 45 94 2 47 23 32 52 24 8 89 10 60 95 95 14 48 22 72 96 51 73 89 75 37 99 89 62 90 16 39 56 18 76 23 80 98 15 94 98 89 53 59 18 53 93 40 13 59 99 37 81 48 94 93 84 10 94 35 22 92 7 39 31 93 28 10 81 69 88 81 94 76 56 13 50 71 67 7 27 81 76
5 78 35 82 47 3 98 40 72 33 96 39 16 4 15 78 31 32 61 68 13 85 45 67 64 75 28 76 36 8 33 49 100 50 90 56 44 50 66 73 72 61 22 1 25 75 43 77 43 15 2 7 67 98 15 22 95 20 48 53 58 81 69 70 79 6 35 17 70 37 51 79 46 28 13 4 69 45 18 21 22 67 47 59 27 65 88 85 86 12 9 61 85 95 12 36 81 76 60 13 6 41 24 55 78 7 96 36 61 81 42 96 6 2 14 19 53 49 10 61 78 74 11 84 86 45 79 96
76 76 56 4 29 56 19 59 99 44 60 94 90 16 15 25 80 13 77 11 85 27 75 93 34 16 0 19 90 67 38 77 91 35 39 23 13 92 24 90 80 85 84 67 74 10 15 14 86 49 25 56 29 7 85 25 73 50 53 55 33 5 96 93 62 65 98 44 1 6 92 10 50 34 78 24 91 50 14 51 58 77 16 30 58 96 82 3 24 33 48 100 53 92 88 9 85 29 55 72 50 78 80 48 80 84 78 94 95 69 40 62 73 86 21 21 10 70 93 19 70 99 32 61 41 25 21 22
88 59 56 15 69 5 19 52 44 79 48 70 75 86 31 10 59 78 5 42 85 7 83 56 68 57 42 91 52 0 62 59 46 66 2 41 71 90 10 89 94 4 48 17 39 83 80 99 57 97 26 58 24 14 14 83 89 42 18 3 40 35 1 94 49 67 48 78 15 72 68 55 68 30 63 8 67 77 66 24 71 79 39 93 67 3 62 75 6 93 10 28 77 12 80 57 1 38 77 5 0 22 45 48 12 93 64 47 21 99 10 36 39 46 57 3 55 82 44 86 42 91 69 72 36 87 6 51
50 58 32 59 43 50 63 96 21 41 50 100 35 90 84 41 61 77 75 2 1 23 44 86 18 59 36 38 25 78 13 30 49 28 40 52 41 64 47 91 59 63 30 40 19 45 40 52 9 64 19 82 55 39 37 40 0 50 22 7 51 55 72 22 76 98 12 41 57 91 55 27 93 89 67 9 42 51 3 13 65 45 65 16 58 75 56 96 28 31 38 95 26 80 39 42 56 66 42 91 55 73 58 50 33 23 91 55 72 48 48 66 75 52 44 74 68 4 80 39 12 89 91 99 87 39 35 53
3 4 46 32 93 58 88 24 12 52 6 74 15 3 60 32 95 39 14 35 28 15 76 25 73 34 33 42 46 32 18 87 41 15 1 94 53 42 41 89 14 11 83 81 93 8 94 100 22 54 96 19 87 29 89 18 7 93 41 60 21 55 22 36 64 26 65 32 83 59 10 41 68 56 9 8 9 40 48 56 81 29 61 20 21 3 79 30 90 96 6 10 34 31 63 51 19 55 10 21 30 98 10 27 60 2 94 37 86 34 1 67 65 79 31 14 37 44 60 78 8 85 34 77 21 13 34 0
99 18 62 91 79 68 25 60 83 98 52 84 66 68 65 60 63 50 54 46 25 65 0 94 66 59 54 17 11 30 39 0 3 42 66 42 0 49 92 26 28 64 65 51 10 1 21 92 49 50 89 57 76 54 24 65 19 99 23 73 85 31 86 21 36 9 67 57 57 39 61 41 85 70 73 21 28 63 35 49 45 18 48 13 92 91 61 26 12 90 99 97 28 83 11 82 93 12 55 80 20 100 35 88 20 42 92 16 8 76 97 8 22 52 99 59 59 99 9 7 48 75 44 66 42 28 6 25
5 86 14 22 89 82 90 25 61 42 80 54 10 17 41 90 7 69 64 88 44 90 55 7 58 29 91 55 42 98 64 91 31 96 75 82 71 48 21 62 54 7 16 7 92 44 5 65 24 94 16 14 94 36 76 83 12 23 27 55 12 84 33 53 91 14 70 46 39 60 57 25 74 33 62 72 64 46 96 72 77 15 2 33 13 3 57 6 80 91 2 19 89 63 30 32 46 26 98 13 62 82 94 64 94 52 11 95 50 97 86 75 34 68 91 28 89 84 2 34 80 72 39 60 89 21 54 9
28 76 47 90 18 6 89 46 42 11 80 95 69 47 90 28 88 43 54 61 60 78 21 3 44 100 80 35 10 56 25 69 82 49 5 47 37 64 52 93 1 88 89 14 54 40 50 65 13 3 11 94 91 86 1 53 96 2 50 87 10 14 25 49 82 67 19 22 21 17 94 66 71 76 86 4 9 28 48 43 4 52 62 19 31 19 7 63 18 32 20 2 45 78 33 61 99 9 78 38 91 11 64 70 55 60 64 93 83 91 68 18 5 72 89 75 46 71 21 85 32 23 51 24 100 51 96 7
50 22 49 3 74 79 89 1 44 77 42 33 54 14 24 19 27 27 14 22 64 55 69 33 100 43 5 59 37 19 52 69 51 79 37 32 90 59 36 7 83 25 18 99 73 11 99 35 57 23 94 75 25 34 42 91 0 93 40 57 47 59 69 99 97 98 89 43 84 74 25 71 74 22 19 49 46 26 46 43 72 5 95 57 22 78 89 43 73 18 67 63 7 43 61 75 35 89 91 18 8 56 20 27 59 89 13 89 0 84 48 89 2 78 47 23 35 15 2 1 22 63 27 74 3 24 52 3
41 8 23 29 67 66 26 48 77 4 28 57 33 35 55 97 89 61 51 62 91 49 18 49 60 56 33 61 15 63 89 3 86 79 58 28 98 20 64 49 26 95 64 43 44 65 57 7 8 6 44 99 57 63 5 69 85 60 96 38 13 91 98 47 68 27 86 76 90 19 59 72 41 23 41 2 43 63 37 7 55 50 33 16 89 59 66 78 21 4 43 88 18 82 61 56 8 81 92 35 6 12 29 89 9 44 78 61 15 71 46 17 0 12 95 72 77 92 95 97 0 50 64 76 86 67 35 71
72 11 89 62 5 0 63 48 22 34 38 90 92 17 10 79 52 52 84 39 49 87 17 63 63 85 47 84 76 18 18 53 92 10 30 66 0 38 96 68 51 41 40 40 9 90 13 31 91 61 99 38 41 70 51 79 78 61 65 96 85 11 64 26 83 46 52 35 84 43 69 14 84 21 40 34 14 38 77 17 35 34 83 59 18 7 45 68 83 16 1 43 94 26 81 16 23 11 63 27 64 75 96 60 77 92 69 61 16 45 28 46 60 3 38 9 3 91 78 44 97 65 84 28 45 52 1 62
93 56 20 66 93 8 74 55 15 30 79 98 89 91 90 21 97 65 25 61 16 98 3 39 62 63 20 16 80 6 47 92 51 53 65 91 37 25 3 48 15 32 20 53 55 24 53 56 64 67 29 3 60 38 50 83 63 90 23 61 16 90 57 39 99 33 3 62 16 61 49 84 29 48 13 23 50 90 20 21 48 68 18 11 51 100 29 80 31 99 54 75 38 13 14 22 48 30 84 5 39 97 17 58 76 10 58 22 1 97 17 86 3 56 1 15 18 83 15 37 32 48 63 30 92 69 35 31
44 28 49 14 52 47 65 42 54 31 8 26 59 44 81 47 74 93 74 52 97 7 85 50 72 5 87 100 79 8 57 78 95 47 54 34 46 28 32 63 58 2 76 1 4 20 85 61 8 26 2 20 47 30 97 8 51 63 36 4 38 26 89 55 83 34 30 92 74 51 41 96 81 64 75 38 75 96 71 26 92 38 24 41 64 45 37 97 40 27 4 24 85 20 95 53 90 61 69 50 35 60 6 69 7 39 17 100 1 47 51 64 63 5 58 1 26 25 39 42 63 18 40 25 6 18 38 25
68 91 67 0 55 64 62 55 9 100 63 15 69 18 50 64 90 13 93 32 20 74 93 33 44 47 74 75 81 89 25 43 17 17 44 88 50 14 85 35 79 72 79 62 47 44 57 45 70 45 24 33 50 57 32 73 96 33 32 9 48 84 45 98 62 15 67 33 8 51 43 51 82 42 19 38 45 37 71 23 74 50 31 63 78 16 21 49 91 61 89 97 82 96 75 24 42 81 38 91 57 74 43 6 74 57 51 74 45 14 1 29 24 31 2 22 92 83 73 64 22 58 87 5 5 16 46 8
84 30 95 75 89 34 94 40 4 67 65 33 45 10 62 26 49 38 74 88 2 84 39 47 46 33 6 13 8 1 46 50 23 84 36 79 60 83 37 23 84 29 70 7 31 5 43 50 68 15 40 12 92 10 33 70 0 4 74 13 77 52 10 70 63 40 30 72 59 89 2 30 36 20 32 86 45 34 17 12 55 55 19 80 10 83 55 32 58 90 74 1 90 91 86 78 27 39 85 47 43 39 25 67 53 73 3 33 51 77 59 65 71 7 23 78 38 39 48 60 74 57 72 57 31 88 87 88
4 9 20 86 41 93 49 33 26 54 60 18 76 71 62 57 98 23 75 13 36 55 99 99 40 95 12 32 61 21 83 85 98 44 24 45 32 17 65 50 95 11 61 21 29 60 31 47 77 28 70 1 69 94 27 62 69 50 92 84 46 84 16 44 28 24 56 14 90 52 36 46 52 80 86 83 42 7 85 87 62 56 53 54 73 41 87 70 45 52 65 31 45 25 19 74 77 72 78 100 58 79 91 19 45 31 24 72 25 8 22 16 29 49 34 58 71 17 27 37 12 33 71 27 47 35 95 100
46 49 3 23 36 63 59 50 72 84 18 90 95 0 98 73 68 24 26 86 92 66 66 66 27 71 58 66 7 39 20 44 94 92 30 73 31 100 57 56 94 86 76 64 61 7 76 72 2 27 14 48 4 53 49 7 10 27 20 21 63 92 98 54 23 79 33 92 43 18 81 39 83 30 46 82 56 47 79 99 30 94 50 19 0 17 27 99 69 14 38 96 17 89 17 45 7 82 68 0 89 40 2 65 18 35 9 2 53 75 81 49 80 98 12 51 10 87 23 9 49 11 98 40 73 74 32 3
2 8 5 90 27 58 87 42 56 63 69 84 51 85 10 40 59 40 28 38 76 87 71 86 59 85 83 4 52 99 18 63 72 28 76 4 22 60 41 26 3 2 48 52 93 20 17 35 62 89 55 17 20 80 58 79 57 92 5 36 18 13 43 83 85 31 9 71 71 20 81 31 42 90 46 57 82 42 83 78 14 64 88 52 10 95 67 64 70 20 48 69 9 68 21 93 100 57 23 10 4 61 5 96 20 60 33 30 97 65 38 4 68 0 4 76 16 26 47 50 21 40 78 62 35 88 79 72
63 67 0 6 23 47 82 58 93 67 78 30 36 25 46 65 14 29 27 32 92 82 69 83 50 30 70 38 26 58 32 72 11 83 16 14 2 23 64 12 98 6 61 29 64 15 34 21 58 70 94 33 91 39 94 58 3 14 68 56 11 77 84 23 96 36 26 91 98 80 75 84 80 2 45 11 86 50 56 90 7 96 39 12 0 51 29 6 55 8 92 91 46 85 30 4 79 20 98 10 20 65 75 47 19 33 89 24 53 64 29 59 50 96 92 0 18 22 70 55 3 43 15 83 37 41 48 48
