66 27 97 96 95 52 30 83 74 66 85 40 0 46 52 65 43 74 81 79 86 1 86 49 37 89 98 27 34 77 45 78 8 84 97 64 75 9 21 76 32 12 90 12 76 19 87 63 87 9 2 78 70 72 90 52 81 45 95 77 13 43 11 88 74 28 20 68 83 73 41 68 26 81 97 82 5 24 31 54 98 52 29 61 97 35 0 80 66 35 97 44 76 23 19 7 25 81 38 48 35 92 60 44 14 2 63 26 63 36 1 65 61 28 71 64 6 81 36 9 42 65 98 58 58 97 52 84
70 24 35 79 26 100 75 84 80 11 99 21 83 21 70 28 27 93 78 54 9 19 62 53 23 71 93 56 57 6 68 85 4 76 99 21 13 75 34 19 17 25 0 63 26 71 95 16 45 57 79 14 99 73 43 51 82 99 99 17 15 99 27 85 100 41 19 57 48 35 50 59 38 80 47 58 62 81 62 7 74 91 87 50 71 21 38 87 1 36 32 7 46 11 26 42 27 93 83 39 86 89 27 58 0 77 26 34 17 4 19 0 8 7 52 44 90 80 6 12 98 75 72 9 22 53 74 14
61 23 31 13 14 65 98 30 80 0 55 78 83 60 19 94 65 50 22 43 9 18 42 41 65 55 37 39 76 30 13 26 59 94 26 27 68 28 21 7 51 63 63 26 51 1 19 74 71 95 37 84 60 90 34 7 86 32 97 8 22 35 20 17 40 89 35 44 44 75 97 75 35 84 100 28 77 86 98 12 84 88 5 91 51 99 92 97 41 67 54 70 67 8 77 73 60 98 98 8 16 40 46 47 16 95 45 81 3 67 93 100 18 4 53 8 95 8 77 5 11 36 61 17 34 67 54 62
99 77 45 51 16 32 29 89 4 13 5 0 78 81 82 17 100 66 78 38 0 25 83 83 78 72 42 97 78 76 39 37 23 93 58 16 42 66 45 84 26 35 51 55 67 0 60 51 54 53 46 17 38 51 26 22 79 4 51 1 83 12 72 99 27 89 61 56 36 94 23 5 93 74 32 82 56 73 23 10 63 8 98 27 45 53 95 6 79 16 38 91 78 45 90 19 72 67 74 46 57 75 2 43 7 47 39 26 93 100 16 24 60 0 58 48 77 93 60 75 12 36 6 79 80 2 54 45
85 86 70 43 22 0 99 22 38 39 79 53 40 98 15 99 14 47 56 38 17 78 88 67 77 58 58 86 10 60 12 45 45 75 61 20 76 25 28 18 64 84 25 99 71 32 80 95 29 61 57 37 17 40 48 62 76 86 57 100 9 81 42 70 2 72 25 88 91 98 59 37 31 18 18 64 76 32 77 99 61 27 91 15 83 34 87 28 94 60 83 88 22 6 67 72 13 78 19 16 72 47 36 6 38 27 70 18 17 20 96 80 84 0 33 84 54 65 25 66 42 80 98 25 23 9 23 56
75 51 70 82 89 50 50 86 64 60 55 8 61 46 76 4 8 100 53 56 48 29 63 57 22 43 7 78 74 50 95 24 81 1 90 86 3 85 8 7 34 60 40 77 39 67 96 74 17 27 73 63 86 96 8 49 93 72 8 24 9 4 60 30 73 23 64 14 0 50 7 4 61 50 35 19 50 12 1 84 49 78 34 92 6 58 3 8 1 67 12 76 81 28 51 14 13 24 1 96 49 65 24 45 6 86 76 96 4 87 28 37 0 11 2 38 10 63 85 8 37 43 9 99 72 54 24 86
24 89 86 76 63 76 29 10 10 31 64 27 80 84 34 24 79 81 85 56 25 82 3 82 57 94 94 62 48 0 30 91 34 11 21 2 17 90 49 18 61 47 42 89 55 81 96 39 5 21 50 21 57 45 83 86 64 37 69 98 46 36 41 89 44 66 19 95 16 16 36 51 89 18 28 33 53 82 69 44 70 69 26 85 71 34 60 23 57 21 83 48 93 30 43 81 26 100 11 79 67 23 3 37 24 39 41 62 99 59 96 31 28 61 40 41 90 29 8 75 73 17 71 58 68 23 80 17
99 76 32 55 78 50 68 33 30 34 60 26 14 91 0 94 99 77 22 98 20 80 10 28 95 32 65 21 58 48 30 54 78 3 63 58 29 94 71 56 68 71 11 88 68 90 56 43 61 58 35 50 66 37 1 13 82 46 76 7 99 79 40 90 45 79 82 14 37 18 93 20 5 6 16 35 85 99 30 49 43 64 64 19 99 69 7 66 38 4 13 38 91 84 21 81 8 86 5 57 85 4 54 27 92 93 31 60 61 74 14 6 99 12 15 74 52 75 50 4 6 61 37 17 83 17 65 81
18 37 6 44 82 23 45 84 76 21 88 25 55 69 38 91 58 92 31 8 41 48 79 29 24 84 89 41 67 14 96 80 90 15 53 0 98 85 30 16 26 49 62 17 89 79 71 99 34 9 37 6 32 38 69 99 46 5 45 22 57 49 5 71 25 42 21 93 9 44 94 11 20 39 63 7 33 39 70 86 84 31 32 93 81 29 15 40 57 75 26 40 91 76 28 24 95 91 71 23 41 11 56 10 7 16 32 48 62 32 88 50 6 13 60 39 8 48 96 60 21 83 59 58 51 21 22 79
73 24 89 74 35 90 28 10 78 98 55 48 23 5 56 51 11 89 74 23 59 87 84 88 56 27 51 80 2 0 66 43 34 42 97 17 88 85 75 45 62 42 76 25 86 1 93 5 14 26 60 42 23 34 15 97 71 77 1 29 86 15 31 22 14 58 95 19 87 37 42 35 82 8 79 61 28 35 56 48 6 95 53 83 33 8 29 82 1 15 82 38 57 8 57 43 84 74 63 12 79 96 5 96 89 66 21 70 40 73 25 12 86 42 36 5 10 96 84 16 75 54 47 65 57 2 18 75
62 64 77 84 66 88 36 36 25 10 32 35 71 38 90 99 23 13 10 60 36 6 2 3 69 75 97 77 87 25 44 56 41 52 69 9 35 52 63 59 71 3 47 30 81 81 60 70 68 82 9 76 74 28 89 69 34 29 23 3 82 92 42 5 85 26 11 4 91 34 85 7 80 84 90 41 82 100 31 97 77 14 10 48 63 57 86 15 85 24 50 88 94 29 74 49 39 24 80 42 9 27 2 24 38 26 29 99 39 3 0 64 53 62 76 78 14 0 28 20 42 25 18 68 34 3 27 53
40 44 60 31 37 29 21 18 41 55 94 13 38 93 93 69 44 2 5 61 53 25 31 27 18 58 28 63 64 84 11 20 82 66 86 97 42 8 86 73 27 58 9 69 7 75 84 100 49 88 60 1 59 4 97 12 85 17 5 92 73 2 51 16 79 67 7 7 72 65 59 40 65 93 40 36 36 32 64 11 85 70 99 47 58 18 3 17 17 52 79 54 9 100 33 25 42 9 56 54 4 25 75 32 96 67 87 42 57 63 98 88 21 99 14 41 8 76 2 83 93 44 24 84 62 17 53 42
65 94 21 35 5 66 23 1 63 97 49 7 15 40 52 97 90 5 95 30 5 32 72 19 50 38 47 30 97 86 86 90 16 43 8 26 35 10 50 57 65 86 11 66 6 37 29 25 49 46 93 29 48 30 73 13 91 1 98 75 12 23 8 71 73 63 11 19 74 80 53 62 23 42 99 14 4 12 34 20 57 39 12 69 87 23 66 31 25 26 29 51 76 26 67 17 34 59 10 19 28 20 22 70 49 84 55 51 52 24 69 68 79 59 64 31 76 34 59 99 69 2 23 24 21 81 49 71
7 99 3 11 47 56 55 13 87 52 83 76 39 2 79 6 53 28 21 11 32 62 53 76 80 61 86 8 58 51 1 23 69 63 7 47 61 43 33 91 86 38 19 74 23 58 41 92 3 31 100 59 0 88 21 40 47 59 9 86 68 69 57 100 64 14 16 68 25 87 86 10 54 28 60 69 90 3 19 90 73 86 97 10 22 94 44 31 23 64 14 52 92 94 4 56 26 45 72 14 27 29 13 95 78 89 62 61 63 57 56 82 98 78 12 46 19 50 84 38 31 19 52 0 28 39 2 92
95 49 85 49 26 32 90 17 44 36 93 56 89 17 90 7 49 53 76 93 8 82 17 46 34 3 47 74 27 10 3 12 7 38 74 83 83 23 70 24 5 89 17 85 32 56 25 47 41 69 51 18 62 71 72 65 92 2 47 10 58 32 51 35 81 16 52 90 70 13 64 24 83 22 46 24 83 84 49 41 33 39 3 19 39 72 13 79 26 54 36 93 41 94 24 47 81 0 22 97 97 77 29 64 95 85 41 97 7 29 35 90 79 36 61 82 92 95 81 74 72 21 25 100 93 49 89 7
22 58 10 18 15 93 82 74 81 81 85 68 9 0 100 14 90 17 97 46 74 98 39 31 97 51 39 52 52 69 60 68 91 31 16 5 8 28 4 0 69 79 14 1 68 79 39 36 57 89 99 75 95 52 34 24 82 62 45 62 8 15 43 38 57 45 12 40 26 76 3 65 37 87 46 8 26 5 93 54 84 77 7 97 78 54 77 43 67 37 19 16 94 61 41 31 87 99 100 40 3 67 56 18 100 21 36 47 78 3 81 26 100 73 100 44 27 2 62 36 56 95 77 57 78 74 92 26
67 43 97 10 27 43 51 28 1 14 55 58 43 13 1 72 0 33 40 38 28 87 44 71 21 23 46 27 78 75 21 15 75 6 100 79 50 97 10 44 18 100 10 10 19 71 41 58 96 71 82 7 98 48 83 5 67 100 9 92 47 95 68 54 48 70 4 65 52 7 75 8 95 86 50 94 71 40 42 77 15 71 98 8 97 20 14 97 31 60 15 44 92 6 95 72 37 37 97 12 54 83 37 82 13 5 29 7 99 72 44 92 57 71 33 52 28 98 63 37 100 31 24 30 2 19 89 54
98 7 69 45 45 57 4 33 50 76 13 69 94 29 24 42 61 65 16 70 28 93 64 98 41 14 30 18 39 48 35 13 61 40 47 94 19 97 13 54 17 44 69 25 91 4 82 16 59 28 60 80 45 88 45 42 11 59 14 92 69 53 70 37 72 6 76 10 34 62 0 3 91 7 85 72 8 97 67 96 49 8 57 24 79 71 74 67 10 54 74 18 19 79 65 14 44 54 69 83 50 82 91 12 97 20 22 18 26 18 76 37 78 5 26 83 67 1 98 93 54 46 76 41 26 62 74 15
87 20 32 45 11 40 89 47 51 39 98 86 47 32 87 38 52 83 60 14 44 96 57 68 15 45 70 17 90 50 37 50 41 75 46 82 56 16 73 96 87 90 85 23 61 45 18 54 19 58 18 47 7 6 87 66 93 80 44 6 92 80 45 7 57 27 86 26 55 75 97 27 34 77 53 96 63 98 1 51 79 3 57 91 16 88 18 67 77 84 77 40 92 65 95 44 48 5 68 28 16 96 31 61 60 71 32 73 39 22 46 33 33 91 3 40 79 56 12 83 75 27 100 83 17 85 72 14
53 6 38 9 96 66 74 80 22 16 36 37 5 14 76 35 0 75 35 28 93 39 59 79 75 46 27 98 98 78 100 97 39 32 15 17 92 7 37 21 85 43 56 25 15 82 37 70 64 89 6 32 14 14 98 2 93 51 93 70 56 33 70 9 51 83 46 45 52 32 36 75 14 68 3 17 22 7 65 97 49 81 2 42 48 2 52 46 27 32 76 81 87 57 42 41 96 58 13 8 4 0 56 30 40 71 62 61 36 87 64 46 47 63 52 68 88 32 73 42 73 15 25 59 80 75 98 93
76 19 21 53 86 41 11 96 54 15 20 76 48 10 12 37 90 30 1 22 96 68 36 30 27 4 88 52 6 1 22 29 95 63 74 62 6 9 31 30 88 58 18 98 40 65 7 77 40 28 66 33 52 28 81 92 96 52 67 83 54 44 18 67 68 78 85 52 12 34 30 87 50 93 98 62 62 63 11 25 68 25 25 0 10 65 69 50 98 47 31 52 70 85 36 4 86 25 60 2 7 42 98 96 77 19 4 35 96 70 29 43 41 66 93 85 38 85 14 15 25 19 81 57 45 90 71 11
6 62 75 16 82 36 52 25 53 21 8 45 57 96 58 65 70 92 18 69 41 91 40 48 45 83 25 4 64 59 82 96 34 94 13 68 60 17 10 92 65 18 48 59 48 65 68 61 99 15 79 28 19 5 70 81 47 11 92 83 15 46 80 40 98 94 55 92 100 29 80 38 30 10 13 4 11 76 54 90 15 97 31 93 43 32 8 15 70 56 44 46 60 46 93 45 45 25 71 22 0 5 43 33 32 56 16 95 72 92 23 36 48 27 82 63 19 97 65 14 85 69 30 28 5 53 72 21
78 3 10 3 60 84 98 32 21 7 59 94 80 15 13 79 73 64 16 81 81 77 95 40 69 97 78 13 13 24 89 25 89 79 35 23 53 49 7 67 93 55 36 96 40 43 77 5 74 0 96 83 96 7 14 79 18 46 46 89 14 5 12 22 52 64 67 15 85 44 33 61 63 14 17 76 44 62 48 64 94 10 62 83 76 13 6 86 22 18 61 50 86 39 34 42 77 28 50 83 59 82 57 6 58 71 10 18 21 88 90 49 57 48 13 32 31 65 28 44 57 60 75 86 4 59 30 78
83 92 3 25 68 46 53 33 99 57 4 77 91 90 60 69 53 4 67 44 90 29 13 19 55 69 45 48 94 71 36 1 2 47 84 55 90 74 61 69 29 91 85 92 70 16 2 13 60 92 40 93 32 98 4 84 64 50 98 5 23 92 35 21 42 95 94 12 72 86 69 69 83 13 33 35 9 77 78 63 98 23 100 16 93 94 85 41 3 40 11 76 51 97 13 66 36 35 50 76 62 63 96 60 47 91 5 41 67 20 23 4 89 44 62 56 8 80 41 26 83 39 26 85 64 100 36 33
87 1 60 39 50 15 17 21 77 73 18 1 21 42 57 15 69 98 84 31 28 41 53 64 22 7 96 29 98 74 55 4 78 19 16 5 2 84 30 21 65 24 14 9 68 55 6 98 57 79 15 91 13 77 51 71 54 76 8 65 74 71 5 23 92 13 39 57 96 70 18 83 66 11 10 11 94 44 78 3 68 81 6 95 28 1 67 89 77 53 79 11 61 17 31 1 7 99 3 46 45 12 100 74 12 59 53 30 56 68 25 46 74 34 8 3 82 44 22 55 47 50 71 63 54 0 72 97
73 21 85 55 44 76 34 25 9 65 53 30 84 32 55 44 60 78 93 74 68 34 69 5 60 24 34 68 34 4 71 15 18 23 78 5 15 19 47 10 60 14 35 29 6 46 32 41 17 39 36 53 85 82 11 51 97 81 36 37 24 77 45 15 10 46 9 14 45 24 83 88 72 59 29 11 43 25 19 92 29 99 58 80 59 77 69 83 69 35 33 52 18 65 89 75 18 32 65 30 4 26 76 23 27 53 43 88 25 95 86 67 70 89 52 93 79 50 61 21 23 52 79 79 42 51 89 21
18 100 84 77 43 70 77 99 91 63 75 24 37 53 15 50 24 37 36 68 90 91 33 20 74 14 6 6 55 34 48 94 45 76 64 83 7 6 5 48 95 62 45 21 60 32 90 50 84 59 1 5 16 47 4 61 10 12 2 28 81 39 59 75 80 75 85 46 98 16 22 86 58 35 3 27 34 14 29 50 70 11 82 72 69 66 48 54 79 89 70 13 49 32 6 76 50 67 7 63 49 34 84 71 4 99 42 96 94 85 39 28 64 38 44 27 78 71 36 38 17 67 38 52 98 37 98 31
73 26 75 10 20 100 71 78 68 31 2 83 46 0 34 52 29 51 77 17 45 14 55 56 34 75 33 94 18 96 54 14 69 29 95 66 70 90 49 92 48 22 4 22 99 70 44 15 78 83 65 34 96 77 33 88 35 21 2 0 64 50 19 61 89 43 80 88 7 91 6 95 20 96 47 77 61 7 75 5 25 91 91 79 40 24 27 62 89 24 79 39 0 8 14 82 15 26 33 20 35 99 62 15 47 19 97 56 88 70 53 89 58 66 89 76 39 62 73 98 15 28 20 6 50 76 90 77
38 82 46 70 28 93 79 38 84 54 41 84 7 71 58 26 24 82 32 73 82 3 98 51 49 87 17 27 50 18 34 80 40 26 86 30 38 23 19 35 68 23 2 7 16 33 34 68 67 91 69 89 22 4 4 58 13 80 32 66 35 64 90 72 54 14 94 17 5 62 3 99 10 23 15 41 66 32 20 82 12 93 91 61 85 48 10 89 78 43 83 37 100 80 68 47 37 81 36 94 94 47 70 62 50 52 66 59 45 100 9 23 44 50 50 74 70 61 55 26 61 100 25 44 15 44 86 93
12 88 34 52 58 61 52 21 22 16 21 58 16 23 73 17 89 6 44 38 4 75 2 27 10 92 9 87 71 25 43 54 23 9 14 100 86 48 12 35 27 14 29 29 95 46 90 69 86 54 47 26 73 27 81 64 99 94 66 40 58 31 6 68 91 16 36 2 93 20 64 73 75 41 74 9 2 15 12 21 54 73 12 38 70 3 73 62 64 21 5 58 84 24 2 29 26 60 78 95 20 37 54 35 52 30 95 33 64 2 60 18 83 80 52 34 79 17 53 46 98 87 78 15 27 78 94 22
68 56 92 79 0 10 54 20 88 85 33 64 92 17 22 4 33 55 17 46 10 70 75 48 41 50 13 85 90 34 21 77 77 40 91 24 51 82 65 69 61 16 77 66 97 79 92 67 8 79 99 18 58 6 100 86 3 89 22 6 58 93 1 30 97 88 1 2 100 59 9 11 34 64 31 87 27 13 32 80 10 1 86 24 48 96 77 44 85 54 39 32 26 80 89 46 57 1 53 29 11 56 21 7 80 30 16 12 10 91 15 60 80 41 50 88 43 96 3 27 15 87 65 99 96 42 92 75
27 1 23 99 9 65 12 76 49 93 99 93 36 8 97 57 92 2 22 33 40 16 34 41 3 84 22 100 1 53 87 99 33 48 27 22 99 20 73 19 45 68 45 85 24 13 84 57 60 23 86 90 85 33 29 16 7 56 68 27 21 84 88 85 92 67 4 9 49 39 53 49 34 13 79 97 65 12 47 78 0 48 37 77 84 100 97 25 40 76 52 47 34 9 49 31 53 72 59 7 17 86 69 91 89 57 21 78 69 18 60 55 34 95 34 53 0 2 1 48 28 5 76 35 4 57 16 47
45 28 87 1 27 34 35 96 51 53 71 78 68 46 82 90 55 8 30 77 12 93 69 91 13 92 89 52 82 17 89 26 3 45 45 46 15 6 79 73 11 8 76 57 21 45 30 69 65 14 7 58 20 58 19 17 5 71 21 18 18 96 14 91 0 67 83 62 19 63 46 16 12 33 60 58 32 29 0 29 9 63 33 99 50 25 66 81 39 7 57 17 39 35 78 59 22 7 73 50 44 34 67 91 46 23 94 33 43 21 76 64 81 96 28 53 46 24 83 52 22 74 67 73 71 36 17 85
18 8 33 89 46 14 70 83 58 9 8 70 12 42 83 88 87 73 83 6 53 0 90 92 17 2 25 12 46 50 90 58 65 6 39 68 6 91 26 38 55 96 54 63 27 49 36 93 54 97 37 79 85 91 55 80 82 38 56 20 70 78 83 68 61 65 35 8 69 28 9 33 90 36 74 25 70 70 99 66 33 58 43 11 54 18 2 92 9 37 46 64 98 68 29 34 75 69 42 61 76 37 43 0 39 35 17 78 84 43 95 14 1 5 35 9 57 88 44 6 28 95 70 6 40 47 3 69
97 32 43 45 9 87 18 21 1 51 78 71 30 3 8 64 1 83 63 75 85 55 84 43 36 53 80 43 44 66 58 63 65 24 16 75 88 0 10 72 83 53 19 65 42 5 30 3 81 12 85 50 46 0 77 42 93 45 68 43 3 35 71 17 3 78 55 22 1 39 6 64 34 57 42 65 34 38 24 55 92 22 82 68 34 92 58 6 43 4 94 48 46 5 72 87 67 90 1 0 7 22 40 22 53 71 8 81 48 39 50 98 72 44 97 30 92 97 32 91 2 57 90 53 14 46 40 44
60 57 59 50 96 81 24 5 55 59 83 52 14 28 59 18 78 94 33 65 25 55 66 40 44 7 65 2 58 99 48 84 1 84 67 21 12 4 99 35 55 19 58 16 20 41 22 50 61 20 9 19 17 16 100 21 40 6 14 69 87 59 49 12 62 50 71 42 91 26 8 45 20 98 84 92 96 95 32 66 38 6 40 52 87 57 40 95 74 51 62 86 1 36 4 23 9 22 64 96 36 6 31 59 51 99 52 91 97 5 30 26 37 38 69 71 82 26 62 52 72 57 11 23 49 12 60 4
32 59 60 52 89 41 95 25 47 96 80 49 18 37 10 25 65 13 34 67 82 16 31 60 81 2 0 87 62 5 25 15 71 84 65 92 37 78 51 21 100 29 13 68 1 90 52 45 56 43 85 57 48 89 68 64 55 17 52 97 52 62 0 61 20 32 78 7 45 58 40 72 28 45 47 10 62 57 61 84 73 72 95 27 29 56 97 40 92 32 3 48 85 0 10 87 50 91 65 13 26 99 9 38 53 92 42 35 18 43 67 21 24 32 93 20 58 95 69 1 13 41 72 27 10 77 86 55
59 44 62 35 70 62 19 96 8 78 69 82 81 13 71 23 98 50 58 17 46 68 10 89 95 33 81 5 50 60 48 73 6 18 6 18 48 68 73 74 20 98 89 72 35 23 80 93 79 12 100 99 86 57 6 40 69 32 1 79 59 10 43 88 87 32 46 72 100 96 34 56 62 56 47 25 44 68 56 77 52 3 37 37 92 30 4 30 83 33 97 8 86 92 80 48 49 35 30 100 32 61 73 35 77 11 48 39 97 99 18 74 54 46 25 30 20 89 64 35 96 92 53 57 75 54 52 1
17 32 87 71 44 50 90 76 46 32 41 82 58 24 29 13 42 28 49 37 89 19 23 79 89 32 41 19 97 91 59 39 29 23 47 81 88 61 34 15 11 35 46 32 8 88 3 74 78 28 33 87 8 82 74 36 99 81 90 67 89 87 49 98 77 96 86 38 11 64 87 86 94 97 36 81 51 56 91 47 2 93 84 84 83 48 87 11 45 91 47 79 56 53 95 98 56 100 10 52 33 77 11 34 20 20 18 91 66 51 93 97 87 84 16 66 55 35 17 90 57 43 99 82 19 46 21 3
95 7 68 50 38 25 51 27 22 77 3 47 15 95 81 39 36 70 78 78 52 58 62 72 0 89 3 84 20 74 100 99 92 26 69 49 83 48 93 69 2 64 81 33 45 34 77 75 43 29 87 7 13 46 17 70 19 21 15 80 73 59 61 100 54 23 87 71 58 52 74 13 5 3 9 32 78 41 85 55 96 21 40 1 80 41 36 87 30 32 61 82 38 45 14 99 24 76 20 67 55 50 26 10 37 35 53 16 44 87 67 55 31 50 5 38 36 96 49 0 23 62 74 64 20 35 75 72
0 100 87 93 93 84 24 43 0 33 27 69 23 3 74 17 39 80 73 90 82 84 12 23 7 26 34 89 78 71 35 18 16 30 18 60 8 53 41 14 98 29 20 54 29 51 70 10 89 82 90 67 16 51 23 27 80 50 18 15 20 43 51 93 44 52 56 32 60 74 75 48 71 92 70 21 77 61 57 13 30 46 42 25 27 36 30 63 24 99 48 0 25 12 28 13 55 56 73 72 70 71 51 31 81 38 3 59 23 96 35 17 24 36 29 83 88 1 11 95 43 96 38 31 45 89 94 88
80 100 39 57 23 100 93 96 59 46 76 84 52 83 2 62 41 57 24 31 87 6 42 61 13 90 93 98 25 91 70 78 17 60 42 19 15 38 98 83 62 21 66 9 69 94 12 46 95 96 70 32 80 48 7 40 43 53 90 58 82 72 1 29 78 72 13 60 45 38 21 12 64 71 33 51 46 40 45 41 7 38 21 40 65 83 89 49 91 93 55 7 92 13 11 62 74 46 17 4 54 12 70 73 85 97 42 80 35 68 71 18 75 64 89 34 40 17 43 13 73 23 85 15 14 19 17 27
87 39 77 77 52 24 52 38 64 97 44 72 1 81 88 38 7 81 23 45 66 43 19 40 87 26 22 22 44 24 37 94 37 14 60 15 23 99 92 44 61 55 90 53 59 89 19 55 52 3 87 72 37 6 63 22 70 91 65 46 73 91 95 1 3 5 73 73 10 44 89 67 39 64 100 61 58 87 93 23 74 78 45 49 50 59 90 45 46 92 2 80 88 52 43 78 78 13 75 87 19 100 69 79 75 41 2 69 42 64 72 78 11 6 19 96 63 77 23 69 53 5 71 26 65 21 26 88
32 81 72 39 0 81 34 51 50 52 29 73 94 32 68 88 56 90 31 97 6 56 65 67 7 63 67 64 73 74 16 38 61 13 30 20 15 28 51 99 72 50 43 89 73 27 79 11 45 79 36 96 57 13 17 14 58 42 67 22 40 91 64 99 99 28 36 41 82 51 44 98 7 53 89 30 57 27 3 65 7 62 50 13 29 33 94 97 13 63 92 4 63 13 94 65 10 9 76 96 4 5 30 20 43 86 11 21 2 75 50 96 56 66 62 85 23 76 93 67 53 30 27 61 77 36 63 8
62 23 23 56 15 2 58 10 33 15 65 16 100 55 82 87 38 35 79 48 75 10 38 26 13 31 25 89 35 23 89 70 63 47 20 69 69 54 20 68 32 15 56 8 24 69 66 11 21 84 89 61 39 70 87 54 24 59 42 0 89 9 51 33 14 46 100 71 45 72 70 44 16 98 9 88 85 70 26 87 86 54 82 65 21 62 92 23 56 86 71 51 2 28 7 89 44 42 95 5 40 84 74 83 65 73 28 69 29 60 52 6 39 58 67 70 84 45 2 0 13 63 57 45 68 12 21 31
36 58 93 5 68 28 14 68 54 72 60 75 72 48 25 37 47 91 8 100 79 80 26 0 75 41 37 65 31 31 54 51 13 56 13 28 16 66 13 85 13 98 77 100 98 4 69 33 79 16 22 17 38 89 24 88 81 8 60 7 74 96 53 65 19 81 24 31 37 11 14 56 27 82 27 18 77 72 73 43 2 69 61 74 91 26 29 37 97 57 40 47 46 70 63 100 54 99 21 30 73 2 90 27 72 58 48 100 83 41 43 35 43 64 60 47 93 42 39 40 95 30 6 2 56 13 25 21
37 16 75 4 79 33 22 14 23 40 33 91 36 93 34 90 98 40 6 97 31 43 63 66 77 34 38 4 0 69 20 44 63 86 40 9 35 52 2 83 2 66 5 23 42 56 3 60 69 30 30 75 97 68 9 72 81 63 21 94 98 40 14 89 47 16 4 71 10 60 47 82 94 31 75 6 56 70 75 52 82 88 91 28 30 93 57 6 94 82 52 51 59 54 18 26 31 25 63 62 99 44 45 77 99 91 3 55 7 39 96 96 78 70 83 45 51 23 73 22 21 0 71 68 52 43 92 94
49 50 65 18 79 65 15 4 64 90 85 64 20 49 75 98 5 90 6 68 11 81 14 10 28 99 76 40 52 82 88 98 14 96 86 37 85 27 69 90 44 56 30 81 66 6 37 2 83 15 86 16 38 79 35 54 28 8 90 2 5 44 43 28 70 51 39 91 92 97 12 26 4 93 79 73 28 47 70 80 49 5 88 70 68 15 86 74 16 86 18 61 83 39 3 97 28 9 50 12 51 66 47 44 28 99 33 76 14 69 77 70 64 28 26 69 70 71 82 7 91 33 60 90 92 13 43 2
71 14 32 32 40 8 25 9 27 17 30 46 15 56 92 16 30 86 95 6 24 46 30 62 74 84 33 61 58 58 3 74 38 12 24 28 94 3 57 17 55 55 70 27 62 71 40 24 23 77 82 36 27 39 59 40 26 32 63 15 78 82 31 24 49 46 100 81 80 85 76 77 33 53 2 48 10 34 86 4 83 80 58 73 53 69 70 82 28 31 43 53 9 59 72 94 4 30 0 52 36 39 93 86 38 67 56 75 90 75 65 40 75 65 3 2 31 29 34 71 19 97 70 5 26 45 30 33
94 17 19 95 37 83 4 79 67 70 74 94 38 31 66 17 86 27 79 68 61 91 34 80 3 51 46 57 13 57 13 70 17 12 56 94 57 83 96 50 32 85 34 44 42 55 69 66 52 23 1 81 65 10 58 74 17 35 78 54 60 66 42 95 41 1 68 65 72 40 56 91 43 53 15 51 25 34 26 67 54 48 95 12 86 11 99 1 94 64 28 58 96 86 18 85 0 71 97 86 22 43 54 96 41 58 2 43 8 28 70 79 81 29 84 22 22 0 78 29 88 13 20 17 17 63 85 56
45 3 13 56 38 40 79 94 52 53 74 97 23 36 0 85 88 19 58 16 31 3 76 74 1 20 92 60 32 14 50 10 57 35 8 51 65 28 15 4 67 84 34 43 25 94 28 34 34 44 85 20 52 97 47 4 99 50 13 27 93 87 65 21 13 50 38 72 59 62 64 55 4 37 61 94 28 100 95 0 8 78 18 77 16 84 43 82 59 32 43 66 71 63 66 8 21 5 49 95 37 98 33 96 68 55 55 25 74 24 90 34 27 13 27 98 22 81 92 94 20 44 56 32 38 65 5 21
66 68 50 77 71 67 30 95 14 19 84 98 21 8 35 72 97 18 23 66 90 71 82 99 20 22 39 47 45 33 84 3 62 31 9 61 66 62 1 53 90 20 83 79 36 81 46 61 50 26 100 27 47 40 33 72 30 20 90 32 32 67 64 9 18 60 21 11 86 66 69 78 69 0 25 87 71 85 45 84 75 45 78 40 0 44 83 46 63 35 26 2 87 6 88 66 77 43 0 74 62 98 47 53 75 50 50 62 75 55 25 95 14 97 96 4 1 20 7 95 27 71 85 100 26 21 12 80
24 2 17 67 82 16 22 36 22 13 85 53 93 92 42 24 63 16 31 84 62 12 43 10 61 43 73 84 21 58 45 66 51 16 22 72 57 61 84 11 77 11 64 52 68 68 2 61 73 72 47 48 98 26 35 63 84 53 10 66 22 35 69 46 9 62 83 81 14 14 43 9 49 41 44 49 97 57 33 33 12 85 55 0 67 30 18 48 12 69 55 34 23 69 93 10 63 82 35 5 60 46 16 49 90 55 80 23 79 31 72 72 42 32 46 94 17 61 27 41 83 45 79 56 83 34 65 77
27 17 89 61 95 38 18 46 26 88 59 21 33 4 34 2 74 21 40 35 7 46 36 23 86 77 72 32 68 65 9 11 99 47 14 22 48 58 18 0 70 3 38 83 39 95 79 87 80 80 27 9 35 79 70 6 49 31 62 97 49 57 25 56 82 58 39 69 17 53 84 67 97 40 71 47 29 55 74 97 53 7 32 22 39 29 99 27 68 46 50 78 39 5 11 7 38 87 72 73 3 49 82 94 58 20 96 26 64 22 2 32 52 92 73 70 5 35 11 45 72 71 80 64 35 46 49 5
63 87 63 25 48 11 31 46 5 90 55 89 7 6 31 42 95 76 43 21 15 50 9 0 60 8 9 90 92 70 82 45 50 8 61 53 23 76 11 36 14 87 42 92 91 92 10 87 65 92 12 26 0 26 70 59 85 32 81 39 35 64 47 92 86 38 37 72 75 4 1 93 81 78 45 38 9 22 58 69 49 49 99 79 70 74 33 36 11 75 46 73 44 37 48 22 34 72 77 59 38 85 61 52 21 15 81 0 76 54 89 81 9 51 78 95 11 91 98 41 35 17 36 84 28 31 67 33
46 63 100 31 45 79 80 81 47 70 28 24 4 26 33 43 81 36 6 53 99 34 68 47 30 90 21 97 58 18 56 50 28 28 83 44 70 22 38 49 73 80 28 97 15 79 9 30 82 12 17 43 6 100 75 0 56 41 67 98 73 23 9 59 38 31 50 57 99 72 3 12 99 14 97 41 18 8 71 60 15 51 50 55 97 8 86 94 33 42 59 20 83 87 35 12 2 57 93 59 6 68 31 38 25 79 15 66 27 71 85 23 78 4 2 98 48 34 21 83 12 39 100 51 90 30 48 95
64 29 19 65 22 45 7 70 88 69 79 40 1 32 18 27 59 24 7 93 20 70 60 63 40 31 46 12 86 26 93 14 49 24 13 92 4 26 95 14 71 45 100 61 52 61 13 100 24 88 63 42 34 100 79 53 20 32 6 65 13 68 25 40 0 85 49 77 31 34 50 24 86 42 15 10 4 31 83 8 40 42 96 94 76 53 54 12 39 64 22 97 74 77 55 86 27 38 45 88 81 14 54 67 35 32 84 6 22 5 52 55 31 48 70 80 62 87 35 62 52 54 4 84 55 51 47 7
22 79 79 98 77 72 37 36 92 0 45 79 27 95 86 60 4 73 70 63 93 19 65 2 35 41 91 20 44 38 82 19 33 20 72 12 1 0 16 5 73 70 13 33 12 29 43 74 1 91 55 14 92 30 89 9 32 24 86 42 66 26 39 15 90 50 76 7 74 15 37 54 33 65 22 12 15 46 33 14 36 56 23 30 4 40 29 88 62 67 26 18 27 61 90 89 31 45 81 51 55 42 90 84 11 99 76 76 88 41 7 49 68 92 83 58 23 91 27 0 94 96 65 54 95 30 55 40
20 64 3 61 92 51 20 26 65 30 21 74 55 51 52 78 80 12 100 84 0 7 47 66 48 50 71 34 81 99 18 100 78 64 65 86 55 9 69 50 97 48 85 51 76 95 18 96 87 68 14 68 78 95 73 54 25 52 90 99 25 30 12 61 91 28 40 56 74 13 55 84 90 48 3 32 56 75 84 92 76 14 74 72 88 75 43 21 42 2 87 59 50 55 74 64 61 55 66 20 38 70 85 83 21 15 57 6 30 48 12 88 54 46 97 35 92 68 44 9 78 95 44 95 49 70 89 62
63 47 58 56 1 64 62 4 34 95 12 3 63 75 64 78 90 83 20 16 31 47 39 55 70 88 43 75 81 47 68 97 10 5 22 30 42 66 65 58 88 64 53 18 53 16 48 55 23 88 81 37 44 95 17 55 92 27 38 59 95 1 73 97 66 89 63 35 31 66 34 75 84 70 49 46 20 75 71 24 9 73 74 68 62 4 60 12 2 99 81 14 97 72 18 42 59 73 27 8 90 47 99 70 18 52 3 51 3 77 61 42 0 69 56 45 41 27 42 79 22 60 62 43 81 69 78 35
40 16 85 24 16 48 70 73 51 48 51 52 99 39 86 40 86 85 13 1 70 78 97 99 33 31 80 77 63 87 73 20 61 84 100 70 15 99 17 44 35 76 26 10 78 4 47 15 75 25 52 56 20 65 12 87 19 78 24 2 22 61 39 15 3 48 6 35 18 55 73 18 92 63 88 28 82 0 60 62 43 4 42 18 27 17 92 84 63 40 82 82 75 88 26 0 77 83 86 76 36 57 79 14 53 90 75 53 30 29 62 73 41 82 27 89 21 87 73 34 34 94 26 48 42 50 16 41
40 66 3 91 18 99 75 66 81 43 21 63 38 49 23 88 78 94 18 0 96 25 52 75 56 93 34 62 41 13 19 2 41 74 50 19 63 19 93 49 79 28 74 51 71 52 57 37 69 44 84 30 43 38 3 23 82 34 83 4 57 56 38 9 24 23 84 68 76 29 16 71 22 74 22 95 25 74 100 72 46 83 90 16 4 5 88 34 16 16 32 67 62 37 47 51 58 27 61 37 79 11 22 79 17 7 47 90 70 88 27 15 12 17 6 45 24 50 39 59 26 76 41 74 36 0 18 34
56 78 50 72 57 32 52 5 5 20 39 67 47 72 4 7 82 44 37 70 6 7 69 2 85 29 47 78 20 18 11 24 57 68 27 79 40 14 98 35 23 69 71 49 1 31 66 38 2 43 96 45 20 9 44 92 36 81 59 13 77 60 23 20 98 9 55 70 78 82 83 69 27 71 37 41 5 44 39 34 0 31 25 86 1 32 19 34 72 6 80 89 12 48 100 30 74 61 73 69 42 85 94 70 91 94 18 80 41 82 61 4 65 37 89 76 37 62 44 56 86 13 71 11 75 100 34 3
100 40 79 46 45 20 7 90 4 47 83 1 77 77 71 42 64 76 68 37 15 26 24 67 39 96 13 76 23 16 99 69 86 58 54 87 97 88 32 39 51 65 99 7 14 61 30 77 98 76 6 41 55 1 19 33 49 66 14 88 87 6 98 71 49 67 70 14 55 1 78 89 43 61 98 52 79 94 48 95 7 4 23 89 70 32 1 80 74 28 79 23 74 7 87 93 9 61 14 50 48 46 42 68 16 32 12 55 18 19 7 0 73 14 100 1 11 15 49 36 60 20 82 16 78 15 74 58
82 96 34 29 15 52 96 57 0 41 63 40 94 23 27 48 17 19 45 70 12 37 31 41 26 24 22 82 50 16 27 18 21 54 58 49 3 18 77 97 60 53 47 31 56 6 90 18 68 95 71 53 77 32 61 58 60 22 63 74 76 19 66 16 76 65 100 14 95 21 18 39 6 8 88 72 93 30 72 60 38 69 96 2 3 40 9 85 2 84 26 74 25 60 84 68 5 13 84 38 32 27 25 83 46 81 80 71 65 55 8 77 47 44 38 7 88 46 90 74 33 100 78 16 30 77 57 55
87 90 84 85 22 2 42 67 38 83 62 10 71 0 98 20 6 41 42 21 60 48 59 43 15 43 90 71 10 14 92 37 21 62 44 91 81 28 11 2 85 86 19 2 40 42 60 20 74 36 13 84 2 47 72 3 40 13 3 76 50 10 86 37 20 35 9 64 97 2 19 51 29 80 45 14 86 57 17 84 5 89 59 23 98 27 69 38 94 12 33 83 30 40 93 83 1 26 92 6 49 50 92 40 54 57 33 44 51 19 23 80 47 33 8 15 90 65 96 66 36 29 64 87 48 66 68 57
86 83 58 25 98 66 61 68 26 30 33 57 84 60 8 47 15 31 5 35 87 18 86 63 18 21 65 78 84 32 57 3 44 70 95 18 95 50 35 100 1 47 33 17 75 20 80 55 60 70 36 48 30 82 7 57 24 50 63 67 58 52 91 30 86 85 97 84 39 42 6 0 12 29 100 72 82 5 38 62 48 38 7 77 44 100 73 92 48 37 63 33 39 36 29 85 51 44 28 52 91 31 37 79 47 51 89 95 94 84 45 50 56 78 60 66 55 93 46 22 91 40 26 24 2 56 77 19
83 8 18 25 46 86 8 78 50 38 9 60 42 10 45 68 54 45 92 18 47 55 17 82 68 89 98 66 45 10 8 93 38 29 8 39 83 22 19 1 40 37 26 30 19 36 69 72 35 82 51 75 67 65 100 50 34 72 93 93 18 67 6 34 78 13 53 54 7 38 80 31 54 81 43 18 45 61 87 18 36 19 12 89 29 58 37 24 73 80 97 63 9 59 6 69 97 37 1 38 91 76 56 38 75 44 64 54 40 67 89 84 96 12 20 46 60 89 90 58 90 68 95 52 83 72 22 49
57 45 93 60 77 86 37 15 50 35 33 65 45 51 2 99 7 60 72 17 86 83 7 34 95 17 44 36 62 12 76 41 11 70 3 60 18 26 95 19 32 55 23 92 87 93 10 85 54 18 52 84 93 48 76 43 79 65 7 49 15 99 6 49 86 94 44 94 48 18 26 83 32 42 64 18 53 5 40 67 89 11 63 62 55 73 84 91 32 79 71 99 43 6 90 67 81 74 38 35 44 78 28 12 9 87 50 38 71 89 46 85 3 28 99 44 18 88 95 14 76 69 80 30 92 93 67 98
75 38 81 45 63 39 49 89 1 78 31 67 47 73 6 89 46 86 2 94 33 39 78 64 3 98 100 36 21 86 49 31 79 47 18 29 71 13 70 83 51 10 42 25 100 98 75 30 22 42 20 59 17 71 44 22 76 74 26 52 95 12 98 31 23 90 6 0 6 42 7 79 79 53 86 35 44 38 78 31 47 51 31 48 9 43 65 84 87 38 84 1 37 62 15 71 94 77 57 57 7 24 5 48 57 18 50 86 25 11 36 94 10 18 28 77 38 94 38 16 50 100 13 61 7 51 84 14
1 48 57 43 68 34 47 50 23 97 48 41 52 91 99 44 3 79 59 92 29 9 73 79 23 65 39 68 61 65 34 20 8 29 83 48 100 8 53 31 62 41 28 32 85 66 3 90 14 43 52 59 81 95 12 52 90 89 68 49 22 89 7 47 11 35 51 22 16 64 82 17 94 71 1 39 59 53 75 73 19 14 80 22 18 97 11 59 75 41 62 4 23 58 13 90 51 70 67 41 93 85 32 61 67 50 11 3 61 71 93 42 84 31 94 42 89 51 91 66 51 0 46 28 43 62 75 74
15 98 39 41 10 33 56 57 22 44 52 61 7 5 25 19 52 67 5 87 56 56 43 77 46 6 16 89 59 67 71 93 98 7 21 73 15 72 4 40 62 64 56 32 72 53 94 16 47 86 73 52 45 36 78 35 11 22 25 92 16 95 69 1 52 87 36 69 61 35 20 27 88 50 44 11 27 96 53 10 100 35 61 27 17 57 91 89 23 65 99 22 18 13 24 7 2 59 76 51 59 18 97 66 79 73 31 36 52 37 54 75 11 48 40 15 90 4 4 65 0 46 55 75 44 57 27 98
14 88 90 53 55 49 42 93 42 13 34 60 65 41 20 39 53 86 34 53 30 55 32 3 9 12 72 95 99 26 55 56 53 14 57 59 43 0 55 10 61 55 5 39 53 12 25 57 94 33 34 26 89 97 9 35 39 64 69 5 4 78 42 57 77 72 100 80 71 100 65 29 63 26 91 87 63 64 100 47 68 87 22 71 69 41 21 22 90 69 87 90 97 61 52 43 46 84 22 51 46 36 52 29 1 85 26 44 81 20 40 81 38 69 43 34 76 70 65 71 16 26 47 75 79 51 95 79
97 14 93 99 79 1 0 27 70 53 50 85 76 73 96 24 29 39 67 39 97 58 32 75 75 61 63 55 96 92 55 26 66 41 13 67 17 62 60 90 95 33 23 35 43 39 38 43 94 86 16 31 68 61 39 69 52 91 47 4 55 1 33 26 21 67 66 4 48 29 43 21 88 63 32 61 30 10 87 97 9 28 79 12 67 26 31 40 47 36 26 34 73 15 18 36 4 63 80 82 97 67 37 97 55 95 35 39 1 29 85 8 16 62 74 96 24 96 44 55 20 28 89 40 5 5 90 42
73 18 13 76 95 19 6 37 84 47 51 24 89 27 24 48 14 38 92 13 26 24 2 2 99 29 74 86 95 61 69 91 26 50 50 3 7 53 52 34 28 39 31 41 41 95 58 16 32 2 35 17 13 33 10 94 93 20 93 27 38 76 46 64 40 20 13 73 100 19 92 40 79 2 76 99 66 38 94 98 59 22 40 62 60 49 74 49 54 26 26 24 43 6 52 6 72 81 31 1 56 54 25 81 51 15 89 63 0 43 46 62 17 39 41 2 51 31 54 94 17 52 18 94 97 98 98 94
77 31 76 29 81 74 3 67 99 0 58 95 5 83 97 96 62 60 64 30 77 23 56 83 54 14 80 61 95 77 40 93 1 23 69 95 81 75 97 97 12 56 97 29 95 5 15 84 84 51 7 10 90 0 0 69 75 91 90 43 19 93 71 57 15 59 46 67 25 25 40 18 75 49 13 39 80 34 59 18 8 16 94 55 78 36 50 68 37 93 6 33 33 42 0 12 90 100 29 58 97 28 86 20 70 2 81 60 25 6 29 58 74 15 57 5 2 58 35 59 8 27 77 82 100 47 68 21
44 25 98 34 44 11 90 15 42 85 28 34 14 69 70 18 58 19 12 76 53 31 9 55 2 10 54 17 78 29 81 95 11 83 80 61 64 92 42 15 87 89 30 58 91 0 63 41 25 18 92 50 58 98 41 43 65 41 44 98 20 53 4 12 37 81 94 37 19 23 67 5 19 15 60 3 44 67 33 67 89 28 61 30 31 70 93 53 4 27 67 52 6 75 26 41 59 43 78 95 49 97 26 5 71 81 36 16 10 64 41 46 23 84 76 37 20 56 72 42 36 94 11 74 68 20 67 79
20 98 58 63 47 16 0 98 31 24 94 25 49 62 24 24 96 63 76 41 33 63 8 61 5 96 34 29 72 84 21 29 7 33 74 56 73 65 39 76 59 80 97 18 53 74 65 34 78 65 22 33 38 39 2 47 57 1 88 14 84 4 67 53 80 29 17 98 63 14 82 93 34 4 92 36 26 55 97 25 79 91 46 99 1 90 89 94 51 78 61 99 12 34 20 65 18 80 23 95 61 15 88 96 73 47 13 34 77 23 6 38 58 98 97 94 100 0 50 9 60 18 48 8 56 96 57 9
78 85 66 27 68 44 35 98 21 8 32 19 82 53 82 5 60 72 2 61 69 73 45 64 39 9 63 47 45 52 1 64 87 83 93 78 4 87 31 65 87 24 43 36 38 49 14 44 56 37 46 21 1 87 80 15 20 64 48 74 97 36 25 3 48 44 48 8 80 18 51 39 35 29 10 81 47 96 16 35 52 0 28 89 40 88 97 94 9 99 61 85 60 62 22 30 92 67 100 20 94 21 28 18 99 67 78 41 88 24 25 60 33 92 30 69 87 65 73 62 34 12 23 33 77 58 28 42
91 10 38 53 99 55 72 97 16 6 31 25 22 80 26 94 99 24 92 58 76 84 42 76 1 7 87 75 34 86 18 84 100 23 30 37 99 10 36 95 85 54 43 15 26 79 22 15 74 49 92 12 100 82 16 47 8 9 16 49 57 47 77 47 54 80 15 82 8 44 45 28 41 57 19 84 77 68 31 22 87 38 8 50 26 77 1 36 91 65 97 31 71 73 9 53 27 77 62 53 49 61 40 21 17 9 0 28 14 2 24 47 45 91 40 33 4 48 51 93 90 43 94 78 68 68 9 42
80 37 58 23 69 13 21 26 11 57 33 38 10 94 88 48 5 31 59 12 30 57 8 82 28 71 62 74 36 46 84 22 98 46 35 37 34 86 2 63 39 53 60 78 51 47 35 46 28 68 41 48 94 9 52 92 73 47 87 52 30 10 36 24 64 50 94 52 56 51 61 57 83 95 56 2 66 26 4 55 11 48 1 62 98 24 33 39 31 54 27 36 77 89 49 39 48 32 89 100 66 91 8 97 93 8 98 60 29 52 42 98 74 99 78 3 84 79 20 75 43 85 99 93 15 95 23 6
57 79 86 44 10 85 15 63 4 6 96 90 9 55 100 18 98 62 74 38 27 20 25 27 35 94 57 39 41 0 74 81 76 56 16 8 25 19 63 6 17 4 21 73 96 29 53 76 8 27 30 91 47 30 81 11 5 70 57 35 82 72 56 45 73 15 99 89 60 18 79 26 23 4 95 81 99 39 75 33 49 86 51 44 76 46 21 9 4 63 7 18 49 38 17 9 26 99 87 1 46 13 92 40 59 68 0 44 65 66 82 66 2 75 83 54 89 9 27 89 8 68 35 60 53 44 41 54
72 84 28 29 17 0 91 15 78 66 70 46 4 71 48 97 25 56 99 23 84 38 67 13 30 64 89 7 25 90 19 21 86 91 12 89 79 79 18 93 14 41 19 13 88 29 24 45 3 43 88 60 90 81 33 68 53 34 64 70 2 83 14 21 20 93 58 98 20 7 38 68 57 82 18 91 32 15 47 82 97 34 54 55 99 76 46 38 28 56 91 56 91 24 18 89 28 64 25 9 18 70 80 40 98 20 90 10 50 59 1 18 18 53 23 20 44 53 84 77 6 97 62 33 20 98 0 78
89 52 4 0 9 61 9 51 6 58 66 93 94 55 26 9 49 71 22 73 55 73 18 18 56 8 92 28 78 93 88 89 83 31 60 58 91 25 58 11 62 60 83 55 59 77 54 53 56 64 5 10 78 40 33 82 24 42 94 84 38 68 99 56 65 10 85 34 57 98 71 99 68 11 90 35 13 74 10 3 68 55 42 10 43 30 27 20 85 13 35 98 34 52 73 65 30 51 42 20 29 9 9 37 52 32 99 49 26 5 63 59 31 93 29 10 36 10 89 68 13 24 61 42 22 3 95 77
99 51 18 95 57 66 47 52 4 63 55 96 51 29 58 44 21 67 99 44 5 50 28 21 39 15 90 38 62 56 75 4 96 23 63 51 9 71 15 67 42 7 11 65 39 25 31 12 96 18 2 37 55 59 49 22 40 92 7 37 48 87 27 97 98 52 8 72 41 81 78 45 60 11 17 93 84 42 90 8 71 70 7 16 92 73 75 50 21 48 39 98 33 63 37 81 23 39 10 90 10 90 56 77 72 31 19 51 88 39 20 17 84 86 31 7 32 42 43 1 38 79 18 71 67 83 55 7
61 96 28 9 46 42 11 3 0 6 42 55 21 23 41 4 31 87 13 26 67 66 31 58 64 11 97 4 80 1 86 87 82 90 99 26 63 22 17 64 33 58 45 0 89 85 82 76 95 28 70 16 80 96 81 99 6 23 86 96 4 2 69 65 19 76 17 14 87 99 85 3 16 48 94 89 34 17 34 66 93 7 49 10 56 49 44 6 37 89 77 95 27 1 56 22 63 5 11 67 67 71 80 73 55 43 35 81 100 47 41 40 95 16 96 82 14 94 7 21 30 71 87 61 47 58 74 76
87 64 84 38 37 51 96 25 20 37 34 0 16 74 47 0 42 8 90 11 66 74 67 50 53 45 22 30 65 80 23 44 66 12 85 78 86 6 7 70 14 30 5 81 21 22 51 60 6 100 68 11 91 45 10 83 30 39 30 3 50 12 60 76 87 27 89 100 48 4 31 27 66 56 65 40 35 6 3 100 67 87 66 6 43 52 20 13 24 59 100 15 33 14 14 41 46 49 67 39 78 87 53 93 63 52 60 88 65 41 56 53 70 71 59 94 7 68 18 27 30 11 90 20 44 52 59 63
14 48 94 47 58 14 97 85 60 75 10 77 41 21 27 6 48 56 26 67 52 92 65 89 46 38 72 62 43 48 80 30 18 14 50 38 13 35 98 36 88 72 25 92 36 24 94 34 10 61 64 49 29 39 27 1 27 81 30 96 27 15 31 97 54 58 65 73 49 28 20 50 67 49 70 92 66 86 51 7 26 33 3 64 45 14 75 97 12 30 77 86 77 14 60 16 88 99 14 72 19 73 74 84 96 5 75 41 53 85 13 42 50 85 73 38 4 85 45 35 42 95 94 31 88 20 80 12
87 37 32 84 40 48 70 32 1 68 58 5 53 9 12 51 42 19 29 80 26 100 99 31 9 97 19 96 61 24 12 38 36 12 73 56 47 9 54 54 48 40 56 31 45 66 58 11 94 52 37 94 5 46 8 25 36 16 3 95 77 42 18 4 22 4 17 0 37 49 7 80 19 39 5 57 73 67 49 90 13 64 81 99 5 86 47 8 15 68 97 1 16 79 21 9 68 0 4 15 98 66 56 67 36 7 62 10 58 30 68 86 20 98 61 15 64 86 6 35 82 15 75 58 82 19 29 92
63 29 39 81 70 29 84 15 56 63 10 38 98 21 53 78 32 33 17 63 5 2 38 57 47 65 42 87 48 64 76 53 17 94 47 3 78 12 17 15 63 85 4 49 33 42 75 41 58 39 12 52 93 36 44 62 95 52 30 64 90 21 89 45 13 74 21 35 55 16 51 22 5 52 97 62 36 67 39 69 55 28 1 20 9 89 2 16 6 12 1 1 10 51 96 21 8 32 43 12 5 39 82 18 66 89 76 67 62 80 63 43 54 63 32 41 2 27 23 15 54 14 59 86 1 34 72 79
98 17 56 31 23 95 2 75 41 98 14 51 61 38 84 63 85 29 60 60 12 0 74 19 48 37 58 88 12 14 63 80 9 69 54 44 50 47 89 69 87 27 33 16 19 99 75 29 2 27 31 14 83 47 52 76 19 51 89 40 47 12 59 20 18 22 89 28 29 61 70 36 6 73 40 84 58 68 17 85 44 66 19 9 83 54 14 97 34 100 93 48 5 73 99 82 16 15 55 4 55 32 85 71 73 69 46 94 29 56 20 9 94 68 14 84 93 84 42 85 65 62 88 96 88 49 29 89
53 70 32 98 26 72 9 69 93 11 2 99 70 44 3 12 4 15 46 90 38 82 94 11 28 43 60 58 0 59 2 98 87 21 32 84 92 64 20 8 1 82 66 5 53 98 41 33 64 13 24 64 58 81 1 83 49 79 26 41 40 6 14 82 71 8 5 4 65 49 57 90 8 31 30 25 64 55 22 46 82 52 40 92 50 56 55 20 29 6 32 92 71 13 55 76 34 39 94 6 69 83 44 31 63 93 51 61 36 96 27 76 26 80 55 9 53 81 52 96 99 7 24 39 37 76 72 32
75 45 61 16 47 79 92 26 43 95 94 41 54 57 62 82 11 27 53 50 73 61 47 18 44 94 23 71 24 37 3 54 23 87 48 66 71 98 25 1 0 34 22 93 77 18 35 84 33 100 43 50 10 5 32 41 58 57 31 10 0 54 94 18 65 72 72 99 10 93 39 55 86 17 36 87 25 43 88 60 92 43 63 38 31 39 44 83 83 66 82 52 87 3 82 1 10 32 5 83 78 28 28 71 41 22 11 30 96 53 53 84 96 63 95 51 49 53 4 38 62 98 56 9 42 88 65 33
37 76 79 74 95 56 92 76 1 40 100 31 3 59 83 67 83 42 49 93 100 75 58 74 5 66 3 19 92 55 46 18 81 69 64 92 60 61 77 75 93 92 91 35 17 57 6 76 27 74 99 61 6 88 39 69 31 40 32 20 29 68 48 14 60 50 30 0 82 71 57 31 7 95 70 9 59 15 30 21 61 99 11 84 4 55 73 91 65 19 37 56 80 35 77 24 16 86 67 51 79 2 21 54 19 82 72 29 56 30 36 20 47 62 100 20 15 89 35 97 30 84 30 18 37 88 29 95
90 86 6 47 10 0 30 31 62 88 57 76 32 63 12 30 3 96 65 65 87 79 12 54 13 50 11 23 35 40 1 75 45 25 7 14 31 15 18 40 20 97 93 10 83 19 88 23 74 96 99 64 82 57 93 45 80 36 37 16 24 88 20 12 98 64 78 25 28 2 58 63 54 19 55 83 17 49 35 31 90 60 8 59 61 60 20 84 93 28 30 45 77 61 73 69 23 68 27 57 68 67 8 23 28 37 62 28 25 7 74 2 75 46 36 10 53 15 47 3 60 14 90 4 4 100 54 83
0 1 50 77 97 97 59 21 15 45 69 21 73 45 78 24 73 96 65 85 87 21 46 99 48 66 11 73 38 18 49 79 40 45 77 24 51 35 87 20 33 45 59 89 57 29 78 21 17 78 49 48 39 69 94 21 14 53 35 20 41 42 69 60 42 92 31 23 22 45 77 73 57 52 63 16 54 87 6 31 64 66 7 67 78 47 9 1 81 58 34 16 6 24 87 11 79 70 1 50 29 46 26 28 99 85 2 43 71 48 71 41 97 31 70 41 95 45 34 66 31 79 79 36 33 10 89 87
2 70 69 40 80 79 79 7 63 100 2 17 74 80 1 47 18 7 46 77 27 65 99 36 6 82 28 65 95 0 100 15 41 68 45 50 7 1 66 38 2 35 96 9 27 87 61 69 68 66 94 31 67 76 91 93 62 78 99 8 92 90 21 76 29 29 96 87 59 22 92 47 14 9 51 81 51 64 58 49 72 1 34 59 66 10 23 28 54 95 34 96 22 25 75 33 88 25 84 23 36 26 86 11 37 27 42 13 75 22 29 60 31 92 69 29 58 27 32 57 25 20 10 55 10 29 59 10
68 41 49 28 5 36 58 80 62 0 64 34 55 32 94 67 7 33 77 52 6 26 29 77 15 54 15 81 41 61 45 54 50 32 22 66 37 44 40 39 32 14 18 22 13 2 62 86 42 58 11 66 13 90 2 7 38 35 25 49 30 7 91 4 7 94 4 87 83 62 13 24 100 81 32 83 42 12 65 100 46 82 85 38 45 80 63 25 88 26 95 46 34 55 20 15 20 21 75 19 73 84 56 37 3 28 29 40 68 83 69 19 81 75 77 99 80 94 3 39 38 91 71 49 54 87 21 93
91 52 5 15 63 10 93 77 63 10 98 93 76 31 65 80 24 97 33 44 24 40 74 99 78 55 89 59 18 23 14 9 9 57 36 2 56 32 46 52 66 30 97 91 63 31 30 82 45 50 25 47 5 82 68 72 31 92 32 11 93 97 67 71 50 17 19 90 78 23 30 58 42 40 10 6 49 21 16 2 6 34 33 71 59 85 62 20 90 92 96 7 0 94 87 62 59 20 91 40 35 56 54 78 58 22 7 95 54 20 40 81 73 21 47 50 44 11 27 54 60 64 88 63 3 4 87 69
63 38 15 37 85 20 16 80 32 54 58 82 25 30 53 69 47 22 3 16 41 90 96 6 16 80 38 69 62 73 24 29 79 22 95 50 87 9 24 9 39 11 48 37 10 71 62 5 48 51 4 87 12 79 35 94 75 45 67 38 50 47 99 76 4 86 3 19 37 0 4 4 35 63 83 53 37 40 0 40 45 79 98 90 82 54 44 95 42 30 38 38 93 8 34 21 43 35 66 52 55 3 94 6 71 2 29 93 3 36 88 53 72 75 12 8 40 27 18 12 83 16 69 66 52 22 63 61
53 18 26 64 38 40 94 33 22 97 81 90 51 39 71 24 63 55 90 9 6 41 75 58 18 30 85 16 66 8 69 51 80 90 56 36 19 28 44 6 53 84 13 80 73 26 17 2 27 5 64 53 43 100 14 86 98 73 40 21 4 34 14 16 62 97 20 74 86 17 85 80 18 79 78 45 78 10 27 51 63 78 47 38 72 49 40 45 83 30 81 20 19 86 42 78 48 52 86 26 26 42 9 24 100 32 18 0 56 6 63 25 58 3 22 91 27 92 78 53 46 10 5 65 72 68 21 29
49 43 89 39 19 22 39 5 18 66 13 55 56 60 63 71 8 72 75 4 19 7 58 51 82 0 98 88 79 89 1 99 76 45 1 96 72 44 17 24 85 52 59 9 79 8 77 9 86 32 36 47 74 86 30 11 97 44 29 43 55 54 44 42 79 69 75 28 8 63 95 16 18 13 60 6 79 26 13 17 52 19 33 77 69 95 77 3 47 9 40 37 25 32 28 78 60 6 61 14 76 44 6 41 36 63 40 8 3 78 44 88 72 77 45 46 60 93 83 68 84 10 70 9 8 90 74 4
72 12 59 20 85 65 35 9 84 27 94 95 25 85 22 56 51 34 65 5 92 83 79 17 25 56 17 89 31 17 94 62 15 87 4 83 20 20 22 91 35 85 78 96 65 69 92 77 20 14 44 41 36 65 40 53 20 39 83 78 19 54 38 52 10 92 45 42 82 55 21 22 64 11 62 32 42 76 1 25 8 33 32 19 56 77 59 65 80 34 95 77 83 5 37 52 58 34 27 57 45 70 50 11 86 82 8 41 98 38 93 54 24 52 5 73 19 58 36 23 35 68 94 97 10 82 95 40
89 20 39 89 45 13 51 63 73 73 77 58 20 26 81 7 0 67 56 10 10 73 12 46 99 84 4 18 97 89 48 68 8 71 32 6 61 55 57 64 72 94 29 24 98 29 2 88 43 80 65 87 90 21 58 25 8 63 89 42 0 96 85 77 69 45 89 70 97 41 66 5 94 83 25 64 30 63 82 18 6 71 9 48 53 79 29 8 14 33 22 8 56 81 90 6 89 25 17 87 31 99 82 51 40 28 88 27 32 78 6 55 77 89 21 44 38 50 91 84 55 61 31 15 93 26 77 36
19 8 45 20 23 92 32 43 73 32 47 55 76 17 57 93 51 44 70 51 29 26 29 2 98 40 31 8 17 74 93 57 9 28 15 9 69 17 56 31 42 15 72 80 9 15 33 24 87 47 38 88 76 90 35 41 74 62 43 24 47 62 0 42 53 9 48 96 93 61 31 29 4 46 0 28 55 16 77 26 81 89 60 82 81 76 81 20 19 47 5 56 93 13 37 78 81 64 62 38 36 97 9 28 96 9 23 43 81 92 32 60 53 30 69 97 31 68 31 4 58 22 65 88 93 53 13 33
17 79 41 29 55 33 19 13 49 21 49 75 25 11 82 75 61 1 23 1 65 39 46 95 4 2 96 0 4 65 93 20 90 79 19 4 94 10 45 26 49 97 70 76 22 57 33 52 83 79 1 75 80 22 54 31 48 4 23 36 80 80 81 58 75 87 78 81 14 50 7 69 28 55 17 81 45 15 94 84 33 31 76 17 85 37 16 24 38 40 63 35 89 42 17 27 89 17 29 89 7 80 25 58 92 83 55 89 54 75 64 2 82 85 29 25 22 44 96 23 65 81 76 71 71 4 56 31
15 42 46 74 11 46 33 11 25 32 58 49 29 81 46 69 65 21 67 52 25 46 79 90 70 82 47 16 29 29 44 45 88 83 49 52 22 4 27 56 65 9 26 69 41 85 72 77 77 28 89 82 95 23 74 1 52 66 23 79 52 58 85 74 91 11 59 65 75 100 94 39 73 5 23 45 2 90 13 93 50 13 84 73 1 26 30 97 39 59 21 3 47 53 36 30 34 17 91 32 53 14 56 88 93 69 12 87 27 26 87 36 42 45 46 69 71 79 63 81 49 43 78 71 34 6 97 87
70 2 1 63 96 82 63 73 61 70 18 2 73 13 59 67 50 79 89 48 73 24 30 6 58 40 34 68 85 20 54 49 49 53 45 30 39 39 40 91 74 65 57 31 19 95 56 73 69 87 75 83 16 81 21 25 19 41 54 86 83 53 93 39 92 36 29 45 54 61 14 81 43 87 52 87 1 88 43 8 7 69 47 24 15 25 65 97 90 69 88 54 75 44 59 66 23 39 96 53 49 49 25 59 65 6 53 0 72 76 99 27 76 66 3 38 39 70 73 78 76 46 23 78 34 27 90 30
71 40 40 98 8 99 18 94 28 44 44 17 25 50 96 95 36 61 13 100 15 94 79 42 85 38 29 64 13 64 100 28 74 41 96 47 21 13 99 57 86 28 90 23 52 52 49 37 29 2 73 33 33 29 45 32 62 97 17 32 46 65 23 58 36 11 86 46 16 74 10 87 6 32 93 86 46 5 1 68 88 64 71 51 25 11 95 22 71 12 48 3 8 24 28 74 89 55 69 98 57 49 95 28 90 61 33 67 79 54 33 9 100 85 28 3 79 82 9 39 20 73 71 76 27 15 7 27
20 91 59 45 69 95 14 46 57 49 59 51 1 78 22 71 20 78 41 89 72 9 94 92 72 52 43 17 3 3 8 91 29 85 68 42 68 63 61 57 48 37 67 36 36 18 25 48 38 96 3 45 62 51 65 68 60 83 72 5 70 39 87 80 7 37 58 27 19 69 21 95 17 66 59 46 34 22 71 8 54 16 2 38 33 49 14 32 86 21 7 88 79 81 82 80 66 12 87 86 59 91 25 27 38 12 12 5 92 22 43 77 80 31 56 56 99 6 92 62 7 31 56 50 34 30 86 3
45 95 20 79 81 4 62 78 14 44 95 98 21 99 45 95 54 50 85 74 63 69 56 42 18 58 51 50 18 53 85 36 25 22 10 100 93 17 6 64 17 84 56 31 100 87 54 87 3 38 36 29 70 41 25 48 95 53 74 49 27 98 72 92 12 9 75 97 65 28 7 6 84 19 28 71 54 30 87 65 99 10 4 88 79 22 57 6 41 100 26 76 69 78 7 54 8 19 74 16 84 31 96 83 87 67 20 96 64 3 54 40 82 49 4 90 58 34 22 78 25 38 64 62 38 71 87 65
8 49 21 19 27 36 52 60 81 71 66 9 45 95 33 5 53 53 73 68 8 37 48 97 81 39 5 71 54 75 90 59 59 75 26 84 52 0 23 9 82 62 42 78 63 14 23 99 32 39 88 66 71 42 19 86 39 9 42 0 0 1 66 76 5 38 3 7 30 58 35 14 52 83 10 32 71 68 90 20 17 10 20 90 95 71 83 32 90 36 88 9 12 20 63 99 63 91 78 39 32 6 19 44 25 43 26 79 23 21 53 48 11 9 75 74 25 15 12 78 69 36 91 54 79 14 45 90
20 55 66 77 64 65 7 89 29 1 35 23 92 61 69 73 12 36 84 42 89 17 71 28 18 80 30 82 69 33 66 59 63 65 8 50 76 0 31 7 63 15 5 69 33 19 90 46 14 59 94 79 56 5 37 79 57 89 98 68 43 25 72 31 88 59 83 74 65 80 98 93 18 15 15 13 0 52 44 68 55 78 49 31 40 85 29 68 74 93 68 8 51 20 64 39 80 0 3 66 11 27 68 8 2 50 46 69 64 23 72 19 93 21 90 91 11 28 97 34 89 7 23 56 11 78 56 88
14 65 31 55 82 35 3 98 5 22 20 81 6 71 37 52 18 35 52 0 5 81 64 6 37 6 63 47 80 39 88 11 79 95 41 83 61 62 66 81 31 23 89 18 33 47 30 2 30 90 81 11 18 59 55 71 60 74 32 67 5 45 32 67 30 55 64 9 15 2 36 88 70 65 26 18 95 78 92 68 22 87 77 71 58 39 34 94 7 82 41 81 34 64 67 84 65 95 14 75 22 49 54 37 5 6 75 96 45 85 41 90 82 24 95 47 92 9 88 56 97 57 37 0 5 49 30 21
62 1 39 60 67 95 92 90 36 14 95 57 56 4 8 77 86 58 2 22 44 30 91 55 35 37 58 76 57 70 83 80 6 65 37 39 65 58 66 50 52 14 100 75 98 3 70 43 65 74 99 1 83 6 54 71 73 10 13 100 29 11 48 23 74 66 75 99 57 52 20 40 67 84 67 10 4 82 4 67 98 72 17 11 40 28 86 71 18 16 49 60 8 9 57 46 14 38 76 17 27 36 88 22 38 87 58 69 47 9 79 75 45 62 27 78 73 55 31 51 47 96 65 51 34 91 45 100
50 70 94 41 63 89 79 94 6 35 58 13 87 57 29 85 46 97 87 69 32 74 95 74 48 35 18 23 17 13 51 50 45 90 42 19 34 85 24 23 94 15 48 61 30 22 23 100 84 87 58 18 35 95 6 14 91 28 51 90 80 13 28 63 53 8 29 41 51 0 9 78 17 40 38 87 12 78 41 63 13 80 12 39 85 60 45 4 26 95 69 82 84 19 69 2 66 73 81 28 74 25 94 73 29 40 63 65 39 57 73 63 69 33 23 89 17 51 25 47 15 54 4 18 76 33 99 98
24 75 51 65 66 95 52 50 8 70 39 59 54 60 40 3 53 47 54 22 4 46 17 98 93 52 38 31 85 90 15 43 40 11 71 10 67 62 45 23 76 32 49 79 1 90 57 51 45 83 70 4 83 75 31 18 82 46 71 61 69 42 82 33 27 89 58 89 77 40 68 38 24 40 89 50 89 52 28 20 31 16 37 68 28 57 63 25 22 12 84 23 57 92 74 81 77 88 65 32 60 62 100 36 15 35 46 25 2 80 4 66 70 78 18 96 7 40 71 15 8 65 16 67 3 12 96 85
0 3 52 89 87 54 32 41 85 14 0 70 84 20 25 10 94 54 89 62 98 15 85 22 43 82 33 38 88 26 83 86 97 82 76 24 41 34 25 75 10 68 60 53 77 88 40 18 48 46 78 19 12 4 78 6 1 100 81 11 20 26 99 15 40 19 48 90 93 72 83 26 96 71 87 20 23 31 48 70 86 29 0 43 37 91 3 18 11 12 87 11 46 95 64 20 99 9 65 49 91 62 21 28 82 47 90 32 92 51 1 16 77 87 16 1 72 53 95 62 44 47 99 52 12 33 34 82
78 8 31 70 77 75 91 77 4 19 72 85 70 19 74 24 36 27 44 37 9 80 26 20 48 38 50 19 21 14 18 54 16 14 16 74 42 30 12 62 51 38 14 3 45 85 27 15 69 74 97 75 93 79 11 65 73 11 75 80 31 96 73 87 83 72 48 60 25 14 90 5 91 86 52 5 17 17 98 59 31 55 51 86 39 77 60 83 61 69 85 28 78 98 38 97 59 84 66 1 12 11 17 18 41 68 40 19 2 35 21 86 40 23 62 99 46 76 100 85 25 20 86 95 56 31 28 45
17 54 49 0 26 24 70 21 9 79 23 23 64 42 22 62 41 63 13 38 26 32 63 43 2 76 63 60 38 85 79 74 19 97 65 14 55 2 56 54 100 19 97 16 45 3 85 79 17 87 51 13 27 65 37 69 94 16 38 30 27 79 21 45 86 49 97 23 40 95 53 89 96 88 28 10 15 10 65 44 51 38 11 96 14 43 44 49 75 69 99 21 21 71 92 8 37 87 61 92 68 68 74 91 47 27 8 7 91 14 5 47 76 67 73 81 70 79 21 32 90 54 21 57 30 80 19 0
82 33 61 23 55 99 4 49 93 73 99 53 7 43 87 94 70 15 100 79 21 28 27 37 30 34 49 27 12 95 86 42 49 7 74 78 64 22 93 30 54 29 6 27 94 21 70 56 36 88 5 82 22 99 83 70 52 6 50 19 1 72 39 30 18 47 69 91 63 85 24 61 5 42 19 41 29 21 23 50 5 45 50 29 26 30 4 9 38 26 35 7 47 48 2 37 41 46 95 40 30 91 90 31 72 71 9 15 76 61 35 94 45 99 82 13 48 54 11 26 20 15 28 51 75 49 6 94
55 50 58 66 8 20 75 70 10 22 54 64 59 81 36 3 98 24 19 26 82 48 82 1 61 57 55 15 34 40 58 81 17 0 12 57 45 78 100 68 89 45 97 50 83 36 57 29 56 100 75 69 80 48 20 23 34 79 16 37 67 36 14 16 11 58 40 25 9 34 58 36 98 93 27 16 2 90 50 58 39 13 48 3 84 53 47 71 70 33 90 16 90 29 11 3 26 85 31 59 93 40 36 89 14 12 64 1 96 29 48 35 32 18 2 45 9 75 58 17 21 20 42 41 1 39 60 14
13 71 1 49 55 73 57 51 59 68 29 12 86 50 58 11 60 53 39 83 0 0 71 50 7 37 68 49 5 8 19 33 19 17 6 35 94 43 49 31 57 53 82 58 4 63 54 4 35 22 23 81 57 20 85 8 74 88 12 85 20 97 87 1 91 31 22 24 48 33 0 16 81 13 51 39 3 28 43 99 63 32 6 73 30 1 20 82 89 75 84 63 6 46 18 27 29 8 55 93 0 44 67 96 84 79 1 98 37 27 59 16 87 19 31 43 73 34 5 12 29 80 49 56 85 50 75 59
6 69 24 63 12 98 81 78 52 50 10 58 30 11 33 96 28 81 42 57 75 84 44 96 9 3 17 59 100 90 97 49 7 3 3 4 85 6 97 3 48 96 31 24 82 32 87 73 70 79 67 49 29 84 61 90 58 57 46 10 73 75 64 99 33 10 37 23 93 14 75 16 3 53 96 72 54 83 42 40 29 60 78 70 48 41 71 21 100 42 33 19 10 92 28 81 54 83 11 93 77 29 82 94 6 64 28 25 33 46 82 11 39 48 91 72 70 38 78 30 61 52 91 60 61 7 26 13
35 8 0 41 7 91 44 39 35 33 10 7 36 94 66 20 22 75 69 4 100 85 41 46 15 35 14 91 55 97 29 80 6 59 10 62 4 74 60 34 56 52 16 26 63 61 27 30 43 63 47 73 19 40 39 3 77 32 67 21 8 20 7 25 67 60 49 35 67 49 2 51 68 89 70 40 94 62 16 14 46 75 41 40 8 9 60 89 4 52 84 97 94 19 39 81 15 87 72 26 86 52 36 93 39 6 68 98 20 56 12 47 78 45 23 30 11 76 92 25 91 56 98 94 54 1 53 51
98 28 89 62 74 74 36 24 94 10 61 19 75 90 64 58 57 84 53 33 60 52 10 26 90 39 51 8 10 42 28 65 89 18 99 94 77 97 15 2 61 24 38 22 15 11 35 4 32 25 96 21 22 91 30 87 31 25 98 53 80 44 58 31 61 40 38 28 62 15 87 61 72 73 24 45 100 9 85 5 53 53 100 25 11 83 20 63 10 28 84 41 92 45 29 47 47 93 8 81 24 0 1 21 13 42 27 93 70 14 83 90 24 63 69 96 11 15 16 44 60 21 62 82 68 47 14 18
99 57 57 99 45 22 56 41 100 60 92 80 43 23 59 46 51 41 89 17 97 16 63 35 60 40 74 71 22 94 29 61 20 2 6 8 58 7 10 41 8 86 68 91 19 28 19 79 24 51 8 45 71 64 54 28 48 36 40 81 73 51 47 17 26 58 33 28 1 95 3 37 57 45 23 69 93 30 100 10 99 19 90 97 72 43 72 61 78 14 53 16 43 11 12 60 18 46 92 71 22 94 50 95 15 16 35 99 46 19 84 10 80 16 98 60 86 5 54 85 22 68 4 43 91 86 73 27
94 60 62 86 48 32 34 11 24 93 95 75 89 15 97 77 37 27 34 62 66 66 59 68 31 25 16 5 0 17 76 93 75 33 8 48 96 16 19 91 51 61 18 1 99 70 23 81 23 45 14 48 62 17 95 66 54 62 44 57 26 35 22 64 33 51 52 31 2 6 16 46 50 22 13 80 57 95 68 24 23 65 78 31 16 9 12 90 28 94 85 8 20 52 87 15 41 56 100 18 98 76 72 96 95 71 12 15 73 88 47 0 74 63 79 8 77 4 32 87 23 92 47 59 9 86 50 14
