24 30 31 2 93 87 32 30 35 30 72 34 43 69 39 47 24 31 38 29 6 93 77 46 44 83 38 65 33 75 27 90 81 18 60 88 12 41 22 92 13 26 38 58 41 33 20 45 41 65 29 53 44 56 56 0 33 98 49 92 4 59 59 1 21 16 91 95 74 55 36 19 69 11 16 91 88 88 88 51 17 89 92 90 33 32 4 20 17 9 47 88 44 40 2 21 58 20 3 22 40 62 53 5 21 15 48 44 58 61 78 1 21 67 98 14 18 7 81 61 62 46 38 15 89 100 95 68
6 40 82 2 75 89 30 18 15 67 31 85 11 64 29 93 63 57 2 93 16 56 44 66 78 77 50 89 67 13 41 16 53 26 13 15 43 43 58 75 15 46 13 54 79 32 31 77 32 7 22 81 89 26 91 28 9 4 97 0 87 67 98 70 7 35 57 82 67 43 55 98 27 39 6 68 58 47 43 54 40 49 39 75 29 48 41 27 73 2 81 85 46 36 75 76 44 41 43 83 25 82 98 52 0 35 33 5 51 3 5 58 16 21 27 66 46 46 70 71 63 0 71 26 83 17 71 36
39 11 25 92 99 1 22 66 55 47 61 64 44 34 63 77 49 63 3 6 26 73 46 53 15 42 64 33 53 64 55 6 22 98 18 67 61 100 54 38 21 81 66 83 96 83 37 97 12 36 30 57 60 19 19 10 100 94 36 25 53 0 16 71 23 33 3 16 88 50 95 23 69 70 89 23 34 60 12 7 33 80 76 38 42 2 53 59 5 58 12 19 95 77 2 24 48 31 30 97 0 47 19 3 90 45 82 54 64 55 82 79 53 67 28 98 83 5 69 74 91 8 10 29 62 1 72 18
96 99 19 47 70 75 36 78 33 38 22 67 43 57 56 90 57 53 39 49 9 25 66 37 20 53 89 63 21 82 55 86 46 18 56 24 90 29 91 31 17 98 45 13 79 70 47 55 63 67 41 95 19 6 91 70 2 95 23 3 13 7 58 61 1 36 86 14 67 56 37 88 79 64 3 23 22 0 77 90 51 21 39 49 68 51 53 98 52 88 24 51 95 76 33 76 79 36 4 94 59 24 47 88 56 20 24 40 79 13 52 21 10 69 44 15 85 7 7 93 12 45 50 48 30 96 67 30
63 63 51 87 88 75 17 96 0 11 26 24 52 50 49 12 71 80 31 66 75 10 35 97 43 93 24 1 6 98 67 18 17 17 20 96 32 31 91 51 43 99 88 95 8 15 78 68 13 22 29 7 49 30 81 77 60 98 93 86 21 54 66 50 18 98 53 58 79 27 1 80 37 50 19 89 42 75 69 76 58 78 19 7 61 72 20 96 13 76 38 77 99 42 18 82 75 63 77 19 96 0 39 0 31 73 25 32 46 4 72 44 44 16 61 18 16 19 65 18 50 42 69 70 10 19 27 7
7 70 58 91 78 22 33 43 19 4 51 34 71 85 39 1 16 74 50 27 86 59 75 0 44 81 14 60 97 31 20 40 21 75 68 28 54 68 88 55 14 19 71 43 43 27 55 88 93 31 46 63 55 52 91 48 16 43 42 99 19 10 55 72 28 19 29 90 16 65 76 50 7 26 19 46 41 35 51 13 55 83 42 1 83 18 76 79 86 45 90 92 15 71 16 99 100 19 15 57 21 69 49 15 41 47 33 84 99 61 6 78 79 50 39 58 57 36 64 38 78 21 56 35 17 53 65 17
1 88 17 28 82 49 38 62 82 57 37 8 31 38 21 16 85 13 94 84 97 50 63 79 94 43 97 58 42 43 18 33 62 46 41 6 24 50 66 59 57 30 0 67 91 10 85 77 68 23 2 43 18 36 26 22 48 64 54 36 50 65 20 61 19 62 39 69 7 19 93 58 33 89 82 18 38 61 84 31 7 99 27 61 12 31 12 25 54 91 59 12 91 50 62 2 33 69 98 90 8 75 0 91 33 89 99 12 59 74 34 70 68 99 58 27 50 94 80 19 81 56 60 95 38 57 36 30
50 88 61 78 24 45 82 55 41 6 62 3 10 42 19 69 65 18 82 60 72 93 69 98 32 8 26 83 3 16 78 3 95 64 85 75 28 13 62 22 63 34 100 89 91 55 54 85 28 99 60 32 72 30 60 4 91 42 84 13 98 73 98 57 10 66 56 27 25 38 93 79 38 34 42 86 4 44 93 77 41 13 5 87 58 58 71 35 85 76 84 70 52 86 35 97 69 71 32 19 67 34 85 75 3 40 1 37 18 76 54 88 90 74 37 51 78 88 76 46 18 5 46 1 80 12 10 26
87 77 0 22 68 72 9 97 43 91 35 78 74 93 61 62 67 54 2 80 92 7 28 68 27 8 97 11 27 38 61 17 84 73 69 59 12 40 34 10 89 66 89 71 91 46 71 85 92 25 46 43 10 83 36 0 1 13 42 60 40 76 73 49 50 61 22 26 97 52 33 8 11 56 74 72 72 71 38 58 2 75 4 1 34 32 38 74 58 99 46 96 51 40 66 47 8 78 13 27 58 47 35 14 58 43 27 21 52 20 15 30 10 39 25 78 74 23 71 26 86 82 78 33 72 77 7 35
35 62 42 1 18 48 97 64 48 77 16 12 89 43 46 95 89 25 37 48 0 11 8 87 76 41 88 71 55 47 83 45 0 90 4 94 64 3 65 44 82 89 77 42 27 51 64 50 20 36 75 42 0 56 42 30 53 66 85 42 87 75 18 45 3 24 5 50 15 19 57 71 76 78 41 5 43 35 92 18 19 21 71 81 76 56 54 10 25 92 30 47 9 26 4 63 57 32 3 64 4 81 27 96 76 1 64 44 92 99 26 64 9 9 86 36 38 27 47 67 7 80 75 85 24 31 35 81
37 16 9 74 2 61 26 56 30 27 65 4 66 41 11 6 39 47 9 54 83 98 44 75 93 41 88 58 10 85 44 33 82 7 36 8 52 85 99 37 77 29 48 50 33 31 55 60 92 31 72 100 100 79 78 100 94 35 100 22 25 24 26 51 53 15 17 28 89 12 90 61 48 20 22 74 75 89 29 9 65 52 21 3 13 17 10 62 5 89 36 37 98 78 22 65 50 69 54 6 36 20 51 54 3 49 78 79 8 90 23 68 42 44 15 92 40 31 13 48 99 78 97 58 92 95 90 17
13 79 98 3 85 88 15 23 73 35 31 90 9 55 9 80 2 5 8 86 43 53 45 18 75 39 15 35 98 79 72 45 26 93 21 57 77 90 79 1 88 11 78 53 86 62 26 44 91 43 17 91 90 58 58 70 14 42 23 80 36 6 14 73 25 9 63 92 13 31 85 17 32 31 60 83 19 57 75 99 18 83 95 48 85 39 60 96 13 20 38 48 15 76 49 61 13 42 94 80 66 45 44 73 83 46 11 94 88 40 4 3 3 87 97 71 73 22 48 93 27 70 60 18 29 75 93 5
61 84 56 20 72 4 92 85 93 54 40 66 55 82 38 53 68 95 5 57 16 38 64 44 63 67 4 82 26 22 17 72 56 50 56 4 10 31 16 59 40 85 23 80 16 43 26 51 68 66 12 45 31 99 47 40 1 53 28 38 68 82 61 28 50 61 67 32 55 53 21 96 83 18 83 13 36 90 69 79 91 57 8 46 48 25 12 41 56 50 0 30 28 20 43 55 65 31 48 19 3 87 66 69 43 81 59 32 76 16 67 25 86 27 88 55 25 92 64 16 79 98 68 85 32 83 64 88
45 97 43 41 31 8 29 62 70 29 10 51 55 66 45 90 53 11 9 31 10 72 98 27 68 51 91 91 79 23 98 65 44 21 24 84 11 76 92 10 95 90 76 18 54 16 71 58 39 58 85 72 71 47 33 15 8 16 79 88 80 73 76 18 26 37 87 59 23 79 41 44 30 16 89 79 69 5 36 2 23 36 44 42 27 47 78 60 23 37 67 23 23 92 63 88 32 1 92 56 100 37 62 92 0 100 59 50 25 18 11 89 7 99 72 65 95 83 48 24 75 81 84 57 80 13 53 26
26 79 48 98 63 95 81 54 78 67 9 76 83 15 67 19 35 89 88 48 92 81 24 63 1 15 96 20 94 88 94 19 42 19 87 56 67 96 60 48 79 28 45 7 43 19 45 12 10 39 52 88 18 13 27 47 6 92 81 73 58 45 69 100 45 84 4 87 88 52 20 76 80 84 36 13 93 12 56 31 46 68 31 14 88 88 30 57 21 2 78 13 13 19 34 74 22 35 33 45 23 33 40 66 85 7 15 57 35 29 46 50 10 81 46 58 67 5 97 92 80 18 26 1 84 65 13 77
94 86 41 21 49 42 87 48 75 29 7 37 85 82 95 51 13 32 80 76 52 45 8 40 1 14 50 22 44 71 93 42 11 25 65 34 74 15 55 57 79 93 46 58 79 93 46 5 7 21 72 35 96 81 1 44 54 85 3 25 59 24 19 99 22 90 10 30 54 7 70 42 2 4 62 67 59 54 67 36 39 18 71 3 81 96 15 20 96 28 26 56 15 41 18 47 81 5 71 19 76 75 0 100 99 100 79 56 70 28 87 53 20 62 75 47 24 21 15 70 55 90 21 13 29 19 39 65
87 98 96 7 62 94 7 22 35 3 26 92 52 79 14 38 33 78 26 71 66 82 36 18 97 92 13 66 47 55 18 93 12 55 65 70 81 27 90 96 72 98 88 46 25 34 43 12 2 44 94 12 10 59 60 76 23 44 66 9 18 43 17 8 90 20 56 61 41 86 8 76 64 50 29 58 72 24 36 40 100 6 19 65 93 30 20 56 28 93 75 69 32 82 87 98 19 30 46 15 32 69 78 59 80 27 37 20 31 78 95 55 6 7 40 59 62 59 65 92 20 12 52 72 91 23 27 60
96 89 72 100 45 7 60 57 8 65 31 79 70 28 41 58 87 33 79 36 23 64 51 34 30 55 58 89 77 0 73 94 72 93 58 16 100 42 93 63 82 80 25 39 26 82 24 64 11 73 80 58 69 98 6 49 24 62 90 21 66 92 92 41 26 16 41 28 59 47 96 98 21 48 57 69 65 18 95 26 94 100 41 63 50 77 37 39 33 64 11 89 62 0 89 80 8 81 61 99 20 17 73 40 64 96 66 64 38 1 47 82 10 22 64 60 94 27 86 48 52 85 49 29 4 73 59 47
87 91 39 51 55 69 22 5 82 42 47 8 93 79 57 19 34 67 29 79 19 30 25 6 94 36 91 31 6 96 1 34 6 20 40 80 19 72 47 45 80 63 12 14 81 92 91 92 52 96 58 47 55 69 47 16 39 72 16 78 1 1 19 90 51 58 69 52 56 24 71 22 84 15 100 98 83 83 42 48 93 13 64 93 37 69 43 77 17 34 66 61 9 77 87 20 10 43 99 17 1 61 93 43 80 32 18 18 7 35 39 55 9 54 27 47 1 65 8 27 43 10 39 36 19 95 27 67
64 26 64 46 76 10 5 71 76 19 11 60 25 51 45 33 39 18 90 98 54 39 28 11 49 90 5 49 92 5 68 48 88 51 46 15 84 77 26 18 7 94 87 19 23 59 65 33 76 58 9 43 76 84 30 77 11 46 66 3 5 88 96 47 83 100 62 12 29 35 91 65 38 19 33 53 93 62 82 60 99 12 32 5 38 61 92 59 7 24 67 62 29 55 59 27 71 16 77 28 44 100 52 15 42 49 7 37 27 10 21 10 10 53 56 34 10 58 57 19 98 100 71 0 70 58 9 60
63 71 91 26 61 24 51 43 71 100 29 62 30 24 29 57 56 52 47 42 53 17 29 91 61 29 35 15 8 86 85 50 67 30 7 48 100 79 96 60 43 35 92 96 35 28 94 5 92 27 52 94 37 7 45 25 11 35 17 60 87 74 32 69 8 33 86 10 69 100 93 54 49 13 81 46 25 79 56 37 37 41 58 99 47 16 28 22 47 72 25 63 42 65 5 59 14 82 36 55 73 2 7 89 80 44 96 73 5 0 70 33 77 43 75 15 35 55 48 32 23 35 96 75 24 0 72 72
48 24 32 82 14 44 6 78 1 70 94 57 10 48 7 31 31 31 18 5 76 2 1 59 26 21 40 69 72 32 56 12 40 64 1 95 53 86 15 18 24 1 98 71 20 14 48 43 100 57 98 53 24 40 62 21 61 56 32 32 93 35 66 92 35 56 31 20 67 56 40 30 47 36 58 73 89 89 53 8 90 57 74 4 81 92 14 1 56 73 90 79 40 32 50 37 4 64 23 77 79 97 35 89 65 99 12 82 15 37 21 97 56 54 95 17 60 48 64 54 65 73 55 49 61 65 3 27
38 39 91 34 65 100 58 65 55 2 1 58 50 95 57 58 62 15 0 43 25 35 61 9 61 23 95 75 40 31 41 41 72 54 75 29 49 29 46 89 15 24 17 12 86 46 31 81 80 22 0 34 11 36 1 96 32 99 9 89 87 81 23 64 92 0 5 48 3 8 87 94 29 75 0 15 47 93 75 31 17 26 21 87 91 11 42 25 92 10 29 64 70 100 42 84 74 67 45 19 27 77 22 9 76 45 44 68 34 95 76 75 44 79 97 92 76 88 20 35 61 38 6 42 14 55 88 36
3 88 39 41 83 23 100 73 60 51 12 35 29 37 5 3 90 56 94 35 63 68 31 21 4 9 72 84 67 9 64 75 61 66 59 63 62 21 51 57 30 52 62 88 54 20 9 49 58 17 83 8 6 82 69 95 72 57 30 69 93 5 29 92 22 2 15 92 48 8 12 42 85 67 44 93 99 52 72 68 57 95 38 22 75 93 62 1 79 87 93 36 9 36 26 28 86 72 56 15 42 58 49 19 89 63 49 15 63 1 68 45 46 18 19 73 2 0 5 95 6 24 67 91 52 52 73 2
93 59 81 4 18 6 43 57 21 18 97 11 66 71 61 43 97 100 17 42 16 14 83 69 43 43 63 17 74 43 9 2 1 52 28 76 8 35 65 0 30 81 26 19 38 13 87 24 99 19 82 90 64 82 58 51 99 26 89 45 7 2 5 47 11 64 20 97 44 6 98 79 54 29 15 51 19 2 15 57 51 85 41 35 21 19 23 14 72 22 21 65 78 93 14 16 27 99 79 91 81 59 13 0 6 47 14 78 32 61 4 100 69 72 80 35 93 5 79 90 17 62 6 4 19 92 6 67
28 26 30 9 87 47 45 26 9 21 90 16 97 22 57 100 0 83 67 62 61 69 2 28 2 2 100 100 95 83 100 99 38 96 48 38 60 86 29 33 54 86 11 46 22 30 4 31 34 24 72 25 97 4 56 59 63 3 3 41 13 49 75 71 50 89 20 79 54 33 54 17 28 27 15 93 7 11 33 89 8 56 16 9 52 30 44 7 46 21 75 29 47 79 55 52 72 82 21 89 76 44 45 92 55 71 7 99 81 30 65 14 16 70 94 16 11 61 80 96 21 13 100 63 55 86 38 42
99 48 2 67 39 95 83 95 58 89 13 77 52 4 17 14 15 1 64 85 28 17 31 84 49 52 6 39 96 63 59 28 38 69 33 33 94 78 32 81 4 89 41 76 4 94 14 19 91 76 56 58 85 68 44 17 43 51 74 61 87 51 66 52 93 44 77 15 0 48 33 26 76 6 41 94 63 48 78 80 64 13 36 93 36 66 45 82 61 40 79 77 90 15 33 34 41 57 31 65 87 82 66 97 45 89 97 40 37 37 4 62 20 78 59 42 50 46 25 8 53 75 43 100 26 33 60 91
24 96 0 19 81 4 90 80 26 28 63 43 72 94 92 64 13 7 12 54 21 56 32 34 44 3 86 27 7 18 87 27 41 66 62 18 94 28 77 15 21 92 48 78 78 82 78 100 53 99 41 10 57 85 69 29 40 32 68 10 12 29 83 62 22 65 96 3 45 87 59 1 0 19 7 0 66 41 31 46 9 100 46 40 70 15 57 13 22 48 17 80 19 82 46 68 97 1 83 40 4 20 35 54 65 30 2 2 26 60 60 47 34 56 44 83 34 45 85 86 84 42 79 63 87 71 3 99
82 53 66 50 44 49 23 46 57 94 23 79 78 83 96 89 53 76 81 24 20 75 58 2 78 52 37 90 12 34 58 3 100 38 34 43 70 38 84 3 65 5 64 7 72 19 6 90 89 99 38 81 100 49 13 53 69 6 71 85 93 68 72 35 8 80 84 51 36 47 99 4 9 0 25 49 54 26 43 41 19 27 53 47 84 35 18 49 78 30 47 93 72 99 67 69 39 65 64 94 35 38 76 47 41 38 21 86 86 81 50 85 90 30 76 43 72 98 12 94 51 7 77 74 41 89 83 81
33 89 31 20 70 37 4 82 6 12 93 83 92 94 78 41 7 34 59 81 68 69 29 10 94 72 47 48 21 29 63 83 60 57 21 46 1 50 26 74 55 50 35 30 65 57 61 87 81 95 69 63 68 81 64 1 27 32 10 69 26 58 63 4 73 49 32 99 18 1 1 74 33 92 100 58 65 26 29 35 12 15 44 39 89 65 51 26 75 18 88 74 51 76 50 37 1 100 28 18 75 95 23 46 3 61 73 76 39 98 80 71 100 53 22 21 62 10 17 71 16 25 59 81 1 81 25 91
91 11 78 48 50 60 85 0 7 57 0 84 6 28 24 60 24 66 46 100 6 56 60 49 86 50 40 74 14 2 6 44 4 47 21 41 80 27 37 62 54 88 12 11 64 87 93 73 85 49 61 7 100 11 81 19 14 95 6 49 20 56 34 45 81 59 73 10 44 47 65 29 62 75 40 20 18 33 46 51 82 86 72 58 23 40 91 34 60 89 72 49 36 31 36 36 9 62 80 80 22 43 82 10 45 92 26 5 11 7 45 59 81 6 49 67 42 8 39 9 95 14 49 51 25 57 45 27
39 77 50 77 75 8 16 55 28 5 26 93 71 52 27 5 56 72 96 38 30 95 0 88 24 55 31 14 57 83 48 66 3 20 10 75 88 2 41 14 7 23 2 39 15 91 7 22 60 37 66 8 93 98 2 23 70 43 93 45 36 25 53 46 1 58 29 33 16 56 5 46 68 8 85 91 60 94 91 74 22 28 77 24 62 10 29 33 36 96 68 27 29 68 54 25 42 8 29 74 89 83 7 35 49 27 14 43 6 24 67 65 15 98 39 68 97 17 8 62 17 85 92 97 61 97 79 74
67 51 80 88 40 88 23 38 1 42 20 98 96 36 23 73 21 39 12 59 57 62 42 82 87 27 12 83 75 11 69 61 11 73 64 90 44 93 95 67 60 33 89 84 14 91 41 11 62 76 9 64 81 72 82 76 91 19 66 33 65 19 42 20 77 53 69 88 37 22 98 63 33 89 87 78 38 22 4 59 90 100 4 23 96 87 46 51 60 39 67 97 0 62 90 7 97 65 47 49 12 37 99 89 49 74 91 17 16 92 60 10 48 60 10 12 37 80 23 78 58 42 79 95 62 60 55 72
96 7 69 68 99 34 72 62 89 61 60 86 69 84 27 28 99 70 63 19 11 74 14 47 83 23 74 83 34 60 77 21 32 15 8 4 16 50 54 80 62 99 81 89 20 31 25 59 40 89 82 100 48 89 20 92 33 56 45 33 73 68 50 42 6 77 25 22 18 10 6 92 86 50 99 36 14 18 10 71 100 91 93 67 42 25 15 34 35 94 62 82 30 73 89 33 82 22 48 63 33 8 11 53 98 5 46 40 0 31 73 94 81 19 36 43 49 1 85 49 29 85 26 48 28 38 95 64
38 27 79 27 64 63 3 95 0 55 63 100 64 0 37 86 53 18 3 99 31 97 93 33 17 1 57 63 85 76 75 25 9 78 77 81 98 11 12 16 86 5 40 93 63 93 91 97 29 8 87 54 73 44 43 16 41 83 86 3 81 21 93 58 82 51 51 72 24 73 61 86 50 34 61 20 78 45 17 90 86 58 58 80 58 8 39 44 77 40 80 99 91 31 28 7 10 4 10 10 73 53 52 64 17 37 66 100 99 96 23 33 32 58 100 81 29 71 98 13 78 68 68 42 89 3 20 1
97 66 49 24 62 18 76 38 68 58 13 63 55 22 6 80 68 85 94 84 52 65 99 62 22 0 39 45 6 64 99 76 59 69 24 9 48 10 68 14 32 45 63 86 60 9 42 11 47 42 100 79 70 54 97 57 69 48 36 27 9 70 81 90 81 55 2 83 16 66 54 86 48 14 88 13 56 16 53 89 26 56 17 94 81 59 20 42 69 2 88 79 56 49 88 33 97 100 31 76 48 2 19 55 3 84 46 47 73 80 100 5 100 79 45 16 74 38 76 29 77 69 39 34 40 60 19 15
56 18 84 92 70 54 62 98 31 5 11 39 24 88 5 3 70 51 85 97 78 65 74 4 8 97 22 81 86 73 52 74 59 12 87 68 50 30 28 61 81 42 0 72 91 18 52 58 87 33 48 55 5 74 19 1 15 92 92 41 21 56 97 12 60 92 61 4 34 64 48 25 96 3 86 12 58 10 37 71 47 68 6 1 11 29 28 53 96 43 59 28 12 6 14 49 83 91 13 26 45 13 75 60 50 97 45 58 55 5 98 56 54 42 66 70 15 64 44 54 88 90 97 43 65 19 18 24
79 17 37 57 67 85 54 59 0 0 58 84 78 91 35 91 60 78 8 17 100 81 12 22 71 70 85 69 28 43 11 98 83 12 62 79 73 17 16 33 96 56 44 87 40 4 8 89 14 98 4 52 42 9 82 17 48 10 43 88 2 26 62 59 86 80 51 76 39 40 12 35 91 13 78 56 19 17 83 45 72 40 63 86 91 6 6 83 68 29 82 52 3 30 62 36 37 58 83 38 31 7 75 58 77 61 79 19 23 72 25 1 71 26 58 43 37 38 9 10 24 87 73 42 37 24 53 77
98 64 35 37 6 67 38 97 56 81 83 41 85 99 57 46 37 73 93 42 35 43 64 4 78 75 100 91 71 53 94 2 22 17 67 99 94 62 1 36 75 47 14 92 82 58 74 71 60 88 67 21 80 37 52 28 33 19 67 78 4 47 74 63 25 98 63 88 58 54 19 22 49 22 14 49 15 58 66 35 92 49 52 70 76 36 75 48 16 100 21 42 76 80 28 62 43 10 41 15 3 67 45 79 90 62 61 24 47 0 4 43 54 99 38 15 19 61 95 32 80 70 26 85 38 25 65 26
82 98 27 59 33 45 56 8 2 50 86 30 62 62 62 93 99 52 18 6 74 49 40 10 99 33 91 21 21 35 95 35 54 18 88 45 73 17 5 51 59 75 14 32 19 12 62 56 17 90 17 82 71 50 1 22 96 56 78 43 55 50 8 29 12 35 36 36 27 27 92 8 26 8 4 81 72 29 29 50 24 60 17 81 52 2 60 28 91 28 65 1 93 59 92 19 67 15 56 83 63 70 47 9 79 15 70 58 1 53 41 0 99 8 30 64 80 23 79 5 53 0 32 54 31 99 47 34
26 25 74 19 89 76 13 32 37 41 100 2 80 37 46 45 32 77 70 7 28 39 83 10 2 38 52 100 14 28 57 36 97 18 69 84 98 15 5 98 11 64 13 93 98 1 40 88 34 93 37 16 64 8 75 24 83 7 47 95 6 17 56 12 72 41 81 81 74 98 97 70 14 47 26 90 9 55 20 92 74 69 31 2 13 42 77 28 52 24 49 71 37 69 45 66 48 67 12 79 96 18 84 1 46 37 88 25 71 81 97 92 53 92 19 88 58 90 98 72 44 27 98 30 10 62 75 47
18 89 64 6 95 31 50 42 8 90 5 72 11 29 7 13 74 50 57 64 0 84 65 60 14 82 33 42 76 24 76 83 42 94 64 87 96 78 72 88 27 68 0 19 16 74 96 8 40 19 27 57 80 87 24 71 22 14 91 52 46 30 27 87 84 40 29 70 25 100 52 77 75 43 84 16 20 68 24 32 62 28 53 3 40 96 51 64 32 31 42 52 69 20 34 67 27 16 64 42 13 12 33 13 31 3 67 73 71 5 88 5 15 65 40 0 87 16 44 6 85 47 86 7 40 21 42 69
29 60 72 26 30 61 6 67 41 22 53 95 73 11 20 82 77 46 99 8 7 65 98 40 83 26 91 72 44 50 99 28 82 62 57 92 10 3 2 88 14 37 7 14 6 38 9 1 49 57 0 80 59 25 81 18 22 99 56 58 72 16 53 90 43 12 94 31 55 13 99 38 57 0 62 27 15 27 37 51 20 46 44 91 38 21 36 23 0 94 96 28 59 18 26 34 78 74 87 6 70 34 21 51 6 22 72 81 18 36 24 37 25 61 93 21 42 31 81 55 97 7 66 87 71 56 0 72
10 44 41 91 38 97 30 56 3 63 82 36 6 38 35 11 1 18 13 3 79 19 64 29 1 97 44 8 79 49 31 78 2 49 48 24 83 14 58 99 1 85 24 25 6 49 56 99 8 26 26 93 41 43 58 82 60 100 40 76 5 36 88 26 87 13 79 27 56 11 65 73 68 79 41 75 70 31 0 10 51 55 23 35 94 9 37 88 53 20 2 27 39 42 83 100 100 70 68 53 37 66 89 73 40 60 42 18 12 19 47 72 25 63 30 96 52 17 31 12 54 72 100 32 85 0 27 32
19 79 72 44 79 6 77 56 66 98 72 58 54 64 18 51 9 53 34 42 44 31 88 80 10 18 30 23 37 66 39 61 13 52 41 89 60 71 35 31 54 84 22 35 47 88 43 52 40 9 21 61 71 57 86 8 48 70 76 80 71 59 82 13 95 51 8 13 96 79 42 83 98 37 57 84 65 66 70 64 92 43 53 30 9 38 24 92 43 50 79 40 12 98 93 24 11 25 24 39 83 2 64 64 92 79 36 71 81 17 64 81 58 61 82 89 75 59 58 92 14 51 97 33 33 58 62 73
17 97 38 18 98 79 12 19 26 70 99 40 39 21 85 42 62 80 33 66 77 6 40 60 85 46 86 68 89 28 18 6 42 71 61 93 5 23 36 41 47 32 40 51 21 45 78 8 90 52 72 97 49 59 16 55 60 10 20 42 39 84 84 83 75 40 40 96 49 59 16 97 46 24 13 81 33 57 21 95 42 52 94 11 19 12 63 44 9 22 87 47 100 95 8 73 13 81 21 20 13 36 29 81 37 98 91 26 20 94 52 6 95 63 67 8 14 95 30 33 9 67 0 52 93 18 45 5
96 57 80 59 14 66 86 76 11 17 85 76 8 75 38 28 44 26 71 55 33 56 75 91 34 32 67 58 89 95 31 13 62 44 77 69 84 60 69 76 82 21 35 32 68 70 7 85 100 61 14 50 6 3 28 24 24 33 40 60 5 89 7 60 66 12 56 22 17 37 74 74 87 13 8 12 6 18 53 56 23 8 87 88 33 87 85 22 73 0 18 8 14 1 52 84 50 62 26 41 91 70 28 86 99 96 6 70 13 62 93 25 60 86 20 96 22 99 92 46 6 22 5 92 97 6 85 1
71 49 15 46 23 39 65 76 31 35 57 58 46 64 37 60 30 62 51 89 72 48 29 20 28 89 7 5 96 2 77 64 54 45 85 70 30 20 85 76 59 67 37 45 48 18 17 42 26 72 27 2 49 87 59 76 92 30 64 44 2 38 39 34 29 74 79 73 73 54 6 80 93 71 15 40 22 99 87 48 43 25 12 90 50 13 26 24 27 12 52 57 42 90 17 48 38 81 28 56 38 2 98 59 5 7 99 71 38 66 79 67 61 55 10 48 54 94 100 84 6 97 81 46 94 96 60 69
14 56 69 89 16 31 3 94 11 39 26 4 15 59 1 69 75 86 9 69 58 20 29 34 59 23 68 34 10 20 59 58 0 48 65 21 0 48 49 20 62 7 35 88 90 36 6 25 79 44 46 50 72 63 42 97 53 36 38 12 76 11 37 31 43 39 93 81 100 58 40 27 33 49 40 30 40 30 7 55 88 34 39 70 66 54 96 66 69 79 1 18 20 52 5 80 94 68 94 26 21 75 7 72 25 92 53 11 74 98 80 42 52 8 90 47 40 35 93 79 73 12 53 60 15 26 94 93
45 51 16 45 49 92 82 7 56 73 47 50 7 3 49 13 10 100 26 76 13 31 92 62 38 4 90 44 92 26 60 25 82 98 64 46 16 37 12 65 63 35 100 45 100 73 18 69 2 65 89 70 2 94 82 11 46 94 10 9 30 75 38 29 66 67 31 27 7 85 82 17 68 93 73 43 18 84 30 22 83 83 77 84 20 34 79 99 28 47 40 2 81 83 94 57 58 34 49 38 95 53 62 59 21 60 9 38 56 80 15 96 92 55 84 9 31 95 63 91 51 36 63 86 93 88 52 73
91 67 78 50 98 30 39 33 37 62 67 37 82 69 59 78 76 38 22 58 24 42 97 82 17 89 12 30 31 60 72 96 4 31 86 27 40 47 10 50 6 32 64 83 75 35 15 40 87 10 69 37 44 64 15 22 6 92 50 69 7 0 91 53 95 54 64 65 10 6 82 10 73 64 74 56 23 8 4 96 58 32 32 54 75 20 39 4 25 87 83 97 96 29 7 64 31 42 69 29 8 47 71 59 47 80 85 58 81 12 92 38 40 80 44 51 46 74 22 7 42 7 81 42 66 32 16 100
18 93 68 2 58 4 78 4 60 22 79 36 15 31 51 85 72 0 72 58 22 65 52 28 95 96 68 44 35 72 71 77 58 91 73 57 22 53 34 74 82 0 14 37 79 97 79 80 46 12 55 52 24 62 56 83 68 88 70 32 0 50 92 95 30 39 12 5 4 51 38 4 72 12 25 58 8 20 50 95 41 26 28 26 25 6 92 50 35 60 10 21 90 72 57 32 97 33 29 14 56 86 17 23 11 2 90 91 50 56 34 22 21 72 0 39 46 88 9 90 56 5 65 36 63 59 89 62
26 38 82 25 69 29 4 8 24 22 44 8 76 25 16 3 32 50 91 4 27 77 70 3 29 28 56 80 66 69 84 91 85 45 99 32 78 64 1 35 74 27 75 71 56 83 14 6 58 62 19 98 69 31 94 69 24 15 42 10 94 21 62 75 2 31 42 45 79 46 71 5 31 8 22 2 61 51 63 87 83 58 56 57 11 60 1 48 50 86 18 19 50 5 5 78 49 30 28 73 87 74 30 92 5 34 85 64 53 82 60 20 49 94 82 17 17 78 24 43 41 16 44 87 79 28 86 21
41 36 15 88 49 66 92 29 84 81 45 24 5 23 19 19 10 79 24 100 26 73 64 81 16 85 73 70 86 65 94 50 98 94 14 80 33 33 61 71 35 83 97 30 9 56 52 28 89 66 27 61 82 20 30 25 88 81 22 73 75 33 6 97 0 44 44 90 93 2 17 35 51 38 88 35 79 27 14 96 22 27 94 8 95 38 91 42 71 69 74 16 37 95 4 46 58 33 4 39 80 70 18 25 96 62 30 0 41 86 14 59 21 43 69 65 10 99 28 58 47 32 2 18 84 43 21 18
46 41 19 63 44 98 53 57 10 68 1 93 60 52 6 45 11 42 32 9 51 11 88 80 6 82 27 3 76 31 40 68 87 98 75 8 69 76 93 100 36 23 74 37 9 93 54 80 86 54 20 27 57 24 16 0 86 25 69 35 87 4 92 72 32 95 58 79 22 65 9 6 30 70 28 48 48 88 21 74 12 50 28 0 5 38 72 71 36 71 31 75 100 12 67 16 27 22 22 64 61 35 8 58 52 25 43 45 8 4 42 99 84 21 81 87 23 64 90 19 20 11 42 14 6 3 0 44
74 58 85 52 5 18 47 20 87 70 62 47 92 77 2 93 86 55 77 25 58 66 39 72 34 88 61 55 71 11 59 57 69 78 53 73 97 56 10 94 39 19 98 81 42 70 80 96 8 42 7 0 24 12 57 59 55 96 57 91 61 39 13 43 19 35 91 7 39 62 41 99 93 57 53 72 88 66 55 44 84 51 9 75 52 46 88 51 53 4 91 52 48 34 2 74 90 53 61 100 45 52 46 97 45 9 12 18 0 0 87 36 58 33 93 35 79 63 8 80 30 19 22 11 39 81 58 19
68 9 97 9 67 42 76 38 34 87 86 71 91 44 87 82 91 60 39 50 2 3 64 24 51 60 0 42 43 70 52 47 25 15 65 91 44 26 69 52 80 56 11 72 50 10 23 88 54 63 81 64 24 98 78 84 38 5 6 92 4 77 98 44 94 86 0 51 19 51 100 27 50 31 95 2 96 73 69 76 3 30 33 78 67 50 43 9 56 0 79 60 36 41 53 25 3 56 68 97 43 35 70 61 40 17 91 44 28 73 96 84 35 80 25 71 97 41 95 65 63 55 57 21 56 38 30 66
47 3 19 97 25 58 60 19 45 100 31 56 32 7 58 46 19 90 78 91 56 4 56 5 82 38 12 75 15 39 50 19 92 18 17 5 57 52 64 13 41 34 31 1 49 3 55 52 56 64 34 68 56 97 64 20 41 72 98 80 9 33 74 83 92 33 21 90 22 36 78 86 62 40 26 50 94 11 7 85 4 29 64 59 86 93 14 66 69 8 6 54 73 82 95 28 47 4 9 88 83 52 8 63 91 28 41 37 46 8 58 3 36 33 99 16 48 18 69 84 20 16 64 22 51 47 55 46
29 65 85 44 82 41 4 38 4 4 9 94 86 64 74 39 27 71 42 17 11 10 28 93 90 81 90 92 33 38 95 13 19 17 32 75 16 56 70 89 37 66 58 65 68 14 15 73 40 80 58 55 54 36 97 17 100 9 22 76 29 61 41 46 81 96 81 67 70 18 71 92 64 8 18 73 71 58 42 83 47 99 20 88 57 83 45 30 0 95 86 90 30 75 10 40 80 46 91 84 46 68 90 77 99 3 31 64 62 33 38 88 76 28 81 48 94 71 64 100 77 2 50 14 22 66 11 4
30 66 11 71 23 35 2 10 22 74 38 29 63 49 86 48 28 50 32 17 32 38 50 44 1 60 36 4 15 55 95 72 39 99 63 58 84 35 7 74 85 41 9 87 95 5 62 99 58 89 14 53 99 78 89 99 2 34 8 34 56 57 8 5 23 92 84 44 58 41 13 86 64 6 24 96 61 47 6 81 82 60 93 16 18 15 22 55 38 74 85 80 57 71 94 23 0 32 44 97 82 99 5 81 13 80 79 28 14 22 48 95 23 30 78 89 62 79 64 40 44 45 34 47 12 59 89 75
91 92 58 79 99 7 6 64 28 25 58 89 24 44 42 25 58 66 45 19 62 62 18 8 73 66 54 0 95 94 8 77 54 39 51 49 42 75 17 56 21 27 97 10 90 82 63 16 11 85 31 59 96 57 86 3 24 24 69 3 35 12 96 94 35 33 71 59 34 76 18 43 36 16 61 100 90 87 98 94 74 40 67 67 80 85 44 63 76 40 45 53 24 22 13 16 14 89 15 28 20 88 19 29 24 5 77 34 55 89 50 92 97 70 87 97 31 75 38 36 99 5 63 73 56 10 54 23
2 8 6 73 98 54 99 50 98 86 91 34 30 93 28 68 28 76 68 53 37 65 22 67 44 100 64 92 66 55 36 61 69 69 76 90 79 100 26 86 43 36 13 20 97 5 72 60 16 41 88 71 90 9 74 98 83 24 23 81 10 32 34 76 84 65 32 50 7 4 44 83 82 95 73 84 19 37 86 52 36 70 76 24 99 30 86 67 43 70 5 12 69 78 22 12 59 76 16 60 81 61 31 31 21 37 44 5 88 95 59 28 23 37 12 88 37 61 80 96 76 74 35 40 89 38 23 52
72 62 21 90 61 94 91 46 48 92 54 54 46 87 27 59 31 93 24 73 97 52 53 70 7 10 93 41 27 57 100 44 17 38 43 33 24 22 18 88 26 88 58 69 52 86 66 47 62 43 98 41 70 75 45 76 70 6 20 72 65 80 8 93 46 90 67 14 62 65 67 72 93 72 42 18 25 99 42 9 87 51 17 24 24 28 77 66 1 51 50 55 71 19 24 63 98 59 76 15 86 38 19 51 90 6 46 12 86 2 44 78 70 86 92 30 54 59 40 44 29 4 51 17 27 13 33 6
47 7 63 50 28 73 98 1 0 54 16 25 93 78 35 37 95 13 0 80 60 34 35 79 67 58 57 55 29 14 0 44 58 85 3 1 71 58 40 64 56 40 86 67 100 50 43 56 7 84 66 32 21 25 70 6 12 36 18 46 67 96 24 32 74 7 98 96 69 2 81 31 8 21 46 71 39 90 14 77 10 87 78 48 43 29 29 97 68 49 67 67 69 20 43 86 80 3 29 44 39 50 5 22 6 18 47 94 98 88 35 8 71 94 78 99 69 23 35 69 64 44 32 83 83 75 40 87
80 77 13 20 45 89 72 39 40 89 52 29 86 30 88 9 44 55 63 79 77 79 30 76 61 81 84 37 48 88 71 84 67 29 41 6 11 75 67 71 25 61 26 39 32 68 32 66 9 37 5 78 32 1 33 69 64 44 42 96 19 77 42 6 18 41 24 79 29 18 71 14 51 54 10 98 99 96 63 4 56 80 14 41 57 15 49 62 82 41 28 79 33 58 27 40 42 78 38 51 2 56 61 52 2 85 31 83 29 25 25 29 88 100 93 31 65 57 43 20 61 0 81 80 98 8 94 50
19 10 57 66 46 35 3 35 46 18 26 82 52 99 34 19 33 16 39 6 97 51 9 2 68 25 65 16 35 64 95 60 69 42 23 43 52 7 6 24 91 56 4 14 70 98 90 98 50 48 61 3 4 74 37 63 6 15 71 91 31 95 84 21 59 7 48 10 86 21 49 79 13 21 94 29 22 88 62 86 98 67 10 76 97 80 100 85 96 45 16 21 46 94 55 1 96 82 42 52 6 53 41 27 88 21 88 28 57 1 4 91 37 68 12 22 28 28 48 58 73 7 22 46 69 67 6 55
44 59 4 45 27 52 67 88 17 5 47 23 71 15 41 93 70 47 48 16 56 40 56 0 55 48 10 0 25 8 58 92 62 11 24 10 28 40 4 77 73 35 96 18 44 67 74 53 98 3 56 87 70 80 2 50 70 29 19 39 66 46 67 90 2 46 20 90 68 35 86 25 22 77 76 69 21 37 69 28 93 19 62 71 62 7 73 2 37 54 8 18 47 25 33 65 58 12 44 97 99 34 58 22 80 80 99 56 97 99 99 65 55 49 59 13 61 54 70 87 84 57 34 98 81 16 85 68
51 43 80 31 30 41 10 28 35 13 54 39 89 35 93 74 12 10 45 6 48 1 100 18 85 81 100 36 47 47 40 90 49 38 7 6 9 57 13 87 79 10 77 65 100 92 79 24 37 99 87 45 65 51 8 25 2 90 30 76 54 27 43 31 3 87 64 61 5 25 20 75 39 44 9 10 10 97 63 33 48 34 31 16 3 61 96 86 73 35 90 12 46 67 35 91 15 2 32 59 16 97 45 75 34 52 58 21 27 43 72 14 57 54 12 13 63 80 2 1 75 28 96 25 59 50 41 1
20 59 2 38 49 47 69 93 25 9 70 55 59 87 98 4 29 52 77 10 9 73 19 53 36 92 2 98 8 46 28 29 30 72 50 15 14 24 28 64 36 98 47 43 79 88 73 100 62 64 1 63 75 17 26 24 90 21 58 84 35 94 33 21 32 47 60 38 36 6 94 74 78 17 75 64 54 48 82 99 45 78 32 36 34 60 95 35 68 96 19 84 61 33 72 7 82 10 34 64 4 26 67 59 39 60 55 71 94 22 29 4 31 46 71 27 34 28 22 92 81 94 73 50 45 78 23 24
10 73 9 41 44 9 31 30 51 28 85 23 26 87 88 26 62 63 3 52 56 59 50 92 100 58 66 45 64 96 41 28 32 43 58 98 57 36 21 73 49 47 45 77 0 91 33 2 4 4 26 78 49 0 23 33 90 40 88 93 2 68 61 91 34 67 66 93 20 27 83 34 7 91 67 48 11 89 88 28 66 76 82 68 4 62 37 33 14 47 36 77 39 19 96 88 61 91 0 41 90 49 49 59 75 65 70 96 54 63 88 72 68 76 0 77 64 85 16 14 21 77 42 11 39 32 86 33
17 87 44 5 86 41 41 79 77 6 17 15 33 91 59 89 55 77 15 70 34 45 50 50 42 94 31 82 34 25 46 16 69 89 22 16 20 1 83 9 64 9 73 82 100 67 84 2 29 60 80 8 8 86 69 26 92 47 55 27 84 91 65 72 90 37 38 10 17 53 76 8 45 23 76 44 80 10 76 74 63 82 24 0 84 86 31 72 58 37 92 59 96 19 34 89 8 62 92 18 59 42 88 75 75 89 81 59 26 52 79 69 22 81 89 92 68 44 90 5 29 57 72 60 15 57 62 64
72 73 71 72 33 14 71 100 29 12 58 46 34 39 71 29 10 44 90 42 31 13 38 46 31 82 58 78 82 56 49 48 71 96 4 29 6 23 21 41 94 100 47 91 44 34 63 55 29 72 64 13 23 47 32 43 44 32 2 36 86 38 57 69 11 70 50 53 29 49 69 100 82 76 15 57 5 16 74 72 43 9 48 85 3 83 98 40 99 87 91 10 92 39 94 95 95 66 32 79 3 20 46 100 23 24 97 50 96 48 18 39 73 49 29 67 34 26 3 85 44 67 81 83 97 90 30 27
35 6 0 52 11 5 88 60 21 79 94 32 5 77 19 71 92 85 38 79 17 27 60 9 34 9 75 27 55 41 75 36 44 24 57 40 76 80 68 77 84 31 18 41 10 40 98 6 18 83 48 39 96 20 22 26 17 35 27 83 69 69 67 69 3 59 77 12 83 94 9 96 81 37 71 35 31 37 10 53 70 0 72 32 36 27 37 86 76 81 22 79 48 81 30 53 97 40 100 13 0 83 30 56 49 91 64 12 30 100 7 50 85 20 79 56 5 58 7 95 38 56 20 57 70 73 21 17
87 96 5 82 59 49 57 33 21 2 63 12 25 98 3 36 80 0 0 76 27 43 100 89 41 97 66 40 0 25 98 66 69 9 7 63 98 10 43 50 69 17 23 68 25 44 33 35 97 4 87 90 1 96 90 29 29 83 39 66 63 41 9 78 59 84 85 35 71 61 26 16 36 97 18 99 73 11 56 51 57 20 33 39 38 30 70 33 4 41 39 74 91 23 88 20 60 44 36 53 53 96 88 8 86 7 100 96 26 94 39 11 6 84 76 91 51 90 47 45 83 91 61 77 59 74 18 22
62 80 42 81 34 82 14 42 75 79 38 76 15 98 64 54 33 28 24 73 1 95 72 57 65 32 57 97 7 20 78 67 57 63 15 40 23 64 64 15 38 31 41 94 87 73 44 28 6 11 13 76 0 55 100 94 77 15 12 48 43 25 87 99 85 73 18 78 32 72 36 16 0 2 15 28 30 1 24 39 26 57 73 38 63 19 36 47 1 90 11 89 26 6 64 99 96 97 46 20 72 7 47 34 100 86 100 51 78 3 68 4 95 77 55 75 17 12 96 83 74 21 18 78 42 66 95 28
75 31 38 11 100 62 69 68 67 62 45 50 57 20 21 97 55 51 23 12 35 42 0 19 31 36 36 7 53 88 1 48 15 33 55 71 99 43 13 97 27 41 43 87 63 93 98 87 67 12 84 6 52 99 27 85 94 59 37 42 6 23 26 35 33 100 16 68 61 77 82 94 18 100 15 52 99 79 6 75 75 89 88 29 40 92 68 85 78 80 51 57 54 11 48 77 74 4 40 19 54 0 86 30 53 2 65 52 0 37 9 68 8 17 43 40 69 3 28 36 26 82 63 92 24 7 48 61
79 88 76 63 61 15 36 87 20 70 57 22 30 7 39 58 49 52 26 65 18 54 18 54 10 28 75 5 12 57 81 14 44 43 38 32 14 27 74 59 49 43 14 17 80 99 24 66 29 45 36 84 89 54 38 1 16 19 73 38 20 18 83 71 94 89 68 94 87 31 30 98 80 28 93 10 48 70 44 6 31 17 53 30 85 24 90 23 68 28 92 11 12 45 92 6 84 28 25 98 55 68 68 20 66 56 21 88 35 90 46 59 7 37 72 2 1 43 89 87 1 48 48 71 20 29 75 25
98 49 12 85 16 54 79 48 87 12 70 73 98 85 69 91 85 88 34 79 52 57 36 21 43 57 78 29 73 7 58 68 55 53 31 2 41 15 99 13 86 61 75 13 63 63 61 15 43 8 77 54 29 59 83 51 74 81 71 92 99 83 9 69 20 39 64 59 87 55 12 37 54 16 91 75 35 6 30 45 86 97 41 40 8 29 58 81 93 15 14 76 21 86 13 43 32 87 58 32 76 1 45 32 8 76 69 84 59 88 97 5 46 82 65 89 86 31 95 42 38 82 94 81 96 82 34 48
20 76 37 33 31 23 6 11 9 22 63 54 78 67 81 83 22 19 36 14 55 83 13 35 3 2 37 91 41 15 8 49 45 60 11 24 49 77 14 96 53 8 29 22 81 48 43 22 81 98 29 71 24 80 36 20 87 44 57 50 47 37 59 20 34 67 53 75 28 7 94 52 17 55 80 37 12 5 12 72 18 33 40 25 67 65 28 77 20 53 63 86 96 3 98 83 68 80 32 56 0 39 64 34 97 78 39 29 69 41 55 74 33 70 61 59 80 71 39 46 78 54 4 91 14 81 91 85
91 57 86 40 53 48 12 91 54 29 85 21 94 88 68 30 78 42 65 28 81 18 95 3 95 71 21 89 94 36 45 13 47 62 16 87 83 1 95 68 58 57 55 30 92 58 53 51 69 70 93 48 35 57 34 20 25 51 20 8 72 60 21 79 6 59 91 18 81 3 40 54 11 91 6 6 74 22 30 15 96 87 73 46 71 17 61 53 26 44 0 80 58 37 67 73 77 62 28 16 10 9 65 78 20 73 45 65 20 94 86 42 59 1 31 97 9 46 59 86 27 46 94 25 48 96 78 25
77 76 31 25 18 91 82 58 63 14 70 57 82 1 51 42 16 54 52 64 89 24 13 71 37 31 93 76 16 90 85 1 34 94 0 55 72 16 24 99 99 1 22 89 88 18 11 14 13 73 23 54 76 92 80 22 7 24 69 65 29 2 60 73 29 51 61 90 27 99 26 36 8 25 15 25 33 97 19 55 61 69 56 79 93 88 54 67 56 55 26 59 79 82 85 18 45 5 69 96 97 88 85 73 75 56 36 43 44 34 3 79 94 17 67 34 5 76 45 62 89 50 97 99 21 26 73 68
27 7 100 99 70 88 53 20 25 83 95 91 35 12 80 89 9 86 73 45 97 45 95 59 7 44 61 42 50 74 22 84 72 21 86 95 79 63 71 98 88 26 15 72 38 61 90 52 64 14 59 65 27 22 3 1 58 93 40 51 1 9 50 41 6 82 64 68 79 71 34 80 35 51 3 67 4 36 79 63 1 37 44 42 86 3 16 80 20 9 32 43 58 66 27 54 55 64 5 2 1 40 67 93 16 16 50 15 53 14 71 78 48 65 29 76 24 26 69 1 84 35 65 29 27 19 99 97
99 50 94 39 28 8 94 58 0 29 29 94 23 9 71 65 72 35 77 66 52 95 56 39 25 29 69 7 8 80 64 30 54 79 16 91 39 52 90 95 50 70 83 33 70 71 42 68 73 59 34 59 81 13 12 45 1 95 100 81 6 29 78 79 48 1 1 68 48 1 92 25 39 45 34 57 43 29 9 81 38 69 22 85 23 69 4 83 88 89 85 94 70 72 50 57 43 8 5 66 67 6 21 47 60 24 35 90 90 32 33 71 66 67 8 53 88 94 58 60 50 77 46 1 96 23 58 50
20 59 44 30 43 0 2 33 11 32 90 33 24 61 42 5 48 97 34 80 48 72 14 39 49 33 80 82 79 40 65 89 61 98 44 44 12 9 26 42 15 22 57 61 46 3 8 3 89 94 38 40 14 99 17 23 99 77 19 80 12 67 47 6 1 65 96 66 29 56 45 51 80 6 66 60 58 65 83 22 89 21 60 46 11 48 87 52 81 99 16 39 72 14 24 13 63 22 2 88 79 18 3 60 41 8 32 61 39 12 93 31 19 17 3 52 26 54 67 32 4 90 41 55 51 28 4 33
56 81 97 73 66 4 78 33 44 60 26 30 15 57 19 24 11 98 56 23 66 75 88 86 41 87 32 17 8 14 66 91 52 74 49 58 88 57 52 28 50 61 44 72 6 67 54 49 93 95 97 23 41 0 5 98 96 91 32 43 47 97 47 12 42 31 44 25 77 37 87 9 57 20 98 11 24 47 9 16 63 30 26 9 34 11 55 9 40 69 7 99 86 59 43 64 81 37 18 3 9 11 8 75 79 44 33 91 70 56 10 16 5 50 14 71 97 80 9 59 71 30 89 11 10 88 48 56
25 81 29 20 32 72 55 2 71 29 10 55 6 91 1 51 92 93 50 42 89 51 63 12 91 49 22 72 13 36 63 54 32 30 92 31 30 65 66 44 46 82 76 1 52 33 1 82 80 94 62 0 20 10 10 29 64 95 20 55 42 46 57 64 4 99 38 15 17 33 2 36 40 18 92 1 63 40 12 82 93 78 11 30 67 21 18 75 14 50 10 3 75 68 23 45 3 63 49 7 29 44 85 28 33 96 63 42 13 58 41 6 41 67 59 73 19 20 66 63 36 91 51 25 74 67 20 41
8 80 77 24 36 10 77 96 15 40 85 42 97 80 0 10 35 67 38 82 8 82 2 31 47 28 28 93 90 95 42 65 8 89 0 81 62 33 0 98 56 97 94 26 83 64 38 72 1 6 30 58 31 5 51 18 53 50 35 17 80 12 48 6 9 33 84 39 94 27 35 24 31 88 28 35 15 91 28 65 55 93 15 23 17 45 83 62 25 79 65 25 89 53 41 58 40 86 52 1 89 10 58 22 35 5 35 61 44 19 36 82 56 75 94 82 97 16 82 67 54 34 72 49 95 22 14 29
34 17 45 2 45 5 94 38 47 46 87 88 39 76 46 25 1 31 44 9 78 57 78 6 44 91 26 13 92 50 20 80 89 61 91 63 38 6 92 83 14 99 70 54 82 47 82 92 14 37 64 35 91 63 27 79 56 22 79 36 38 43 85 13 59 73 87 56 74 56 87 66 56 62 88 56 89 71 8 51 73 12 33 90 39 36 46 31 61 79 90 31 38 20 0 83 94 73 99 65 24 58 81 3 15 70 3 8 55 98 82 59 53 14 30 2 18 86 76 55 67 28 55 86 92 54 23 22
8 16 3 90 44 62 36 46 74 11 32 73 67 17 13 94 22 58 12 38 81 0 73 31 31 19 11 74 43 51 76 33 73 21 86 6 90 87 46 53 5 64 97 50 91 54 55 22 53 6 8 17 93 11 66 48 72 11 65 84 0 51 1 51 65 53 6 74 67 85 60 90 62 88 43 70 70 29 60 2 39 83 5 71 76 57 38 85 2 61 29 41 13 57 40 12 94 96 92 69 74 69 23 30 33 27 85 76 72 57 37 36 7 94 61 46 11 71 5 54 68 74 24 12 65 86 0 25
79 86 32 96 42 60 53 92 71 83 1 51 23 10 72 26 100 77 29 87 81 46 22 33 64 15 52 12 84 17 91 13 52 70 33 92 6 24 11 70 52 16 34 94 86 54 84 29 46 51 79 23 89 43 85 53 63 19 100 84 100 66 64 28 6 79 8 4 100 59 89 72 43 61 6 2 36 7 11 66 43 25 77 40 8 17 24 52 22 84 13 84 89 8 68 64 23 70 22 70 56 9 21 86 2 68 74 19 94 48 30 96 24 22 9 54 81 20 74 75 30 5 7 6 35 13 9 49
96 16 12 31 60 65 9 79 10 54 62 9 54 11 12 91 32 9 74 33 70 20 81 15 4 31 9 22 44 19 48 35 31 60 98 82 76 22 82 98 83 58 1 1 94 94 71 0 58 57 86 32 33 33 61 27 55 14 69 6 31 13 43 61 68 52 54 53 59 86 47 41 6 55 20 56 99 56 50 46 7 3 43 31 97 98 39 86 78 92 5 56 4 66 30 51 44 18 56 2 40 44 35 50 87 22 68 38 42 60 3 83 68 71 46 90 23 37 29 48 37 25 89 37 94 56 16 20
0 48 47 64 64 81 95 87 54 96 20 90 72 42 53 16 7 100 7 42 2 61 92 62 10 33 90 78 61 28 75 81 97 6 6 79 67 27 98 57 21 35 62 17 1 15 29 87 37 94 45 71 61 18 73 12 94 98 27 23 33 1 53 56 21 7 48 15 40 86 81 85 95 89 78 67 80 15 26 82 38 52 8 53 91 63 27 13 4 43 59 14 79 44 14 60 63 1 83 66 36 20 97 73 28 4 83 11 5 68 45 8 92 12 49 60 75 97 69 69 40 99 29 19 41 71 30 22
65 67 76 43 88 96 55 7 51 24 74 45 13 6 45 67 69 15 23 88 21 29 90 48 68 39 29 54 85 99 5 6 71 78 76 12 70 42 85 21 19 73 41 72 99 4 22 45 19 75 5 42 31 83 67 66 76 68 14 100 93 65 84 76 29 42 30 25 23 4 80 93 16 26 69 98 27 30 24 16 94 10 70 25 45 43 75 1 9 44 34 28 84 34 88 54 55 20 4 51 98 85 34 47 44 100 43 77 81 81 91 94 64 47 52 42 79 95 47 2 87 90 87 5 40 68 41 2
10 39 99 22 34 0 67 89 28 66 66 0 7 4 37 87 6 10 37 77 88 28 39 81 52 44 85 23 28 19 90 86 48 96 26 33 80 41 58 30 81 5 81 38 26 6 96 79 55 29 100 77 7 3 60 3 9 52 10 83 29 17 7 52 5 84 91 19 49 29 83 97 42 3 76 59 59 68 95 8 78 57 39 22 28 51 50 72 7 47 88 42 90 15 66 83 94 44 58 99 0 25 89 86 18 74 98 32 19 91 31 74 95 70 98 5 44 63 3 90 53 60 2 78 85 94 53 79
38 78 62 52 64 1 71 38 56 19 37 76 28 50 51 68 85 27 35 72 70 51 38 2 16 25 84 39 42 93 25 79 15 3 5 67 2 18 54 97 94 43 60 57 52 40 51 8 66 29 62 62 34 36 9 38 43 79 90 60 36 68 79 58 73 86 61 26 1 7 74 10 100 35 55 100 5 34 62 39 33 38 95 11 34 63 37 66 4 52 22 96 12 8 48 89 13 47 31 53 26 97 4 28 97 96 43 49 7 24 13 42 1 39 93 34 13 83 5 95 66 32 21 3 19 45 90 80
60 72 43 34 61 39 41 1 75 63 12 40 65 84 80 95 7 59 99 85 17 96 50 35 30 2 79 66 58 83 32 10 86 29 38 41 69 38 3 78 20 68 48 24 13 17 14 50 12 91 85 99 47 95 52 55 25 65 72 87 92 97 8 80 29 65 64 55 51 92 27 68 31 9 89 0 88 18 92 83 5 2 31 30 29 69 41 97 0 2 44 48 25 53 23 80 37 4 18 54 68 29 74 77 50 13 75 73 8 21 9 87 69 4 27 89 45 3 84 68 70 55 41 94 11 19 98 86
23 87 40 16 58 34 24 100 22 44 21 40 76 25 62 85 76 86 56 100 72 13 46 86 100 9 99 1 7 69 17 77 90 86 84 75 12 18 35 52 98 70 22 86 71 21 70 86 84 5 1 52 54 1 36 20 69 92 41 36 73 80 29 96 4 62 100 19 98 24 73 5 94 18 42 62 98 14 26 49 1 1 55 87 94 88 89 76 83 50 11 38 64 95 37 6 71 23 3 97 44 46 71 78 70 42 41 4 76 87 53 2 8 43 27 95 58 25 100 96 19 39 40 94 34 97 48 5
74 30 54 45 0 3 42 71 28 84 52 21 90 86 80 94 18 70 98 95 81 94 71 22 97 19 36 63 91 57 49 85 73 71 50 100 16 9 78 91 93 79 22 59 7 21 70 38 63 43 43 53 47 69 29 49 76 66 70 96 67 32 67 10 60 77 34 98 83 54 98 24 82 28 80 29 10 32 23 26 52 18 94 12 34 48 35 2 52 27 24 40 48 63 62 34 63 49 17 51 11 47 20 57 60 7 97 34 97 72 43 94 54 21 40 97 75 12 51 72 6 89 55 6 73 56 73 12
18 87 79 61 4 13 25 10 45 42 1 83 28 19 68 25 51 55 71 68 73 43 79 12 24 51 71 19 26 64 56 58 21 30 53 92 54 47 63 34 70 95 3 58 49 97 62 12 18 78 89 80 8 16 86 54 69 18 0 90 47 91 77 35 78 100 87 55 69 15 19 40 27 75 54 16 59 46 94 84 41 34 89 53 97 5 96 57 17 2 11 53 18 24 34 15 36 54 90 57 7 21 3 27 99 100 51 54 70 57 16 18 58 97 91 22 36 7 74 2 22 61 5 15 41 22 70 87
51 79 20 84 93 88 53 46 39 81 32 43 72 36 78 69 7 4 94 62 73 72 74 64 74 27 17 73 31 100 34 48 93 24 31 52 37 64 95 97 14 19 58 48 40 74 36 71 1 25 87 18 29 17 49 15 84 5 1 69 52 99 16 56 96 44 12 34 85 79 20 20 91 63 57 96 46 82 66 50 0 96 14 95 78 94 54 86 93 88 10 92 16 95 26 34 81 77 67 13 95 34 91 31 69 51 32 95 55 31 79 93 19 18 30 100 75 52 79 16 53 8 15 45 58 18 70 25
47 67 49 8 41 32 21 13 21 33 56 54 85 20 17 77 33 56 7 52 8 37 77 33 56 13 78 91 60 83 47 71 40 28 2 71 59 74 53 42 30 92 99 73 53 84 16 71 73 5 40 89 49 84 56 52 96 38 21 2 97 18 77 80 62 45 25 11 1 67 86 92 89 3 75 93 59 62 28 20 69 47 30 51 1 0 61 99 59 1 99 79 64 88 79 77 15 54 32 31 75 3 82 82 19 90 60 70 8 79 44 33 10 18 60 51 65 66 21 71 75 4 94 81 88 44 9 44
62 85 17 93 60 75 79 55 43 66 87 98 79 46 56 36 76 33 35 39 94 64 97 33 60 14 71 25 21 54 64 52 80 28 14 50 6 89 100 24 66 19 45 79 70 76 42 6 65 9 62 30 68 12 7 35 21 85 72 33 87 50 90 70 0 26 83 22 77 71 71 79 62 35 75 68 80 22 62 91 57 27 66 92 97 24 74 19 89 32 33 69 76 37 5 4 81 82 95 32 98 55 73 68 24 17 11 9 37 58 39 100 4 88 17 50 29 62 39 23 14 76 60 29 27 25 67 90
20 3 52 15 1 53 64 73 85 79 29 76 73 89 87 41 55 100 29 40 69 59 63 5 84 35 38 37 87 62 28 62 11 24 33 25 5 33 9 95 11 76 13 35 57 98 94 50 76 31 25 99 60 3 1 57 3 32 82 38 92 44 61 24 4 62 41 87 2 64 74 49 27 69 53 85 58 93 10 41 39 36 10 94 10 83 57 53 11 73 17 36 1 1 64 2 4 20 74 0 74 31 28 95 11 29 29 14 39 52 70 95 73 68 26 46 20 63 87 80 76 3 26 9 74 35 61 80
83 29 67 99 41 98 77 61 59 72 66 99 56 47 72 40 51 99 62 11 16 25 35 61 60 57 41 89 36 78 29 61 20 26 61 26 28 92 77 40 24 100 36 61 77 47 70 26 99 69 17 17 18 74 74 6 17 56 54 48 27 19 44 46 67 48 73 63 82 17 4 85 45 12 63 26 32 15 52 37 15 34 65 5 87 68 21 94 39 19 41 2 70 92 92 42 27 54 87 73 21 14 48 27 58 25 53 11 47 86 94 15 46 85 18 88 100 50 37 24 72 56 55 7 79 1 27 41
38 1 90 69 87 76 45 47 0 11 39 11 47 18 7 34 100 51 41 37 68 44 35 55 20 91 44 65 2 76 69 4 2 88 58 64 14 61 17 96 60 28 75 14 5 52 22 18 14 86 97 39 97 7 33 80 53 15 12 77 65 80 6 88 71 63 19 6 40 85 87 54 48 37 62 87 100 27 35 3 7 42 26 65 76 57 27 35 27 3 46 92 71 41 42 62 97 96 99 33 40 1 41 94 88 64 27 14 43 37 23 83 73 83 87 43 75 81 26 69 49 53 74 33 88 61 51 16
32 31 8 9 92 80 64 2 94 25 43 50 93 56 26 24 57 84 1 91 53 60 50 63 87 20 66 68 51 83 2 50 56 69 27 24 3 97 7 46 64 64 16 19 67 89 23 75 90 81 37 0 58 2 96 46 53 22 94 6 42 90 32 54 89 70 14 95 35 48 26 23 31 13 66 66 97 39 81 68 88 72 45 61 12 62 82 41 72 57 34 53 63 0 53 9 64 81 46 100 91 92 24 97 61 72 33 77 68 23 27 26 50 89 7 67 56 0 44 91 17 63 30 49 85 7 69 76
94 58 97 56 98 71 29 47 37 40 73 64 57 7 38 17 92 34 87 91 7 26 72 83 69 61 67 69 88 28 70 1 50 73 36 57 21 94 84 35 36 3 20 19 19 26 72 85 34 18 94 81 83 57 56 65 3 5 65 83 77 66 65 47 6 79 68 17 37 69 87 95 86 4 4 88 12 86 50 68 3 91 74 54 29 51 52 23 4 46 30 21 88 41 19 10 45 34 57 50 76 35 29 85 37 33 64 21 100 82 67 13 17 45 86 79 58 27 16 37 13 73 50 89 6 73 43 21
100 88 64 15 49 31 44 92 35 76 77 9 90 75 95 30 48 44 5 90 21 23 64 46 94 94 4 72 75 61 71 8 77 7 33 32 58 74 79 78 56 39 5 1 32 49 61 86 33 93 8 61 48 13 58 53 62 39 10 69 44 20 1 70 56 50 85 33 42 38 86 12 22 72 37 97 32 77 22 19 43 92 21 37 66 89 90 43 84 1 63 40 80 49 28 10 12 8 0 81 47 43 2 27 76 32 85 92 99 85 34 35 87 7 52 96 82 0 98 38 58 49 47 16 18 78 60 61
100 92 43 62 68 79 87 76 28 48 84 6 13 90 97 1 4 29 49 32 46 76 98 57 93 99 17 31 40 28 97 84 91 54 5 67 40 98 96 24 47 90 71 23 26 66 83 3 5 96 74 40 74 12 63 60 88 18 83 2 54 76 1 3 72 56 88 93 45 89 36 6 33 67 44 76 48 12 54 33 27 53 42 56 49 57 80 92 27 17 18 51 12 62 62 88 27 5 41 61 20 11 78 87 54 6 19 48 18 57 89 71 68 13 42 54 94 30 81 76 86 41 51 20 95 12 2 82
13 70 41 56 1 49 11 80 90 99 12 94 26 29 94 62 72 8 47 47 11 60 58 35 40 86 13 14 18 59 37 2 27 32 94 48 50 80 75 42 35 2 51 36 25 94 96 90 0 84 16 71 67 36 54 10 66 79 94 93 95 18 57 11 91 49 0 31 54 45 80 99 26 36 8 42 37 95 55 48 37 9 54 2 37 71 68 59 37 86 96 50 73 64 66 18 34 50 94 57 20 98 9 95 36 26 99 87 53 24 92 66 63 77 50 100 0 79 66 24 41 44 26 32 94 18 54 93
25 17 97 5 64 78 57 93 46 26 65 55 20 35 24 11 22 39 51 4 31 64 79 54 42 96 86 21 5 48 13 46 34 98 83 88 63 41 30 22 47 82 99 40 95 45 65 37 91 5 81 74 64 64 5 76 74 75 28 34 50 9 58 16 43 59 4 60 35 7 59 75 10 18 73 36 7 82 59 7 14 82 57 3 64 92 100 11 28 28 91 82 45 22 55 23 86 88 43 93 87 70 47 93 67 47 18 68 11 27 77 40 99 23 51 8 99 76 60 99 75 66 87 18 5 6 66 31
11 90 95 19 52 84 46 59 82 90 12 41 57 60 49 22 9 46 22 69 87 96 79 81 97 96 4 80 93 4 52 77 69 40 52 50 99 54 52 49 67 21 4 75 55 36 28 43 70 5 86 65 46 14 53 17 4 33 70 38 69 4 34 4 46 93 89 53 25 34 54 96 98 75 56 10 9 68 23 67 14 76 19 47 16 78 25 96 24 94 18 61 17 82 84 41 39 80 28 69 60 93 100 38 65 87 89 69 63 72 54 25 49 25 55 19 13 68 52 16 30 23 22 41 61 4 60 70
100 38 58 36 52 16 89 47 27 71 45 30 10 84 22 85 8 23 88 97 0 100 64 52 94 15 0 30 50 99 83 9 22 20 98 73 28 26 11 79 3 40 20 80 29 40 1 59 10 54 42 48 48 0 95 60 33 61 86 56 50 99 87 2 7 35 70 74 6 55 13 34 95 89 42 21 13 64 31 34 40 47 37 70 47 33 34 16 87 57 29 97 62 69 79 66 52 75 29 24 55 38 76 44 15 13 91 13 52 11 79 42 1 91 89 81 16 70 77 48 84 79 46 44 80 39 36 22
1 37 97 9 21 40 87 95 55 39 62 48 83 96 63 78 1 31 18 89 15 76 99 83 71 77 86 56 40 45 81 55 17 63 82 94 52 50 64 43 80 46 78 84 18 3 47 60 96 44 41 68 2 73 98 94 39 8 41 99 52 78 62 15 41 42 14 32 89 54 100 50 65 34 1 54 19 15 2 77 37 69 43 15 54 54 59 39 39 53 0 16 48 82 44 93 44 68 56 61 72 6 52 56 3 90 26 90 5 62 21 38 16 8 85 49 65 9 24 54 64 1 52 13 10 86 70 54
71 86 28 70 98 81 69 45 10 54 56 60 44 78 18 7 8 98 61 81 44 91 9 70 47 61 71 35 90 87 65 24 67 94 58 5 17 52 85 27 65 0 73 94 12 58 12 53 44 31 38 39 20 7 97 91 74 66 95 100 70 37 18 70 71 49 57 9 84 20 18 65 24 37 69 45 72 86 87 64 84 30 35 63 89 51 44 2 67 76 17 24 84 37 99 19 90 73 33 93 44 70 44 90 73 93 74 12 14 18 39 65 21 5 37 9 84 78 3 91 14 3 31 0 13 50 20 54
99 40 1 79 12 10 93 24 2 60 99 63 82 51 10 23 85 80 10 3 72 97 53 0 12 5 88 1 7 9 4 5 5 4 18 12 54 73 70 5 66 17 19 18 38 74 29 50 7 56 76 31 69 50 2 39 16 66 11 33 46 54 64 52 90 58 53 47 51 28 91 3 1 12 76 41 3 36 72 71 58 1 95 75 35 56 85 21 41 41 30 22 61 85 45 91 80 15 20 47 46 26 74 40 87 58 73 77 41 3 43 82 72 46 15 34 43 13 84 21 92 71 62 80 69 82 96 43
44 47 10 55 100 95 54 83 1 22 97 76 42 62 64 47 78 34 10 5 45 47 88 95 60 6 43 35 57 24 52 37 14 13 18 61 93 19 77 54 93 30 71 64 66 4 55 10 96 15 34 99 46 69 69 85 74 12 51 78 85 15 59 51 52 15 67 70 11 88 91 32 64 57 61 54 79 74 89 54 96 31 2 66 91 77 60 64 82 90 72 37 3 58 6 71 18 67 63 16 75 10 76 23 55 1 12 18 35 50 68 32 15 69 56 36 32 84 96 20 59 27 26 36 91 64 93 45
93 73 50 29 44 6 81 62 69 24 44 27 77 94 12 21 26 12 63 77 37 43 7 78 11 47 69 48 40 14 85 44 19 5 59 19 8 11 26 53 82 59 39 84 26 6 73 14 76 29 19 32 65 33 95 6 4 50 57 68 96 59 55 63 73 33 55 80 24 94 46 100 87 88 92 87 38 71 10 61 85 82 28 82 6 80 39 55 53 49 12 44 75 88 95 20 84 49 15 47 60 80 64 13 100 92 14 35 10 14 44 84 86 14 82 1 11 33 98 45 79 68 30 26 69 18 67 99
17 71 71 38 22 16 76 12 77 64 5 85 87 52 2 82 85 96 18 37 40 16 81 21 47 65 44 16 2 20 35 54 82 26 78 78 62 63 3 99 96 38 48 42 85 17 59 2 28 70 82 21 93 66 28 89 81 92 38 55 71 23 94 2 85 32 24 11 98 40 11 12 4 72 21 25 45 11 22 66 28 27 84 32 2 1 83 56 92 0 10 56 58 20 82 31 54 90 60 2 75 63 4 18 80 14 24 80 88 63 0 2 96 27 52 3 52 65 89 86 8 25 92 70 83 63 67 94
10 81 29 78 18 62 53 93 15 58 8 73 68 10 62 29 20 24 97 31 98 14 86 83 32 88 14 96 51 56 66 97 64 47 64 35 50 68 28 72 13 18 50 36 53 9 28 83 13 25 35 7 97 22 72 97 55 56 59 63 28 66 81 6 36 29 80 55 66 35 67 43 12 92 70 23 31 40 61 15 75 52 43 11 45 35 46 65 33 79 36 13 68 30 4 6 6 62 59 81 47 71 15 22 54 2 60 81 73 50 100 58 99 52 16 32 80 92 100 61 31 37 95 67 47 91 70 48
41 95 10 99 64 44 37 79 78 4 57 66 21 31 37 40 10 67 3 17 90 45 48 13 80 23 76 18 94 55 69 13 87 1 15 56 44 47 95 18 63 65 85 18 69 34 58 6 96 7 82 77 92 77 48 85 79 62 93 44 30 77 18 73 17 47 80 50 70 52 92 0 61 42 49 0 72 12 51 33 41 48 59 21 57 43 16 98 74 38 19 78 95 5 30 31 7 83 6 43 6 55 40 57 40 38 35 4 39 3 39 35 19 36 37 52 93 51 37 65 46 37 4 64 85 17 56 48
86 21 44 58 88 98 37 75 58 48 55 50 33 75 28 3 95 83 55 91 10 30 43 1 13 36 99 15 88 19 73 0 62 79 55 96 8 98 36 85 78 59 60 88 42 39 70 8 8 40 56 87 51 33 73 98 42 31 5 9 51 62 12 44 23 74 24 39 36 12 100 41 46 68 77 62 31 9 37 61 11 51 21 98 62 41 49 22 36 50 8 88 80 27 29 11 43 42 86 71 59 10 47 76 12 48 9 73 33 6 61 2 14 58 42 91 99 20 53 43 0 32 60 72 12 0 39 54
23 51 62 48 89 80 81 14 81 47 59 5 50 54 62 31 14 57 59 73 9 16 98 7 56 72 12 37 83 39 7 46 83 95 55 23 72 5 66 58 64 93 76 81 95 21 91 13 12 64 56 81 81 79 58 20 57 18 43 43 64 57 40 68 81 61 73 26 18 31 75 6 77 23 35 88 42 86 26 98 64 35 5 64 31 47 2 38 56 100 51 14 66 88 10 19 13 4 86 87 35 4 2 65 64 6 44 61 24 11 80 25 32 96 38 94 99 31 10 60 50 59 88 91 44 19 75 75
95 57 16 17 19 86 83 7 94 71 31 2 95 12 23 64 35 30 38 6 7 61 61 44 34 25 59 50 98 70 46 40 56 21 51 13 8 2 45 14 89 35 43 31 44 35 59 7 57 36 51 24 70 62 13 45 93 7 54 67 82 79 50 50 75 95 98 35 42 1 7 31 64 10 90 96 18 53 19 10 98 82 94 27 28 61 11 45 84 93 87 22 73 70 60 31 29 6 89 46 35 17 71 79 98 97 53 81 12 56 26 67 74 58 8 57 28 54 24 12 19 86 26 69 77 22 63 76
30 61 28 30 93 95 52 42 63 68 92 26 72 9 64 77 39 64 49 7 71 47 78 79 96 74 9 54 37 85 36 12 26 86 0 70 87 38 53 14 14 35 2 90 45 47 31 87 14 26 44 88 65 79 15 47 3 87 71 97 36 40 7 17 17 21 71 68 53 44 100 18 54 5 36 24 29 98 83 71 96 11 62 63 19 16 52 22 11 78 60 91 4 100 75 67 37 24 21 98 0 58 88 49 22 14 24 11 75 14 81 35 58 17 56 74 73 13 27 66 29 12 77 28 64 80 78 20
83 62 83 54 98 89 59 97 37 28 73 29 86 2 67 26 59 45 35 93 59 31 86 76 13 7 55 12 63 91 40 76 7 35 65 46 72 70 21 22 56 51 42 83 32 16 11 55 64 14 21 37 47 52 14 60 87 1 34 62 88 99 54 70 31 87 50 25 94 54 65 47 53 62 30 99 80 59 18 32 88 48 1 10 84 98 83 64 65 86 80 36 35 58 32 34 82 3 44 2 68 18 25 94 83 96 4 85 80 76 76 52 81 74 28 65 7 36 44 63 95 70 24 81 94 65 14 75
49 40 8 88 6 31 38 42 72 85 72 27 12 92 20 48 35 42 12 4 34 92 19 71 76 64 26 38 77 41 72 34 75 39 0 78 11 76 74 37 45 15 56 71 40 77 95 3 99 98 4 63 48 15 66 47 81 30 11 2 72 2 16 9 20 95 64 31 13 19 2 9 89 10 67 12 89 13 35 70 41 17 69 93 27 84 13 58 33 94 34 7 15 33 62 66 68 91 71 95 8 83 68 90 54 53 89 12 23 97 66 30 9 23 1 36 45 31 56 34 17 83 90 29 2 34 18 50
36 52 66 81 23 21 26 88 58 10 69 19 84 43 21 72 46 15 23 64 75 48 88 46 13 58 43 20 98 86 60 84 29 50 6 63 45 3 28 38 21 0 27 73 3 53 98 51 8 11 73 99 92 95 71 11 57 46 49 20 12 80 43 59 28 45 71 60 80 1 62 57 40 50 0 25 68 91 82 87 94 82 4 11 61 35 2 22 64 56 81 40 84 0 83 26 57 6 53 6 5 15 8 47 0 37 69 75 86 49 32 78 43 19 71 100 84 13 76 66 48 70 81 52 85 46 56 76
