57 41 71 0 88 29 58 36 21 96 93 95 82 73 25 37 97 4 96 19 70 82 17 9 98 91 27 52 9 6 83 68 29 53 36 52 70 62 31 17 99 82 6 93 80 91 45 76 3 78 78 93 53 35 94 79 77 14 1 23 96 90 21 91 15 83 81 3 92 88 56 14 80 92 49 8 2 61 89 34 55 54 65 30 21 52 3 32 88 53 71 61 10 92 59 80 21 74 69 63 33 17 17 29 92 40 3 10 21 38 65 58 11 19 85 42 49 18 87 14 47 29 78 28 23 76 76 66
81 54 37 1 17 49 81 43 52 72 57 86 79 94 64 95 30 44 56 60 26 46 26 58 72 75 75 80 59 51 3 67 54 14 55 2 81 50 32 38 31 14 96 42 3 13 54 27 83 27 85 23 95 31 47 54 56 70 63 9 0 12 46 69 85 16 100 79 62 98 0 81 89 70 12 89 24 47 79 23 27 83 81 0 78 5 50 89 0 84 41 14 32 68 64 56 28 53 20 54 72 61 89 38 82 65 96 92 18 72 1 90 71 42 5 56 4 84 74 94 93 1 29 51 100 30 89 97
98 90 87 53 88 81 83 57 51 83 38 9 91 40 42 3 80 67 43 84 18 72 72 58 3 48 28 72 58 20 68 79 84 43 62 76 67 100 34 43 20 78 64 15 81 73 36 24 56 50 46 64 0 69 75 94 67 32 26 58 45 76 11 63 96 98 95 51 8 37 20 68 59 75 24 48 72 7 17 81 53 14 88 9 32 99 65 93 13 28 43 66 83 0 26 94 72 24 57 20 73 98 14 8 35 60 31 66 99 18 84 4 28 11 3 70 97 69 85 67 78 64 85 32 92 89 93 86
13 44 87 55 81 53 2 24 33 6 86 86 87 65 63 62 40 16 35 100 41 59 76 60 43 59 100 62 71 24 95 5 23 24 58 100 6 86 66 49 17 4 72 62 15 42 87 83 66 11 60 9 30 29 51 56 75 98 17 43 33 13 56 66 28 14 67 94 47 13 21 0 68 57 53 86 30 60 34 45 50 49 90 84 91 4 15 11 65 83 21 38 59 71 64 71 45 20 45 19 53 36 93 40 0 8 0 51 98 95 51 24 28 29 60 12 62 40 100 6 8 100 3 81 8 29 1 56
30 90 83 81 4 37 66 3 15 7 51 81 13 25 71 98 85 16 89 65 22 22 49 51 6 48 16 4 30 41 68 32 35 58 81 55 13 32 47 25 69 44 1 54 90 21 44 44 51 46 49 67 65 95 68 95 79 29 10 79 50 6 33 60 52 74 16 10 36 10 6 32 7 78 68 20 59 44 6 44 42 74 56 22 11 79 69 29 4 94 1 82 92 14 56 8 59 95 6 80 13 27 56 65 20 70 9 51 91 28 86 26 29 68 64 13 39 59 58 87 32 50 27 82 76 58 36 53
92 22 71 87 58 44 76 30 61 56 22 81 59 16 12 55 13 22 76 30 55 90 24 54 56 97 57 10 61 89 56 79 18 4 79 49 65 99 80 56 51 46 22 47 23 7 40 36 53 42 94 61 44 40 18 81 26 43 33 89 89 11 60 87 29 83 12 3 3 19 65 33 49 92 11 61 55 49 30 55 35 50 91 71 28 53 86 74 58 71 99 75 64 20 93 59 45 70 22 47 97 60 27 4 40 28 94 65 91 56 21 32 48 32 15 36 3 46 81 82 81 1 18 1 87 41 76 38
95 45 2 53 22 61 27 35 24 40 64 70 46 34 55 23 32 71 57 10 90 65 62 40 41 71 20 94 41 17 34 31 51 37 78 21 29 23 29 25 18 72 98 32 1 21 60 24 26 53 38 76 20 35 54 63 22 57 0 15 78 95 73 61 1 28 26 23 9 37 89 84 34 67 71 80 16 86 87 92 60 24 0 59 49 4 72 37 19 70 14 32 16 59 64 38 5 55 39 14 19 99 72 30 28 72 11 91 73 28 2 0 7 96 60 27 60 88 52 56 86 63 63 60 4 71 9 47
66 51 80 90 58 46 65 1 64 83 19 65 26 41 37 91 94 25 82 27 96 30 49 61 46 10 30 7 100 10 3 62 3 53 20 50 58 11 15 13 83 51 19 67 39 12 90 40 55 81 91 28 22 9 0 26 77 1 20 29 46 65 16 66 25 29 6 65 4 0 27 96 41 28 45 61 97 79 55 31 53 48 70 8 13 86 63 34 17 73 12 48 0 21 9 72 25 26 71 41 28 80 84 18 9 80 87 34 40 100 4 18 12 61 96 18 70 92 77 16 88 17 8 78 89 65 63 9
7 3 2 7 65 31 32 93 55 92 45 61 9 69 23 71 44 28 60 14 58 10 75 70 34 72 39 53 78 56 9 18 51 94 99 63 19 13 29 48 22 22 45 91 75 52 71 71 59 94 97 41 51 53 78 8 80 75 96 100 14 7 20 44 93 49 10 86 62 52 7 3 41 45 84 63 8 38 65 72 66 59 60 76 58 92 44 98 33 7 83 33 9 12 10 95 79 42 67 50 1 10 6 8 84 33 79 83 80 33 16 85 27 32 39 68 14 59 34 43 47 40 63 7 54 98 8 75
8 54 98 35 13 17 95 72 61 8 84 38 57 78 57 58 69 14 29 62 38 36 26 80 93 82 96 54 55 69 27 85 16 25 62 42 56 9 55 1 61 55 100 27 97 70 88 81 43 41 72 18 76 79 59 67 82 55 61 34 25 12 66 85 3 81 42 74 72 35 21 23 65 75 88 0 80 88 54 87 79 95 13 26 8 60 72 24 45 61 84 60 74 85 2 71 47 61 82 74 37 0 19 58 37 68 81 82 97 34 31 45 23 6 65 2 21 83 90 40 90 39 37 85 2 0 92 74
24 91 90 47 1 76 25 98 54 89 64 97 10 62 82 19 70 96 96 51 67 14 36 51 41 49 48 98 43 98 52 2 80 51 82 66 48 56 20 42 83 30 47 58 38 87 21 5 38 68 75 53 24 90 48 30 37 14 50 92 71 8 62 19 10 27 57 88 100 66 42 10 59 17 82 17 48 63 50 16 76 42 54 5 8 98 94 13 71 96 39 64 55 74 2 17 58 90 14 29 86 96 56 36 84 53 95 3 4 44 96 8 21 46 41 90 27 77 26 32 85 82 8 57 48 93 84 0
86 20 74 12 87 82 87 42 20 52 72 39 20 12 92 51 10 40 31 35 76 24 36 53 14 84 49 73 85 20 17 62 96 67 26 80 38 72 20 96 1 54 94 0 41 73 100 42 15 29 8 99 47 12 39 88 16 5 3 85 88 97 35 40 0 18 31 34 49 26 49 12 52 59 82 57 59 51 95 26 60 56 99 80 84 55 33 43 48 62 48 90 41 58 22 30 0 98 10 20 42 44 92 81 46 11 97 94 53 7 67 4 2 6 99 13 38 12 56 50 58 36 62 71 14 48 65 44
78 48 48 2 10 40 26 53 73 65 54 39 42 48 20 3 59 56 16 74 89 50 46 53 6 9 25 48 80 10 80 29 65 72 59 75 98 49 66 100 50 41 22 78 50 24 86 3 96 43 21 80 81 27 68 18 19 42 0 89 49 15 51 29 2 92 63 5 59 64 76 32 79 59 100 7 24 11 25 66 95 37 15 47 63 49 76 40 76 20 14 31 74 63 60 6 35 0 63 50 76 60 29 88 100 64 78 40 63 10 61 45 55 4 32 48 93 80 75 58 66 21 25 99 59 26 14 9
52 98 88 26 98 61 89 10 30 91 55 48 60 49 93 70 1 10 37 11 17 45 57 39 9 49 80 75 45 70 5 31 84 85 12 92 52 40 41 64 50 31 64 62 39 55 65 46 62 71 85 62 72 35 98 12 47 12 32 48 99 4 31 11 2 77 11 90 61 98 32 14 79 28 11 38 52 20 0 22 17 51 68 75 83 4 91 29 64 50 90 32 79 92 15 2 70 9 84 24 60 89 88 67 48 79 77 49 77 36 11 44 19 81 9 98 20 91 17 8 79 25 68 93 74 74 95 75
5 92 77 41 13 84 3 45 29 2 85 73 54 22 77 46 90 38 27 15 58 67 21 10 0 36 26 62 9 59 59 50 89 95 88 62 9 69 53 57 93 3 0 80 73 62 63 58 40 31 52 64 7 58 73 58 89 99 38 17 5 74 7 15 51 75 30 7 78 39 24 69 87 14 96 44 40 92 13 79 83 44 17 42 40 46 84 24 74 36 71 71 90 23 47 92 79 10 75 96 93 8 19 37 6 94 19 19 32 38 84 78 64 37 67 1 75 7 11 3 88 18 81 81 41 87 36 14
23 33 15 93 93 12 9 4 0 100 24 82 23 2 73 52 9 96 33 85 52 76 69 39 48 2 30 88 48 67 90 47 29 7 62 51 54 17 54 1 85 26 0 88 3 62 33 15 2 17 3 61 12 0 38 73 93 22 70 4 30 100 45 27 79 11 41 57 85 33 76 34 100 15 3 84 38 87 85 40 77 19 24 43 25 33 16 24 100 84 41 92 48 44 56 52 3 84 95 33 3 96 97 12 77 88 52 51 44 3 0 39 32 63 18 81 89 79 57 47 85 37 68 81 29 79 31 58
23 20 21 24 39 49 34 72 47 24 60 7 15 14 33 92 71 77 88 89 46 31 97 54 22 21 9 67 100 71 82 17 54 99 19 29 43 3 94 27 24 74 23 45 99 53 45 9 56 79 46 25 5 52 27 90 47 29 71 74 86 22 87 18 37 47 67 51 65 22 43 60 62 64 57 18 78 36 43 23 91 96 84 100 83 27 24 97 44 67 36 49 27 50 41 61 5 52 64 1 1 88 100 95 57 38 48 49 80 85 56 99 19 73 57 39 41 1 23 3 41 98 90 40 60 45 44 82
70 100 100 80 79 23 87 88 91 78 54 62 26 6 80 7 79 25 9 78 19 61 19 69 10 28 3 29 36 75 9 50 83 90 60 45 69 1 36 65 82 73 56 22 34 50 0 37 47 73 16 70 97 52 80 46 60 71 5 21 63 16 50 99 14 65 35 94 47 75 7 2 77 40 59 61 95 46 49 46 3 83 31 66 3 53 39 75 62 42 16 50 30 8 83 85 8 60 36 29 50 50 36 32 24 1 74 66 6 30 38 91 16 34 23 75 16 90 27 94 53 13 66 74 95 29 3 97
51 76 44 82 95 94 6 13 83 33 81 5 52 16 24 40 11 54 43 53 86 57 58 74 93 32 43 93 23 3 23 87 19 71 31 36 17 19 54 34 75 85 15 6 90 47 88 20 40 76 18 89 83 54 60 45 33 51 97 16 61 54 74 10 42 49 50 17 94 89 57 83 80 24 93 71 31 97 49 85 23 64 79 3 91 70 9 9 45 34 69 92 48 26 99 33 76 27 99 89 82 9 27 7 8 25 63 76 66 57 18 75 91 71 42 18 63 38 55 9 84 80 76 75 33 23 89 5
90 99 44 3 53 14 19 50 49 89 66 53 58 39 89 18 69 23 25 78 43 75 57 23 54 2 89 2 12 36 4 71 65 10 1 2 64 19 4 3 49 58 49 11 45 18 37 36 33 34 91 93 9 26 84 12 45 46 99 77 82 70 5 51 11 33 28 28 29 88 41 5 88 8 23 71 93 36 88 67 35 49 16 85 50 65 83 31 24 17 11 3 24 49 95 21 23 61 74 98 6 20 93 29 40 69 82 83 23 40 64 93 64 57 27 7 62 87 52 45 43 13 64 18 45 61 80 97
87 11 51 75 63 27 54 98 32 11 85 53 39 55 61 13 82 27 92 81 45 68 41 60 61 46 32 41 2 7 16 83 27 40 60 7 69 95 94 78 22 73 43 48 39 87 37 36 98 81 14 91 30 51 29 51 24 17 96 6 23 25 56 30 80 23 100 45 73 86 58 90 75 14 5 52 76 52 5 93 76 19 48 72 89 57 97 2 57 97 60 54 14 92 54 55 29 38 61 65 60 94 74 22 94 47 69 60 41 51 100 19 53 21 83 63 13 93 37 87 100 14 7 39 58 26 14 33
69 98 51 59 7 71 66 48 40 90 2 89 11 30 8 3 90 40 11 0 92 53 31 74 43 61 68 100 71 38 56 22 33 73 91 96 7 92 51 60 62 60 57 2 33 13 57 38 26 17 77 57 35 22 96 32 65 94 76 70 77 11 51 94 54 34 13 34 61 26 7 53 86 45 82 78 67 66 47 26 49 11 67 23 39 58 63 14 63 90 36 58 15 37 88 60 48 56 36 27 44 31 83 21 98 52 37 55 97 90 53 30 20 7 74 93 73 19 27 99 92 39 22 35 58 41 38 76
100 63 98 60 70 5 89 35 57 14 9 57 44 18 72 21 52 65 88 56 92 5 0 94 0 82 59 18 66 66 44 2 8 78 70 25 26 86 28 36 96 15 91 39 40 8 33 51 9 62 47 77 14 43 22 22 35 55 33 2 55 46 18 82 64 52 73 27 79 71 43 39 78 25 90 97 31 2 92 56 33 34 16 99 92 43 19 37 8 44 65 87 92 38 22 1 86 83 22 23 43 25 25 57 82 62 7 68 83 47 46 85 82 45 98 33 4 10 89 87 4 51 31 79 80 9 23 40
88 88 18 94 60 13 83 35 52 97 56 41 85 55 46 22 61 51 1 58 54 64 59 75 85 65 10 29 36 82 78 6 52 73 8 78 77 69 75 72 25 49 57 45 83 89 20 67 16 31 8 17 16 95 39 37 58 81 3 13 48 39 10 84 77 39 71 88 23 72 60 75 35 28 28 43 81 52 99 81 27 49 33 32 85 11 86 50 17 53 16 34 74 46 19 76 78 1 24 6 30 58 88 15 90 63 87 24 35 74 47 85 17 42 17 93 82 19 90 50 17 40 65 53 6 71 62 89
2 41 86 62 49 34 65 16 25 47 24 50 88 94 0 64 20 43 37 78 89 24 41 22 43 68 74 64 56 91 14 10 49 62 84 66 73 61 98 64 36 66 50 67 22 11 79 80 35 57 61 68 12 2 24 33 19 63 65 96 27 57 49 67 74 88 31 85 91 71 80 27 79 81 65 52 63 5 29 68 67 52 50 44 71 22 50 61 12 3 71 68 14 45 63 73 40 62 68 10 85 98 87 96 86 26 59 46 92 11 56 0 52 61 32 54 14 72 86 77 79 100 35 97 25 11 43 55
84 95 45 66 22 93 52 65 54 58 66 25 10 3 2 72 88 94 31 26 64 40 58 56 97 68 78 57 23 48 59 9 52 62 46 8 20 96 80 70 43 51 53 22 90 43 27 16 88 3 32 84 57 62 52 34 17 60 47 1 100 90 56 95 63 71 38 5 48 28 36 26 45 22 67 59 26 17 69 80 59 25 62 79 9 25 53 34 65 90 93 96 88 19 77 24 4 33 36 29 30 32 91 34 4 28 68 63 91 90 59 60 34 1 84 20 75 4 44 29 18 80 38 41 62 18 79 67
84 5 63 37 12 68 52 12 71 21 35 51 8 1 1 60 19 50 66 57 1 90 52 56 49 75 38 24 55 22 85 7 20 11 85 36 45 100 31 26 68 15 98 3 11 87 66 21 9 46 1 58 83 46 17 85 35 76 61 12 3 18 100 55 89 86 44 91 20 92 35 58 97 9 8 13 83 41 43 30 73 49 31 11 58 93 8 77 33 32 97 7 85 49 48 34 36 10 4 23 86 36 7 27 24 63 42 50 28 95 80 73 43 86 20 51 95 91 24 7 95 33 54 54 3 89 57 68
16 68 90 86 62 93 17 20 73 78 59 58 28 50 47 88 86 99 43 77 74 8 47 62 70 83 55 1 79 97 21 74 2 20 36 30 90 11 12 11 17 14 12 20 38 53 92 83 53 55 13 95 26 32 18 75 58 8 8 82 74 78 47 48 46 42 39 79 88 59 63 18 69 9 42 49 28 24 41 74 39 55 58 55 75 22 23 66 82 61 20 18 34 42 76 69 79 5 9 24 5 69 3 55 17 23 38 35 57 0 35 20 5 71 39 5 92 78 1 0 37 33 54 44 61 52 57 12
1 25 62 4 13 46 28 43 67 63 45 0 3 58 80 86 43 51 54 84 28 52 73 63 34 49 86 16 60 32 4 100 13 21 15 68 38 94 16 65 64 96 52 39 37 87 52 90 77 45 77 52 59 1 80 67 12 35 46 42 68 21 56 46 21 39 85 10 48 10 15 75 78 8 60 23 14 12 99 63 70 37 84 3 6 61 86 7 18 26 59 74 75 4 29 44 28 59 54 13 61 40 90 73 57 91 10 42 44 0 19 49 36 33 53 50 99 49 88 12 93 90 66 3 69 12 42 55
7 21 77 78 9 96 84 82 16 59 11 63 83 13 80 44 85 24 47 44 85 63 46 17 4 14 81 66 4 34 29 25 11 83 90 25 45 18 26 48 84 14 68 92 58 4 35 25 49 25 67 13 16 40 70 49 48 92 25 81 23 90 22 48 42 86 55 72 9 81 15 53 3 28 41 99 70 42 88 7 33 71 59 38 86 14 16 52 45 17 70 24 39 0 28 20 83 90 11 23 48 6 40 37 63 6 43 30 2 8 25 23 84 50 61 98 24 59 47 58 99 25 83 47 5 7 74 5
28 49 58 18 50 21 50 42 19 76 60 32 55 13 89 39 49 54 68 29 63 71 95 12 41 80 21 91 77 18 39 27 9 27 45 20 65 46 64 66 78 81 12 83 59 57 51 86 61 45 64 98 56 37 53 28 85 54 29 77 94 43 70 40 50 45 34 32 20 14 30 28 29 45 47 39 63 46 33 29 31 96 13 100 27 69 87 64 33 78 40 32 25 21 36 89 16 8 93 17 4 8 81 93 14 63 25 100 83 54 96 54 44 82 83 13 16 97 85 77 72 68 27 21 26 41 33 54
99 99 28 12 20 52 50 95 17 99 14 38 86 64 96 54 99 52 24 26 45 92 75 22 12 27 20 10 0 44 12 10 89 77 93 88 48 12 48 25 8 47 44 26 67 28 56 8 74 80 55 97 53 83 15 89 14 94 73 44 71 57 38 82 17 21 23 55 100 5 25 51 58 34 61 93 32 80 3 55 81 27 94 63 19 67 42 100 100 22 26 12 82 86 7 67 61 37 49 60 81 67 9 97 96 15 83 100 71 84 46 18 71 20 65 27 19 87 68 32 74 92 90 9 93 87 45 29
38 73 76 94 26 97 85 94 7 5 87 98 68 80 59 73 29 78 61 9 34 90 93 32 6 65 93 4 87 77 12 68 7 73 2 50 99 5 42 25 81 50 26 61 6 38 37 95 60 10 72 17 98 33 43 79 25 17 41 4 13 24 62 35 53 4 42 68 22 28 22 38 53 56 58 96 78 25 92 6 54 8 67 79 22 66 88 9 25 50 20 43 11 99 45 51 81 56 11 25 92 14 81 11 70 98 85 71 80 61 49 87 85 74 15 68 41 19 9 32 98 0 2 42 28 47 91 90
27 3 95 45 78 9 12 37 22 51 79 51 23 84 91 1 18 61 25 84 20 82 55 94 45 11 26 14 26 92 76 64 81 54 8 25 3 86 79 15 56 32 100 13 28 67 32 98 85 39 58 90 53 47 81 3 68 56 60 30 11 19 33 17 53 56 0 6 94 0 44 60 86 69 73 12 59 86 39 91 61 60 55 15 94 4 73 21 23 27 23 30 60 26 16 75 85 18 93 37 22 28 57 63 97 5 78 52 81 64 85 48 22 78 40 43 42 16 90 19 44 14 1 100 87 59 31 11
52 35 87 47 25 57 11 93 8 79 28 5 31 37 7 28 2 83 74 88 4 99 58 14 91 78 85 18 18 67 99 68 27 42 10 70 63 31 76 50 24 89 17 85 5 30 48 50 82 41 42 74 19 11 84 50 10 12 63 83 47 29 16 62 7 21 100 19 2 53 40 34 78 81 39 45 20 22 23 55 57 59 40 29 85 5 11 99 28 37 11 27 46 55 44 38 43 1 56 79 78 30 0 27 71 78 58 19 28 50 69 93 44 16 49 41 2 68 10 30 65 80 2 58 41 87 97 47
85 4 27 12 20 82 93 84 69 37 66 42 18 39 89 77 53 55 38 6 60 85 42 90 62 83 77 75 100 21 24 38 40 58 76 86 84 24 26 84 89 83 19 11 26 72 50 55 33 11 72 66 28 80 70 8 9 75 98 85 50 22 66 73 48 16 2 9 83 59 6 83 50 61 90 71 21 15 37 48 58 24 66 40 0 37 36 34 97 65 9 0 24 24 54 90 23 20 18 28 90 86 56 56 36 47 71 26 59 24 28 13 46 32 54 43 46 56 46 83 41 90 36 25 83 60 33 16
61 57 8 95 39 2 89 51 7 64 93 22 59 95 94 35 89 41 100 40 98 99 3 48 45 68 25 95 40 76 62 80 8 64 15 25 7 62 81 23 8 26 93 84 20 97 79 73 79 81 15 41 37 69 7 99 57 68 62 65 70 12 18 17 91 38 71 45 46 99 68 85 95 61 96 53 32 0 18 10 48 100 40 6 64 48 53 3 59 4 23 38 9 97 67 22 7 10 54 5 32 35 4 35 68 86 52 47 14 69 32 56 40 81 8 95 34 30 62 71 29 29 15 86 80 0 28 99
57 30 38 97 16 48 7 40 9 34 84 94 99 43 81 41 88 33 54 82 92 12 93 85 2 49 4 46 69 56 4 5 21 56 10 99 3 77 72 57 71 66 85 13 58 5 38 15 96 30 5 24 22 23 0 27 27 68 35 31 28 91 74 48 16 85 99 91 38 95 36 9 26 58 67 45 23 31 60 96 62 29 6 32 40 31 22 93 30 52 48 26 77 17 81 65 71 10 100 42 29 92 15 43 9 25 59 50 75 76 1 10 99 7 78 12 68 31 39 85 6 93 42 70 7 26 61 52
0 1 76 46 35 86 84 94 87 43 20 34 51 26 62 45 68 35 19 89 7 42 55 48 51 62 45 0 35 89 18 89 81 72 60 18 67 81 63 6 47 62 1 41 77 92 84 68 12 8 66 1 76 82 43 9 85 50 23 75 17 90 52 63 80 1 22 93 71 11 60 98 55 42 91 31 0 11 4 61 58 84 49 7 67 25 86 85 85 14 65 54 17 17 94 69 22 12 54 87 3 8 36 4 22 36 79 69 82 81 1 38 96 35 6 25 72 95 56 4 79 68 6 100 8 12 19 77
85 4 72 31 26 22 35 10 87 85 62 23 60 89 22 95 94 51 68 59 62 79 30 65 43 78 34 69 39 33 96 91 83 76 38 1 46 53 38 89 62 5 9 47 41 75 5 46 79 48 88 23 36 44 38 27 32 73 22 13 27 53 13 25 56 96 48 46 16 83 10 90 34 61 69 6 62 100 94 95 69 0 91 12 86 76 47 21 72 59 17 89 5 46 87 36 54 75 82 54 51 13 41 48 99 75 60 81 72 96 95 59 91 42 91 50 34 84 77 55 30 14 27 24 18 61 63 0
11 79 0 47 93 38 10 29 3 6 16 16 94 6 71 65 22 24 67 2 91 24 25 62 11 25 86 7 26 84 40 17 58 8 11 13 35 83 86 70 40 2 41 55 72 65 15 89 54 12 31 80 75 0 49 89 18 61 55 32 78 66 4 93 17 59 62 36 33 83 71 18 71 5 82 41 26 31 86 3 6 2 99 30 27 74 26 90 23 98 76 49 21 68 15 5 48 6 52 21 89 3 88 34 0 6 54 43 66 71 23 44 1 47 81 62 90 51 7 99 98 81 86 32 69 63 97 4
70 16 1 65 71 49 81 62 25 89 10 55 72 54 30 10 18 27 11 51 0 56 47 26 7 62 78 34 46 33 86 8 19 0 27 76 3 24 88 93 88 19 66 42 41 30 68 47 12 11 95 43 0 67 59 82 55 51 11 22 37 52 22 69 12 72 64 48 95 54 22 61 71 90 1 61 98 29 81 71 47 82 89 52 51 48 15 16 2 70 78 13 84 60 24 48 60 83 41 12 29 44 70 76 45 79 81 2 2 66 35 5 18 22 83 6 23 42 7 91 49 56 28 21 5 34 32 14
79 79 77 41 62 42 93 45 12 92 22 36 29 4 23 90 61 76 96 29 4 57 77 63 22 69 24 57 84 4 51 61 74 24 31 4 91 7 2 96 99 99 23 77 100 60 14 8 88 51 85 74 15 17 48 1 21 44 81 23 29 7 93 33 80 65 36 3 53 43 61 1 49 35 16 88 55 92 35 16 2 46 62 15 66 3 30 88 44 55 95 61 41 50 37 88 92 24 0 63 64 72 2 30 10 42 65 1 61 44 30 54 14 46 62 1 28 57 19 2 64 47 38 6 55 77 7 93
69 46 99 25 26 72 14 97 40 9 24 55 8 62 22 63 92 7 19 100 49 51 0 82 92 87 7 23 52 18 62 90 32 39 56 17 36 58 90 76 5 45 94 29 5 32 54 55 88 51 86 60 9 47 21 73 49 52 57 98 86 67 92 93 51 57 50 74 98 65 55 85 44 17 45 77 87 1 19 49 38 69 37 13 26 81 63 78 37 90 71 74 37 42 7 24 4 84 26 100 1 92 41 54 82 33 80 56 95 72 86 22 26 48 82 15 67 19 15 86 10 33 39 32 54 83 2 58
25 34 11 68 41 61 99 44 76 81 13 80 21 92 74 37 92 2 82 98 73 33 90 56 41 45 49 25 20 90 32 47 53 11 73 10 4 7 24 8 17 3 2 76 88 14 87 86 3 91 98 60 24 38 24 74 95 12 43 36 43 2 34 43 42 10 31 47 53 32 61 74 58 84 0 94 45 49 67 94 78 6 60 36 29 61 67 1 67 84 24 87 67 54 8 64 35 27 66 14 53 74 70 30 98 53 71 23 53 54 39 90 28 95 36 6 68 38 18 52 56 43 96 37 6 28 29 46
65 7 67 25 33 33 97 44 61 5 84 58 79 53 81 36 26 96 64 10 69 34 53 18 67 30 14 37 10 63 53 85 91 59 12 29 47 82 55 40 37 78 24 75 70 21 1 7 22 92 36 7 82 95 97 26 89 44 85 99 74 90 25 92 17 46 32 75 70 26 44 9 6 70 59 19 47 37 98 14 55 11 0 11 6 96 80 9 24 37 19 87 77 14 81 0 67 47 50 68 2 21 89 25 61 53 73 12 84 98 78 75 81 68 90 97 17 45 24 71 11 7 52 5 16 10 16 99
17 61 27 35 2 10 10 77 88 30 29 23 52 100 57 12 21 27 86 48 82 22 62 42 13 15 84 95 58 7 81 76 3 3 50 78 66 45 87 44 4 79 16 39 67 58 95 60 37 1 74 89 76 40 94 88 44 53 40 55 43 69 80 46 13 90 69 8 90 94 67 100 26 76 67 94 34 46 34 6 87 81 25 76 21 35 43 75 93 53 100 22 22 27 58 80 10 47 100 34 93 35 98 44 83 14 35 93 53 9 20 86 73 18 47 43 58 21 17 61 78 8 33 97 11 42 61 23
67 6 4 90 89 78 51 33 8 27 15 72 65 12 82 84 79 58 53 52 34 2 98 39 50 29 51 98 5 54 89 34 0 17 27 26 74 20 0 13 73 39 90 12 14 79 57 74 61 77 37 46 1 50 36 40 69 54 20 29 75 17 45 44 6 91 57 43 5 43 8 42 89 59 7 52 96 97 59 52 84 8 1 51 95 69 87 86 13 53 28 47 100 38 49 21 18 24 27 38 97 48 83 21 62 67 97 100 14 99 77 53 66 10 53 85 12 68 28 8 25 56 17 63 76 21 89 48
30 50 93 79 96 86 86 7 48 79 79 0 26 29 19 78 18 50 55 68 87 12 42 15 82 17 63 18 65 23 53 48 54 7 36 50 56 29 46 82 20 28 80 73 64 52 28 58 34 96 50 86 19 48 1 83 81 20 87 0 77 11 48 67 68 68 80 54 56 82 15 85 10 3 73 71 72 86 97 9 3 64 33 17 36 51 47 5 77 28 54 56 35 1 27 41 25 48 7 32 34 55 5 80 61 67 57 8 30 72 96 49 76 41 65 42 84 35 17 98 67 45 71 14 41 60 96 78
71 11 75 94 52 12 29 56 17 90 33 80 54 78 71 99 57 85 67 55 36 88 96 60 64 80 55 10 79 92 5 62 41 65 76 36 63 23 17 51 31 38 14 44 41 65 81 27 6 42 30 58 45 44 39 21 76 62 59 14 71 92 22 77 64 62 95 8 19 43 57 79 99 83 31 70 76 14 37 40 16 11 63 22 35 68 59 54 22 23 51 97 54 10 14 45 63 81 44 68 11 78 21 55 87 18 75 75 73 67 85 43 48 86 21 31 10 54 63 28 75 33 14 68 47 53 78 55
43 38 23 70 43 32 94 85 57 39 38 99 36 77 26 47 85 45 58 91 41 34 64 2 10 98 57 83 84 96 21 71 90 75 31 61 8 13 52 78 3 61 19 67 9 82 40 91 49 21 96 88 83 60 57 26 87 78 17 22 17 30 90 94 80 81 33 39 44 57 45 7 95 62 0 55 90 25 19 33 96 21 41 19 93 39 4 45 57 47 52 39 34 30 3 83 68 24 77 38 8 33 32 51 0 17 76 42 46 52 70 98 36 17 49 35 68 41 44 79 56 21 70 46 10 7 81 49
69 89 71 61 71 45 44 6 81 98 34 0 0 65 54 11 13 28 88 47 16 51 43 5 74 4 92 4 69 22 40 45 93 7 6 28 63 5 71 35 98 41 20 41 31 16 7 8 59 77 3 55 84 67 14 54 47 70 67 91 82 29 80 32 85 18 37 45 41 12 17 73 55 92 13 62 61 30 87 25 17 56 65 7 12 80 35 97 66 57 89 88 41 67 41 75 98 34 50 16 75 99 5 63 95 34 86 18 87 60 73 20 82 51 90 41 90 89 100 59 96 41 50 24 43 10 17 12
48 78 83 10 13 10 15 35 87 4 82 94 63 2 19 59 51 32 83 63 29 35 77 89 91 44 47 48 71 48 83 52 47 62 61 43 82 29 44 66 43 92 79 64 64 26 41 51 80 70 47 2 8 16 33 7 82 59 17 73 24 51 88 47 90 68 68 77 13 56 62 20 58 83 24 24 62 46 41 26 84 52 81 41 32 36 20 100 21 9 23 51 84 91 52 34 72 73 49 33 27 76 97 38 7 35 69 44 54 49 36 25 22 32 15 54 69 37 75 4 5 32 72 2 87 93 25 4
6 97 52 62 56 14 1 5 72 55 30 26 33 4 37 25 82 34 0 19 96 48 37 84 23 49 12 29 4 36 38 81 73 13 81 52 31 41 66 76 88 74 61 75 19 47 14 90 75 96 97 5 19 4 89 95 43 67 78 82 66 53 21 35 80 39 67 30 53 93 68 64 88 24 12 85 20 58 22 80 91 100 52 38 52 48 43 34 30 42 23 85 80 46 21 58 49 53 34 47 7 90 32 63 100 90 29 40 59 7 10 54 39 79 91 67 15 5 47 31 0 28 22 44 73 98 83 50
40 28 47 99 84 66 9 0 42 46 53 20 72 69 25 40 45 42 4 78 70 10 16 92 74 89 50 11 90 33 85 35 84 68 79 19 87 87 52 56 41 46 43 91 92 94 34 18 3 0 3 17 46 71 64 44 59 0 62 34 14 88 59 81 70 39 31 68 61 52 10 11 40 67 12 69 44 19 38 48 45 60 66 17 90 51 8 30 76 54 29 100 17 44 85 51 80 23 81 52 82 89 32 22 64 24 50 8 64 48 4 35 67 2 8 67 83 55 9 92 43 3 95 54 16 8 28 65
58 60 39 50 10 62 5 6 22 59 86 88 17 11 58 15 45 42 96 58 12 2 42 45 96 88 62 85 11 72 10 88 3 72 1 99 60 68 83 76 86 83 82 52 20 51 26 81 72 99 65 5 79 100 66 7 79 31 27 23 25 31 1 59 43 57 85 15 87 85 8 51 38 70 27 57 18 17 44 74 10 48 99 73 53 38 72 92 33 55 21 33 10 61 44 18 40 17 15 90 63 79 97 25 41 73 60 43 68 75 40 39 8 88 98 46 37 92 23 5 19 22 94 81 12 86 54 76
60 67 76 67 41 91 45 71 1 9 96 66 18 65 84 5 62 13 86 41 47 31 68 24 69 4 94 37 84 66 65 37 43 100 29 41 59 7 29 36 86 87 14 25 53 17 20 91 4 84 33 60 95 16 15 42 48 13 75 58 63 84 55 47 96 43 8 74 82 30 39 12 75 52 23 95 36 5 97 37 80 14 21 50 89 64 56 51 77 16 63 57 71 75 25 86 84 70 16 48 78 18 91 58 60 20 5 36 46 16 71 72 7 42 93 39 7 95 72 40 21 58 68 62 95 98 82 12
85 29 51 95 29 25 52 28 45 99 83 91 57 45 15 95 65 83 65 13 22 30 90 88 15 86 72 61 42 47 44 35 11 31 15 71 50 50 39 99 4 5 29 48 70 29 74 58 61 80 80 73 20 21 98 2 91 31 54 37 65 70 91 60 18 92 84 93 62 14 60 89 25 4 69 96 18 1 77 10 26 93 36 53 89 71 3 98 95 19 95 20 57 26 94 94 19 63 18 12 57 52 97 76 15 91 19 54 33 26 3 98 32 11 96 99 60 86 14 79 91 67 18 95 68 48 23 67
19 79 73 46 13 94 73 52 75 90 18 40 46 15 81 92 57 98 7 38 8 54 68 60 9 75 75 63 73 59 46 41 59 5 52 90 87 25 87 38 43 50 72 65 46 95 56 80 44 24 36 69 95 90 17 67 16 46 33 93 66 71 59 97 38 96 24 43 73 14 96 93 91 44 74 88 85 55 72 83 43 54 14 83 10 61 63 30 99 36 82 88 81 20 10 18 86 75 15 96 34 44 36 29 21 57 25 75 29 10 83 59 50 97 24 38 80 91 38 68 60 47 31 79 31 86 100 83
10 50 3 44 35 75 32 86 9 95 50 43 91 17 76 82 19 49 38 65 26 82 12 90 20 68 32 1 74 92 92 80 93 65 45 51 72 15 97 68 57 5 9 38 50 28 1 98 13 51 95 54 95 34 83 60 70 19 34 26 29 21 44 75 32 17 46 27 80 96 25 19 45 91 88 49 9 10 67 86 93 12 97 79 41 56 77 86 67 46 4 14 28 94 16 99 67 36 32 52 3 78 91 54 43 63 4 63 16 99 79 75 72 32 40 65 75 43 11 13 2 15 81 21 44 90 90 12
41 62 24 29 40 99 84 96 79 55 66 45 50 73 52 57 20 86 39 68 38 81 37 71 58 24 33 29 86 17 7 68 83 8 45 70 16 18 59 1 29 49 6 57 66 47 62 86 95 37 79 54 99 39 62 77 71 52 35 19 75 9 20 13 70 52 6 15 32 37 33 29 10 87 74 15 50 8 26 50 80 86 96 94 94 100 1 24 30 52 8 86 56 42 55 24 67 34 25 51 17 86 85 27 18 33 37 45 100 5 6 60 66 41 87 98 69 79 73 39 7 89 0 14 85 83 56 39
79 33 76 99 40 81 65 95 34 59 3 26 64 16 70 67 98 27 49 89 10 71 44 38 20 52 24 0 48 83 47 32 45 37 90 30 70 85 21 1 53 67 24 36 60 72 96 11 59 85 13 53 14 60 33 72 63 6 10 75 5 76 66 93 27 63 6 24 60 35 31 77 72 43 43 60 45 16 51 29 2 69 2 1 65 92 59 93 71 61 94 27 20 22 55 93 58 37 85 14 79 82 40 23 99 60 33 50 89 64 12 13 70 45 95 100 93 38 47 72 23 3 55 71 77 83 27 71
86 63 96 78 36 14 15 2 96 55 16 35 49 92 48 15 1 49 70 75 81 25 47 55 33 54 82 79 31 79 79 7 52 5 67 52 13 44 37 80 42 34 59 35 7 24 16 92 71 73 25 4 73 54 5 20 89 88 96 21 1 14 88 80 96 5 58 87 61 36 9 69 85 25 92 59 37 96 62 55 57 53 89 36 34 79 23 76 81 1 31 41 37 19 20 38 89 74 7 94 73 96 98 41 93 82 7 48 2 93 94 15 31 50 85 54 51 30 32 38 6 61 71 70 59 15 50 98
96 15 47 70 19 45 30 100 27 34 43 63 60 84 90 12 6 64 67 90 10 38 19 37 0 13 15 8 29 74 5 89 75 71 58 43 24 42 89 44 71 65 42 54 86 95 51 13 24 72 20 68 22 13 39 3 3 57 95 54 85 69 42 15 29 41 24 29 39 64 22 17 24 30 3 4 7 99 22 32 89 76 42 98 89 99 41 26 28 74 53 16 80 74 13 48 97 15 67 41 91 5 69 95 15 66 79 58 60 27 86 78 91 60 66 75 78 29 56 50 31 12 80 94 68 100 16 11
25 36 66 51 94 97 16 54 48 81 46 21 49 21 98 2 53 68 41 50 85 52 87 8 12 40 4 93 92 76 82 55 96 37 1 98 68 3 3 68 94 29 46 17 69 71 24 97 98 92 42 50 25 32 66 3 52 50 16 44 77 64 80 43 20 85 20 9 59 59 81 68 25 75 87 45 64 70 54 24 98 33 33 30 53 33 19 16 9 95 69 38 2 19 12 25 54 23 46 20 95 0 22 100 28 30 73 57 41 18 82 75 90 61 47 8 71 48 24 32 67 5 48 71 8 60 6 69
88 99 91 20 5 4 4 43 47 88 82 45 30 5 29 53 31 30 32 70 41 93 74 99 92 55 67 30 13 68 35 31 21 12 69 72 58 100 46 34 17 67 56 39 25 40 10 82 59 97 51 85 53 71 73 94 14 58 4 80 97 41 43 95 13 89 14 26 41 4 30 88 99 39 46 22 74 10 96 82 90 99 28 61 49 52 76 100 59 48 89 20 40 80 93 45 80 0 9 43 43 48 69 34 51 15 66 87 85 99 49 94 50 68 67 80 81 59 78 77 55 69 53 82 13 80 82 10
3 86 31 37 44 51 12 79 24 3 0 36 7 77 81 76 54 100 84 31 29 35 63 57 35 69 95 22 31 71 20 6 59 84 27 95 22 78 98 39 47 35 34 38 11 91 54 53 78 56 24 64 12 52 26 27 15 41 84 37 89 23 11 51 14 23 38 61 95 60 43 89 4 20 12 50 60 41 16 98 81 4 13 5 94 71 93 98 25 70 39 90 65 33 17 44 14 41 39 14 22 60 17 96 12 75 42 60 11 48 24 98 18 9 64 64 77 39 46 37 57 28 82 0 1 77 4 87
76 10 11 28 26 26 91 32 4 51 87 71 33 49 43 93 4 26 55 61 37 3 43 84 63 3 26 20 53 79 5 62 28 35 84 39 28 64 49 37 33 62 26 41 65 33 91 99 74 61 23 52 6 99 53 27 4 15 56 89 48 12 57 64 4 28 81 10 72 33 71 88 35 10 23 50 54 76 41 65 83 23 39 77 90 18 38 94 19 61 21 53 53 12 21 12 36 8 40 68 71 92 62 24 53 55 10 99 58 90 22 79 46 74 16 90 38 23 60 49 99 16 0 1 78 63 88 82
40 92 99 94 32 31 77 56 49 73 93 4 6 6 55 14 48 43 13 69 57 66 32 86 97 1 83 23 53 56 91 61 76 100 14 97 78 58 49 43 79 23 66 88 33 48 98 65 90 71 69 25 100 63 66 14 3 99 39 11 17 87 99 49 82 25 98 39 70 69 96 63 22 15 80 64 1 76 36 99 41 83 22 25 57 38 19 92 55 71 92 39 40 71 33 15 33 89 73 45 10 6 95 95 42 9 96 83 33 97 63 51 64 62 78 55 53 78 49 53 45 64 64 0 55 78 52 73
38 8 79 84 65 77 86 7 32 49 8 13 99 0 19 10 8 79 82 91 11 39 65 66 97 80 35 24 97 0 60 4 79 69 7 15 1 70 94 79 89 96 74 44 36 39 17 47 74 62 4 9 7 26 11 60 75 93 3 62 15 74 53 73 77 3 47 79 21 21 15 9 19 37 62 89 50 27 22 96 18 18 47 48 62 84 66 65 99 44 20 8 89 46 92 88 89 71 92 31 72 75 69 36 23 50 82 48 17 48 91 77 31 98 45 95 41 99 19 94 16 8 9 61 22 22 42 84
30 80 22 5 77 43 24 77 19 46 33 3 13 87 28 54 46 77 33 26 80 49 72 80 51 8 42 18 74 17 38 90 100 82 94 13 88 48 44 40 47 38 98 37 96 71 75 16 21 78 5 92 63 62 61 12 12 68 74 48 30 73 90 82 93 65 56 2 24 19 71 66 7 18 24 23 79 30 72 93 69 17 35 61 4 54 20 59 9 5 39 23 45 62 70 55 52 27 48 0 26 40 11 61 54 94 82 32 86 34 23 82 43 49 95 88 88 73 76 98 96 12 33 36 33 56 13 77
8 14 91 95 34 88 49 72 46 33 45 15 23 22 78 89 3 7 98 16 29 99 10 62 13 63 54 39 21 74 42 67 91 68 21 46 12 82 49 45 90 40 48 0 59 68 64 42 56 13 10 23 9 6 61 90 44 42 68 35 48 61 85 53 21 44 28 37 67 29 21 69 13 99 67 37 62 3 88 88 86 5 17 37 23 23 89 36 88 76 36 93 37 94 57 89 56 100 62 53 8 53 11 55 23 80 3 82 41 55 78 91 77 73 21 2 0 16 10 74 75 80 59 75 73 65 24 78
41 91 71 59 7 5 82 14 31 29 69 100 86 63 23 15 86 21 32 13 7 67 6 49 14 36 83 37 88 73 67 98 40 1 55 17 30 97 27 34 58 69 0 10 30 78 0 47 4 94 29 28 61 19 17 98 12 99 99 91 50 23 1 93 50 20 44 64 62 90 6 10 82 55 75 12 26 49 58 64 11 59 36 18 51 76 93 79 17 52 29 75 33 95 50 4 92 81 88 55 17 0 74 31 59 85 57 91 5 16 50 76 3 100 6 65 72 34 55 1 67 69 4 64 83 90 46 68
49 42 12 17 72 60 0 93 51 52 14 92 12 63 66 15 34 94 22 25 71 42 18 37 10 58 37 84 27 83 71 43 19 79 83 20 38 24 25 16 71 22 31 98 31 74 77 35 44 57 75 15 30 52 24 25 54 34 77 22 4 18 20 52 78 35 29 65 34 9 97 34 58 93 16 56 85 83 78 15 13 90 14 22 8 35 59 3 43 56 35 55 6 4 34 10 19 60 53 86 39 5 40 56 72 5 54 8 84 63 75 51 35 81 88 37 11 58 63 52 85 78 91 33 20 64 24 71
17 73 96 73 30 54 55 89 87 69 80 17 64 41 74 78 73 75 88 53 47 19 80 69 25 6 25 46 97 1 98 27 58 4 82 43 2 64 66 39 36 7 89 50 99 83 81 80 14 38 68 77 25 48 5 34 42 77 12 86 94 8 83 58 56 40 28 93 56 64 43 84 96 21 85 31 58 35 32 73 2 94 24 12 71 33 39 55 89 86 72 88 26 41 42 36 83 77 63 2 12 94 73 6 38 7 14 14 22 82 39 63 31 73 98 24 100 40 70 49 17 24 37 32 62 40 29 44
76 38 71 88 9 23 55 2 68 45 18 100 74 82 100 51 55 41 81 34 97 97 95 33 63 62 93 95 80 26 64 50 57 38 59 8 57 18 73 66 33 92 98 24 40 89 15 46 91 86 10 2 46 4 8 48 0 64 56 91 13 29 48 32 36 48 6 81 68 2 71 33 4 39 30 5 8 83 54 53 1 65 60 75 23 39 60 66 23 31 64 95 57 35 1 24 53 100 100 88 53 27 8 29 75 71 100 94 7 94 8 46 14 84 64 9 92 90 75 57 74 96 40 1 20 94 40 5
8 59 59 60 57 39 25 37 20 92 11 1 81 29 99 7 41 43 29 81 6 16 19 44 17 84 93 12 50 13 8 57 34 44 84 50 60 89 52 80 18 53 26 16 100 94 85 19 69 6 83 18 37 40 90 78 12 96 30 10 97 20 48 19 46 79 17 15 46 69 92 43 26 16 33 23 0 14 39 94 34 78 6 92 28 28 77 76 87 20 76 51 82 97 60 16 71 8 96 88 19 33 45 61 50 48 85 74 90 57 73 49 13 25 46 70 36 2 61 40 98 0 69 46 47 18 2 56
100 8 23 25 35 75 90 31 40 16 5 99 20 23 22 27 72 18 33 90 86 86 48 40 53 65 88 98 67 83 14 21 1 76 27 54 57 79 83 96 76 25 22 4 17 20 82 26 39 52 83 26 28 96 65 47 1 14 36 20 10 90 70 73 36 75 76 78 96 42 61 15 15 42 38 9 56 28 2 2 25 73 74 16 48 10 96 27 21 36 18 85 1 78 67 15 29 46 37 52 36 71 98 54 98 35 27 33 83 1 40 23 40 25 75 11 44 62 17 51 11 43 4 83 92 28 45 2
42 56 4 36 13 64 90 9 6 3 12 86 21 31 29 94 55 45 74 12 60 51 37 5 81 8 18 43 37 47 28 3 40 51 97 96 10 21 68 58 57 82 54 88 95 44 39 24 98 66 65 46 53 62 67 80 73 19 54 74 18 46 79 84 89 23 25 49 77 68 63 21 80 42 91 49 59 1 29 84 20 34 4 12 45 33 60 51 92 100 82 18 93 8 30 5 46 100 30 77 94 65 46 67 58 28 37 44 54 89 17 83 70 12 51 9 81 3 22 24 92 49 11 2 28 53 64 15
53 54 24 99 33 9 75 8 61 64 79 54 67 78 78 47 36 86 78 0 32 61 53 27 37 49 76 39 75 9 15 78 52 44 7 15 61 49 19 31 96 87 6 29 16 23 19 97 94 98 72 21 46 16 93 57 29 21 48 42 73 33 72 0 100 95 6 55 100 53 33 21 64 25 78 89 9 17 64 29 62 8 72 94 38 80 34 62 95 19 76 12 71 28 33 46 48 13 39 41 38 38 58 91 95 71 12 12 56 46 0 91 20 29 86 19 59 10 32 97 51 40 5 24 53 8 51 53
50 51 91 81 66 77 86 70 52 17 62 95 91 14 10 12 46 8 25 76 45 64 97 84 98 63 72 15 95 2 43 51 31 61 50 95 20 23 85 19 86 74 92 61 83 32 65 4 72 54 75 60 40 21 97 45 44 17 71 88 77 28 58 57 52 2 1 34 90 36 40 90 22 2 55 49 20 69 60 77 98 21 86 33 68 29 91 78 0 38 96 2 54 49 24 94 44 9 91 20 4 42 76 69 34 0 78 83 86 38 93 54 92 86 2 47 71 22 35 68 80 86 91 56 9 90 36 54
29 75 61 21 79 92 9 60 46 10 57 40 1 16 7 53 12 31 49 6 10 7 18 73 85 22 5 83 80 44 68 59 79 90 29 59 33 35 55 28 58 98 81 26 37 61 19 13 86 83 74 79 26 88 38 83 78 78 29 71 82 6 21 92 99 42 93 17 77 17 77 44 1 99 95 29 14 20 2 65 97 87 95 4 89 33 65 48 3 16 28 77 50 90 100 92 38 99 77 87 6 55 2 90 12 1 18 80 48 90 21 14 17 1 73 93 12 89 69 90 58 20 62 47 87 76 48 92
42 12 88 70 25 10 64 31 3 62 41 74 16 48 71 30 73 4 41 46 67 39 10 34 46 5 67 74 1 44 23 20 49 18 32 90 74 2 32 86 23 83 42 85 60 80 79 17 6 85 37 37 14 6 35 39 85 28 56 26 78 72 33 44 36 13 5 0 29 56 77 94 48 72 81 45 82 44 94 57 91 65 59 87 99 34 42 7 27 48 20 46 63 8 94 63 78 98 23 22 1 51 54 77 88 83 18 51 14 23 0 32 4 62 85 57 81 43 73 20 69 55 42 52 77 57 31 65
9 96 15 26 75 14 20 9 27 11 7 0 84 28 14 25 83 33 52 9 46 38 54 5 3 18 43 82 54 68 6 95 24 48 66 96 74 71 35 69 90 38 8 90 30 6 81 64 5 29 68 50 61 52 24 39 29 30 82 35 92 60 6 5 88 35 46 46 9 5 0 70 57 25 80 11 46 48 71 34 88 5 15 72 2 78 7 69 42 10 16 54 75 67 61 68 92 45 93 56 84 30 12 82 51 65 97 40 55 60 72 53 79 61 84 44 34 33 12 91 42 31 86 13 74 38 66 24
66 51 84 14 8 46 19 53 73 5 33 23 81 63 16 67 62 49 65 44 30 11 10 11 26 37 53 3 80 32 63 4 60 77 59 54 15 77 31 91 0 5 84 25 22 3 21 41 60 40 43 61 33 79 3 87 25 32 68 33 49 2 86 49 76 58 100 0 6 13 25 15 12 27 48 39 20 12 66 52 48 29 83 74 67 71 0 12 71 79 25 19 19 98 68 59 40 53 22 73 81 18 47 39 3 92 7 92 28 12 99 93 66 89 3 44 88 17 27 49 100 65 13 28 99 34 89 62
70 7 68 24 14 38 27 78 59 79 50 17 7 13 36 84 73 67 61 7 48 31 71 62 11 97 16 44 98 77 6 64 66 13 33 16 59 17 13 62 85 44 11 16 99 79 78 73 70 43 82 12 34 49 92 52 19 49 45 83 66 91 28 15 38 16 38 94 97 15 97 73 3 21 29 49 7 51 47 63 99 15 99 2 90 80 70 78 38 73 28 69 66 2 74 6 93 16 61 86 11 97 99 55 70 82 51 95 48 23 52 94 68 8 74 0 74 0 87 96 96 32 15 26 26 4 11 0
81 23 77 87 79 81 24 79 45 33 85 2 17 91 71 32 33 99 26 37 36 29 79 66 64 34 23 92 64 90 74 30 13 97 38 19 40 10 25 10 64 43 78 0 70 82 61 5 67 13 50 59 100 75 15 35 34 80 18 82 11 42 62 41 70 75 20 47 70 73 45 12 65 14 63 12 92 48 51 6 40 44 23 69 90 68 92 86 47 11 10 21 23 18 90 55 36 1 70 13 52 38 35 36 7 43 99 22 6 27 27 88 39 78 89 18 72 97 78 35 38 52 26 44 21 84 72 18
74 94 62 44 52 55 49 20 11 21 55 49 74 57 74 19 93 100 21 96 3 30 47 62 71 9 39 60 35 46 10 32 51 72 57 54 65 66 14 43 67 40 12 4 59 72 33 66 25 24 95 36 59 42 92 18 75 22 63 6 4 67 38 45 36 80 62 86 92 0 12 52 59 21 83 87 34 53 62 70 31 17 6 95 69 23 89 31 20 89 1 55 30 13 58 15 91 58 60 50 94 70 4 11 51 87 42 71 40 83 68 47 35 25 8 7 0 98 56 0 23 66 53 97 89 83 62 74
50 68 81 27 40 29 29 30 4 35 45 90 50 58 5 57 42 89 79 39 55 18 82 7 47 50 7 95 97 2 24 28 14 12 38 10 69 12 15 32 76 3 63 47 30 86 62 54 40 99 47 34 97 45 52 58 17 92 3 48 39 0 45 56 52 73 6 73 100 71 65 15 16 50 23 96 33 49 32 42 60 74 28 85 9 94 86 41 54 61 75 15 48 91 13 54 50 68 29 39 73 74 18 21 29 83 85 69 20 73 13 80 21 38 97 53 16 68 30 79 85 87 16 53 76 52 70 29
46 67 38 96 35 25 28 87 45 44 74 22 21 22 57 94 64 93 15 31 54 4 29 36 16 0 18 78 55 97 69 89 67 67 5 18 11 1 6 76 63 12 60 52 14 27 41 67 41 91 98 80 11 20 91 44 75 63 79 54 81 34 71 100 54 75 97 22 29 7 83 92 18 81 88 31 55 84 4 72 61 1 64 0 65 50 94 26 17 61 21 93 27 84 28 14 97 63 33 55 31 87 7 76 1 99 85 19 19 5 93 84 50 40 92 93 38 49 54 67 7 85 90 9 33 49 74 40
48 65 55 8 8 87 65 45 75 85 98 19 57 26 36 61 71 65 25 77 86 22 36 12 19 10 45 74 67 17 34 31 53 70 87 17 7 2 93 53 46 72 23 19 3 80 79 53 34 33 24 32 15 45 56 21 19 28 9 71 29 83 82 94 88 32 39 1 77 87 80 92 38 86 18 66 59 36 96 95 22 21 23 2 59 88 63 47 9 46 82 91 31 56 73 83 78 74 19 98 80 29 7 79 8 57 59 3 33 8 69 6 8 44 40 22 8 53 7 63 68 32 29 31 6 35 27 15
35 71 3 35 3 73 37 26 35 42 79 3 57 24 17 42 22 0 60 69 52 93 30 93 26 40 14 32 69 63 99 4 2 0 24 33 87 38 97 50 60 100 66 96 48 61 10 70 49 20 1 31 94 35 68 46 20 72 6 18 44 48 12 33 43 3 13 9 63 70 92 36 55 40 1 21 62 14 86 85 35 72 54 24 43 90 37 95 94 46 88 6 68 3 62 1 15 44 63 46 90 73 81 88 49 48 48 89 15 66 68 67 97 30 35 37 27 99 53 23 47 56 49 58 34 45 43 4
23 43 43 30 38 98 3 41 12 98 91 51 3 53 63 18 67 50 24 90 29 27 44 82 84 20 79 61 72 12 47 45 77 87 38 86 21 13 73 81 69 36 26 23 18 59 61 14 14 24 35 4 30 10 68 13 91 21 70 58 5 18 19 20 76 70 4 13 87 37 24 51 97 42 31 48 63 53 68 49 100 21 44 11 62 28 76 91 14 15 26 32 48 79 47 67 25 44 73 22 91 40 33 66 23 44 57 4 34 47 57 81 35 32 21 37 4 8 89 54 77 16 20 47 73 47 16 89
79 75 26 70 23 55 8 52 81 9 21 34 95 23 13 4 54 3 13 92 35 25 31 89 56 91 47 8 86 23 58 73 84 65 1 63 20 51 100 49 80 31 7 3 64 33 58 3 73 44 31 36 38 29 14 81 0 69 95 42 13 35 98 83 40 56 4 94 97 15 46 53 53 94 56 61 76 86 39 17 7 87 25 96 10 61 1 73 77 14 15 100 83 33 99 51 84 27 95 71 30 37 67 9 47 51 89 83 67 73 4 53 48 53 27 71 31 73 66 33 17 25 46 77 62 80 8 7
97 42 32 29 64 22 97 20 13 32 41 64 40 93 0 27 44 74 87 64 52 37 91 49 4 93 61 25 20 28 57 42 17 22 40 60 60 55 61 0 85 59 47 83 75 9 53 72 89 54 1 14 89 17 58 52 18 76 73 82 10 26 37 1 14 40 24 80 46 49 36 75 18 79 69 81 52 67 15 0 51 79 7 36 100 100 57 17 53 90 35 88 42 76 28 92 47 2 78 31 3 17 3 72 94 20 16 64 68 83 94 95 37 40 37 39 99 90 77 34 67 97 92 59 16 51 100 82
76 14 39 55 52 60 36 75 63 98 7 93 18 61 4 59 89 43 33 80 91 67 14 57 67 74 93 48 75 71 72 4 6 80 1 87 78 78 37 17 74 31 21 80 45 83 43 95 96 18 96 99 37 3 36 45 26 31 30 54 81 35 77 33 64 42 86 61 55 28 39 62 74 54 91 14 80 82 89 46 3 88 18 28 47 38 91 35 32 57 35 23 20 40 40 51 96 57 80 11 12 46 36 86 5 3 85 70 20 68 14 90 95 13 28 40 32 86 8 56 9 21 92 41 86 98 81 2
66 79 92 5 95 73 40 96 39 62 67 59 42 69 75 37 43 13 78 65 17 69 12 44 69 49 50 70 67 68 49 31 26 78 65 9 65 84 54 40 83 80 79 39 1 79 23 43 42 75 43 100 52 51 24 42 95 98 27 46 44 88 17 1 68 35 30 61 7 57 86 86 59 55 64 85 11 1 43 95 95 65 5 75 76 90 78 90 61 52 0 99 26 85 87 71 41 3 70 97 97 70 81 55 77 95 47 47 7 100 13 46 15 67 5 38 86 90 27 70 23 60 52 17 57 61 32 89
12 84 38 59 8 45 11 5 86 22 25 96 84 97 47 22 7 88 82 9 85 12 96 79 100 3 81 46 29 78 74 68 40 20 66 24 99 84 72 26 96 76 44 30 96 91 5 7 30 18 85 49 78 89 53 81 97 91 67 95 82 59 84 19 83 60 58 39 77 51 47 76 57 20 24 46 56 25 80 41 21 71 38 27 75 51 72 26 92 12 25 71 15 60 85 33 44 28 67 54 92 14 62 13 92 18 35 40 64 99 79 87 9 31 73 8 66 31 34 55 27 50 21 0 73 7 82 79
1 53 37 89 16 74 74 97 58 67 84 63 71 65 97 56 40 54 49 4 56 84 64 89 92 54 8 38 5 31 25 94 12 96 80 98 100 66 4 39 67 7 91 22 99 41 71 27 2 14 13 75 61 9 31 14 50 0 59 58 99 5 39 83 100 82 91 41 56 2 84 42 67 1 74 91 75 4 97 54 67 23 45 61 89 29 56 25 24 58 79 4 48 33 5 81 52 72 6 43 95 48 4 79 6 75 97 64 49 100 34 10 76 77 2 77 32 35 18 11 92 25 91 30 32 7 92 90
37 73 86 68 37 31 84 84 2 24 11 100 48 34 60 50 35 100 59 87 36 17 92 48 0 20 35 85 7 28 97 13 21 87 45 41 95 29 73 7 94 32 5 62 32 83 59 40 47 13 40 75 78 5 30 1 65 1 94 24 54 97 38 24 48 28 48 95 54 14 36 63 53 80 13 85 12 79 47 36 32 49 51 83 88 84 0 29 54 6 79 82 88 32 92 7 84 82 10 53 54 82 13 44 61 22 95 47 28 81 48 78 53 74 5 59 54 59 4 92 18 31 0 46 19 53 7 37
85 5 99 9 56 0 18 32 70 42 77 89 40 67 88 46 37 58 39 75 32 61 15 4 79 14 43 43 45 45 79 11 1 93 45 51 46 81 90 80 26 59 98 76 63 66 18 44 43 36 31 60 31 30 5 95 19 37 46 87 19 11 16 40 8 80 47 94 15 66 9 12 87 17 83 14 53 10 26 82 97 63 78 2 23 17 14 97 47 25 58 4 92 1 13 56 3 61 93 47 70 35 31 71 21 65 83 36 82 68 95 39 26 31 98 68 8 20 15 90 84 73 40 63 94 4 83 94
52 71 39 80 76 72 65 14 90 41 22 1 76 96 96 2 14 32 67 81 12 4 88 1 25 21 100 64 23 21 14 45 57 38 100 82 13 3 83 86 50 28 65 50 25 64 61 22 9 23 83 57 80 0 81 99 6 36 38 50 42 76 73 81 27 84 72 67 61 9 91 82 57 70 59 55 20 78 17 65 46 86 50 42 57 11 96 97 85 46 37 41 43 38 17 30 98 79 62 66 16 3 58 11 95 93 37 37 52 30 72 22 71 22 9 90 5 34 17 95 48 65 55 43 90 10 62 48
34 27 55 30 52 9 2 96 15 60 65 38 54 55 20 91 5 66 40 13 5 22 58 5 95 12 96 66 1 68 19 70 41 27 80 88 46 86 44 55 61 95 31 64 92 82 16 98 11 81 49 87 95 95 3 63 43 62 86 4 8 25 27 2 57 100 11 85 40 38 9 37 21 72 99 84 2 80 89 98 34 28 31 42 24 26 89 29 48 11 58 27 76 58 85 28 61 94 22 72 75 88 35 32 36 37 29 24 86 45 18 93 5 23 15 55 87 7 8 88 4 46 79 39 74 84 0 96
21 91 87 44 19 86 61 100 72 38 31 2 35 48 71 12 100 68 79 23 94 60 69 59 41 65 44 6 56 98 35 90 61 58 66 100 45 23 19 47 79 79 81 38 94 81 82 21 76 63 18 35 24 50 98 36 84 92 95 31 0 37 72 2 4 53 64 36 61 84 82 44 41 15 69 14 48 98 4 54 80 66 93 38 59 97 0 19 51 25 57 11 5 93 46 65 31 63 11 86 92 93 66 37 64 86 26 47 16 0 71 40 26 39 42 83 49 75 8 93 90 63 37 65 44 91 56 94
13 17 30 9 51 9 34 59 33 0 31 4 3 44 81 63 77 92 98 38 72 74 98 4 31 6 52 94 38 88 82 91 65 0 97 90 93 49 25 35 89 11 65 35 85 13 10 73 66 23 49 96 57 29 12 25 66 70 98 12 94 96 20 63 7 81 36 0 20 16 2 94 37 70 21 74 94 29 15 30 19 99 82 64 93 34 22 37 66 2 64 63 55 91 39 58 6 26 71 32 76 96 2 95 35 95 30 70 33 57 13 7 92 43 71 50 43 27 40 72 25 19 58 6 87 25 33 18
63 79 81 92 58 94 6 75 65 73 59 42 63 77 64 84 58 15 4 76 12 30 88 82 89 35 58 56 7 82 75 58 14 88 58 58 81 68 73 71 57 21 37 38 4 91 65 72 97 98 69 42 45 19 52 87 83 54 27 39 19 93 1 20 13 83 51 23 30 77 65 88 56 60 28 47 58 87 45 64 86 91 28 95 44 23 49 59 21 52 43 37 17 49 58 91 23 91 14 9 57 11 68 26 61 42 13 44 8 48 0 77 100 68 38 70 66 15 86 13 67 20 96 25 8 71 77 92
57 21 29 40 10 89 66 76 2 94 62 1 32 12 0 57 47 96 77 46 92 68 58 76 4 64 35 51 24 20 84 34 29 53 68 64 4 86 15 0 74 81 22 22 72 78 38 43 75 83 49 69 70 34 16 48 37 95 83 15 23 26 7 12 56 34 46 53 80 6 77 69 61 19 46 76 74 98 75 26 14 91 47 53 20 91 33 21 22 23 25 29 53 79 43 65 99 45 99 97 52 22 38 30 12 39 85 87 55 46 74 96 30 79 40 98 57 45 7 58 80 62 10 37 62 63 91 38
57 7 3 32 74 46 63 38 99 67 46 68 70 79 55 59 42 11 91 63 16 64 32 47 50 41 59 6 77 42 15 13 36 25 99 35 89 11 7 97 31 21 18 30 46 29 68 6 82 87 4 33 70 37 64 33 42 60 68 100 63 99 47 46 36 73 14 88 31 83 51 5 63 68 96 72 11 0 32 14 26 47 5 53 4 99 71 48 61 89 15 4 9 1 63 63 10 39 61 67 87 79 31 38 4 17 35 18 26 96 85 3 91 100 3 3 59 76 98 20 83 76 2 13 73 28 87 39
11 33 38 78 30 86 28 48 34 42 10 31 6 68 62 89 80 81 63 81 89 1 48 21 22 95 44 96 44 13 68 61 76 68 59 11 52 20 54 42 66 16 3 44 87 19 30 99 50 46 32 29 66 86 27 54 77 7 29 13 1 49 1 9 98 8 38 9 12 85 23 88 13 65 23 24 7 14 42 9 70 88 26 36 57 17 52 37 57 63 91 9 62 53 74 33 75 72 87 19 64 31 26 41 69 38 96 70 73 9 45 81 66 83 20 46 10 59 32 79 62 43 79 28 41 44 77 59
3 11 37 94 9 94 22 53 27 33 84 31 3 33 18 53 14 49 20 39 33 35 89 78 53 85 83 75 57 94 14 6 49 64 88 16 70 22 96 92 9 31 1 96 52 75 22 96 37 75 79 59 24 89 66 65 23 5 21 84 70 20 7 41 6 44 92 30 12 22 37 47 34 55 7 3 63 0 49 94 68 5 30 47 72 85 85 21 40 46 75 80 28 11 66 50 24 34 79 26 18 64 18 81 2 15 52 90 42 71 83 84 19 5 52 83 14 27 61 73 50 15 27 59 60 75 56 69
27 21 89 11 17 54 62 91 46 30 95 21 80 88 95 63 31 95 30 32 57 21 27 41 20 84 81 26 24 40 60 35 99 1 62 98 65 91 69 27 60 3 21 70 93 77 47 78 45 44 47 77 52 73 22 90 80 83 80 43 25 88 47 77 61 21 80 95 11 39 0 49 77 87 29 38 0 99 66 17 60 41 30 41 75 9 47 60 25 78 5 79 43 65 89 71 53 28 30 72 85 59 2 3 45 25 72 86 1 97 59 60 81 72 67 74 56 71 89 17 0 92 49 0 16 34 20 5
99 90 92 18 31 19 69 13 87 82 10 55 13 36 95 53 88 18 47 21 76 86 15 73 98 94 93 65 31 99 28 76 48 18 100 67 70 65 49 16 100 94 94 84 44 52 3 77 26 100 96 94 26 52 4 79 75 73 58 80 17 62 33 83 39 38 40 57 72 75 37 50 53 58 6 20 64 21 33 83 16 25 40 27 19 66 5 89 27 18 38 74 74 45 0 28 58 15 60 58 53 60 94 18 54 22 79 34 37 70 55 76 87 73 41 59 75 93 32 67 33 5 100 0 87 88 61 25
99 71 63 29 58 32 89 37 88 84 1 85 27 76 40 39 26 58 71 3 51 21 5 62 92 93 24 77 33 40 78 26 16 20 95 11 57 46 81 68 0 34 72 21 90 15 5 6 61 43 42 20 50 57 76 64 8 35 27 38 45 88 25 3 40 96 12 23 4 97 39 56 27 1 33 15 40 92 33 70 81 71 79 71 74 31 34 54 1 62 48 8 59 57 91 84 93 67 47 81 35 8 48 91 20 29 91 82 46 6 30 74 59 26 28 95 50 15 73 4 82 1 87 67 27 15 41 29
25 1 75 62 67 4 15 44 70 51 51 4 90 28 23 15 53 1 94 23 39 87 0 14 60 54 72 32 82 28 22 78 63 62 88 62 0 65 20 92 40 44 68 46 56 95 33 19 6 17 38 5 89 68 6 50 34 0 85 61 21 40 56 62 66 50 76 84 92 73 21 43 81 31 79 32 95 37 47 94 50 14 35 36 60 15 37 60 26 20 36 10 98 77 97 22 34 8 68 1 22 8 85 30 45 7 17 58 0 22 99 62 48 1 100 32 68 10 75 98 4 91 76 48 39 12 89 22
95 9 21 81 80 39 72 31 49 8 19 59 76 38 92 100 85 5 64 77 28 40 44 8 20 92 91 19 87 47 88 4 98 64 1 71 35 80 33 19 47 10 59 71 75 30 87 95 71 18 99 78 58 12 58 74 32 86 17 31 35 24 47 10 29 25 17 99 53 60 6 86 2 95 29 1 93 93 38 30 17 34 7 62 41 23 68 69 78 5 28 32 77 56 61 5 2 8 1 91 50 91 64 15 83 14 36 47 38 27 27 39 84 92 8 22 83 63 4 57 93 63 98 30 61 87 15 2
94 34 25 64 70 66 2 37 17 37 48 48 25 36 4 71 86 75 56 21 31 4 69 26 95 79 30 21 46 37 96 88 60 26 13 19 85 43 69 32 38 40 89 69 9 46 74 29 62 11 42 52 21 34 43 25 26 79 77 80 40 76 61 22 1 62 69 97 72 10 45 11 56 17 52 13 31 29 40 71 19 0 6 68 84 62 13 51 74 13 82 91 37 14 80 33 2 55 31 99 89 43 51 84 89 18 24 60 63 63 79 17 11 5 98 23 75 6 88 93 53 66 75 22 32 27 0 18
90 9 4 51 88 9 20 67 86 89 66 69 76 42 52 82 90 81 43 14 45 100 21 68 53 94 38 26 74 92 49 10 65 46 54 90 24 31 60 81 7 38 37 43 15 41 62 0 27 82 28 6 18 88 70 41 57 22 81 24 25 94 92 85 89 38 11 51 90 36 36 22 68 21 2 90 35 23 13 46 78 21 26 94 22 62 48 11 26 3 87 44 97 77 27 31 1 74 14 66 43 48 29 90 28 43 64 79 0 65 37 82 76 10 1 6 50 18 57 40 83 95 34 52 53 65 13 91
73 41 78 79 88 50 65 80 95 34 24 25 86 63 73 55 38 75 30 89 80 5 78 48 61 39 64 30 60 58 87 4 12 68 82 38 11 48 63 46 63 95 55 72 72 96 31 14 3 50 58 18 26 41 34 27 31 90 15 42 36 70 13 53 44 77 44 90 66 38 82 61 62 77 96 100 48 18 21 86 48 95 45 74 17 21 56 48 7 14 36 97 49 5 71 7 9 44 50 61 77 79 87 29 87 55 44 29 98 28 27 44 66 49 15 0 30 23 42 14 81 2 73 51 13 10 100 9
2 93 0 90 60 60 21 84 59 83 30 65 99 57 9 42 25 4 95 92 54 32 0 20 25 20 29 44 65 68 3 20 31 25 49 73 42 85 19 61 6 64 37 81 75 63 30 36 24 20 45 9 88 74 6 83 62 8 37 14 4 55 36 45 11 70 53 31 78 76 1 90 49 8 67 55 95 28 31 41 93 23 95 79 54 63 48 40 74 48 63 37 55 25 96 49 88 14 19 23 43 65 39 63 89 8 66 20 47 42 99 36 57 57 97 28 51 54 57 3 28 15 94 85 88 49 29 16
86 67 34 74 57 70 1 58 14 28 22 19 37 65 27 8 45 63 17 61 24 84 20 31 65 32 63 75 83 69 70 9 95 33 75 92 81 24 41 2 49 48 25 12 65 8 58 13 34 95 52 82 3 75 13 89 51 36 47 32 78 94 62 94 6 86 50 30 76 64 26 22 93 57 20 60 79 100 19 43 31 63 100 57 98 35 49 75 33 53 42 53 75 67 87 3 30 51 21 35 43 22 82 72 32 65 76 18 52 21 81 2 89 75 72 50 21 55 50 57 33 53 77 70 27 8 95 34
23 22 47 76 20 60 72 73 29 65 1 16 67 80 32 29 2 72 92 63 76 54 28 12 32 36 36 22 3 29 17 16 60 98 44 23 23 2 60 47 49 10 5 44 88 3 53 65 34 24 61 97 99 7 63 3 63 12 89 2 82 55 95 76 91 24 5 81 50 36 45 14 33 83 24 83 74 76 70 90 14 3 46 5 63 81 52 1 97 2 95 63 24 58 52 77 39 17 6 65 92 91 41 17 74 37 73 89 51 3 1 49 49 69 70 36 54 77 91 12 6 71 16 39 28 22 16 57
51 21 57 34 78 3 69 88 47 69 2 48 87 42 28 9 57 96 55 3 22 99 90 71 85 81 2 27 3 96 25 5 51 64 16 33 93 44 52 64 97 28 20 14 58 94 46 36 20 59 7 45 45 45 94 82 41 40 21 55 76 31 72 32 19 31 23 93 89 18 27 49 20 91 15 60 55 71 87 42 4 88 50 45 34 98 70 93 55 80 90 31 8 57 73 55 35 64 48 5 74 96 95 32 39 10 6 3 83 17 9 45 9 74 60 41 90 13 93 50 6 16 53 21 85 100 5 5
87 78 60 56 1 24 84 3 31 83 99 49 61 74 34 45 67 58 28 30 64 61 36 49 30 47 67 44 80 29 41 81 2 2 56 1 63 92 87 69 22 38 32 79 18 66 16 98 4 59 54 55 95 32 97 68 48 71 23 85 56 36 10 61 18 10 39 98 73 84 9 33 2 41 4 42 90 23 15 43 53 23 29 29 0 76 88 97 21 60 51 2 11 54 94 94 9 69 46 80 78 49 26 41 65 54 19 47 10 46 22 6 44 82 22 46 30 97 96 83 87 71 52 14 55 52 83 17
75 8 74 24 7 31 87 53 12 64 38 2 79 78 4 76 69 90 84 45 82 7 13 11 41 0 53 79 39 40 68 47 66 89 7 25 57 75 84 19 39 87 27 36 36 40 69 93 18 15 22 34 72 54 1 87 12 48 26 94 11 72 61 5 29 11 58 24 8 25 83 85 61 32 9 63 70 74 65 45 8 35 72 17 78 25 85 33 80 60 53 14 63 68 71 10 58 91 64 22 18 79 12 87 81 36 44 23 88 26 19 20 5 85 83 63 96 62 22 53 5 3 97 23 24 64 26 74
66 47 69 6 80 18 43 61 31 65 11 13 48 69 12 81 24 80 17 40 68 60 6 68 31 70 7 33 95 82 49 100 97 20 61 63 74 38 29 67 61 81 54 14 65 12 66 33 95 96 1 10 68 68 61 33 43 62 85 95 18 29 96 49 53 74 93 3 16 55 43 22 32 85 28 16 37 52 24 67 37 14 4 14 41 80 55 13 25 52 33 66 94 12 64 6 0 86 64 42 3 30 73 87 85 47 79 65 15 49 55 5 36 96 15 9 55 54 98 14 37 20 30 71 28 21 65 56
92 60 75 25 64 29 69 32 16 18 91 82 93 72 45 64 60 22 15 77 55 62 87 5 67 66 3 9 29 20 87 79 92 97 59 41 52 12 99 86 7 34 59 4 38 45 73 92 12 93 46 3 1 34 76 62 66 60 83 52 5 49 26 33 31 79 100 11 27 31 81 93 8 20 73 97 12 21 86 82 56 61 32 44 53 91 23 33 81 46 86 63 70 64 51 61 91 88 75 75 91 67 58 26 20 3 86 40 40 92 18 100 9 60 14 86 20 83 33 28 18 76 94 1 53 81 26 34
44 98 18 3 37 56 15 78 66 51 30 80 47 90 12 49 82 31 94 54 73 76 72 1 43 28 12 50 23 98 32 30 36 5 96 26 61 6 74 59 51 83 56 35 96 35 11 54 39 42 13 68 84 81 7 47 11 34 32 27 81 26 26 21 87 30 13 44 82 98 31 27 60 49 75 1 24 67 94 76 89 8 7 59 86 64 0 61 70 74 74 92 49 90 86 85 25 21 33 80 52 31 3 12 27 39 28 58 13 81 47 52 85 75 65 9 73 95 14 54 91 58 23 25 24 98 24 25
56 6 85 34 92 41 24 36 54 65 37 55 48 35 40 34 54 62 31 20 48 13 5 21 67 77 2 15 13 66 71 95 51 34 24 0 98 81 32 40 64 70 28 15 15 83 49 80 80 72 6 65 10 5 70 37 54 66 48 13 21 38 17 84 38 72 53 51 85 42 28 29 1 80 86 16 70 0 36 6 34 1 31 13 59 55 3 32 66 71 23 19 80 49 46 10 58 93 84 87 0 13 16 65 78 86 80 79 55 62 83 47 5 34 40 64 97 39 55 3 79 71 27 89 41 63 13 85
