72 1 90 41 59 81 41 16 65 92 37 10 93 58 60 16 19 84 74 77 44 71 12 94 59 54 73 78 100 18 58 87 79 55 46 25 26 96 29 92 7 27 37 25 4 97 92 77 55 10 30 55 50 39 3 43 43 82 93 21 7 41 23 93 37 43 3 76 24 96 46 29 11 35 55 84 98 35 66 28 10 59 97 90 75 97 61 36 42 30 93 9 9 51 60 89 86 59 63 8 76 97 53 12 78 11 36 7 87 34 83 32 13 25 5 3 92 21 86 51 51 81 5 5 60 58 69 66
65 41 43 24 96 22 55 38 25 26 87 8 50 20 17 60 33 84 88 75 22 46 93 43 83 83 13 78 93 81 50 85 89 87 26 77 15 30 12 4 12 61 54 64 82 52 77 17 56 23 96 67 38 16 72 34 84 81 16 89 36 3 49 50 1 46 9 27 38 66 95 91 54 88 38 55 48 1 11 58 4 68 1 82 85 78 71 15 64 83 56 7 23 93 74 35 68 21 21 24 36 82 73 58 80 17 68 14 62 1 80 15 46 49 73 56 92 6 57 97 72 80 66 19 10 52 59 70
57 87 49 39 1 9 56 36 67 61 3 64 66 42 66 12 91 100 90 69 47 32 29 41 22 14 32 96 34 36 7 47 53 8 15 92 46 61 69 96 85 91 7 36 99 49 83 24 3 36 43 3 1 3 78 97 36 32 93 20 74 59 46 65 21 20 45 63 20 87 32 47 100 56 42 48 37 68 32 26 66 86 72 25 50 78 31 59 62 79 9 48 12 100 22 43 48 4 83 0 13 59 57 20 67 50 39 24 23 51 84 53 36 76 41 92 21 24 44 94 48 20 78 86 77 82 21 52
92 84 57 45 6 24 10 68 53 11 85 47 31 12 35 47 10 39 3 2 50 80 82 59 30 66 9 0 10 63 16 48 10 23 68 10 36 97 87 92 76 7 87 12 53 33 74 48 24 38 67 36 78 89 71 53 92 21 86 96 19 76 41 13 69 22 55 24 25 30 91 17 99 73 23 82 23 20 36 14 83 5 33 60 78 93 11 23 56 77 22 33 22 16 100 79 89 99 23 90 37 100 97 95 54 89 70 82 100 22 13 41 67 83 59 33 74 39 32 47 73 91 95 63 6 72 99 12
7 98 79 39 75 90 1 84 22 58 6 91 15 4 86 45 5 97 80 39 49 9 0 55 41 43 51 73 51 39 7 21 87 42 89 33 11 30 42 27 97 69 6 72 48 67 33 56 50 36 89 25 48 24 7 9 28 81 16 100 94 80 18 30 93 29 56 33 48 33 27 48 43 55 10 33 29 69 9 64 52 70 46 27 3 9 11 91 50 71 48 98 64 97 32 62 19 64 47 80 12 82 72 56 80 64 69 33 46 87 27 44 7 92 45 34 23 3 87 53 56 76 16 9 57 84 5 98
70 83 6 76 55 19 9 62 49 74 81 11 41 50 8 3 47 81 11 15 67 22 67 83 78 5 40 53 77 99 93 80 58 10 51 77 46 90 38 88 78 74 65 25 69 12 37 39 77 23 82 43 50 42 95 6 71 89 13 43 87 0 18 17 44 38 18 17 39 81 92 87 26 93 59 56 23 91 58 86 7 5 59 49 5 59 95 36 28 93 14 36 61 87 80 70 0 68 68 53 69 11 25 1 66 95 17 52 91 52 96 39 39 9 47 10 40 72 20 46 54 19 80 72 44 90 69 8
61 15 98 28 49 64 37 55 9 59 38 67 32 61 97 37 57 16 56 0 7 55 60 99 70 63 59 35 77 73 4 81 7 13 15 96 7 55 74 13 28 85 59 75 97 12 25 50 25 2 54 71 89 68 88 19 55 32 65 90 34 58 12 16 80 33 24 34 43 53 95 24 69 54 73 79 29 17 39 27 84 86 61 31 84 93 59 47 85 6 37 25 29 76 4 50 49 43 97 44 34 71 62 87 11 18 24 66 77 84 66 86 12 93 91 62 65 20 99 62 29 27 74 76 17 58 62 73
12 87 27 9 0 29 57 93 4 42 18 52 57 43 49 25 39 10 22 87 99 90 30 66 20 77 6 25 51 79 33 0 24 36 82 77 71 71 79 10 5 3 71 70 51 42 63 52 38 30 36 82 13 36 94 67 54 74 75 77 96 41 34 51 46 85 84 60 15 44 48 32 85 17 90 23 37 51 2 90 9 34 70 9 97 35 38 16 83 47 11 13 48 45 81 22 98 94 62 62 83 99 88 67 23 55 14 77 44 54 70 71 16 43 99 61 25 23 6 87 81 28 64 87 6 36 41 51
63 78 45 31 97 92 37 91 93 75 53 14 4 11 7 47 70 51 92 81 40 71 99 65 1 95 54 30 59 30 90 81 96 98 80 92 96 33 52 21 99 27 28 30 67 91 21 15 5 7 4 72 96 8 44 88 39 19 83 76 64 23 53 99 81 80 90 79 32 73 0 7 8 1 67 97 82 5 56 61 35 18 15 84 52 0 74 97 48 46 31 13 15 81 55 54 28 91 31 49 44 74 80 7 9 74 74 88 3 21 58 80 0 44 85 47 41 7 89 29 69 11 41 28 98 31 13 81
90 14 26 94 52 46 89 28 47 34 55 51 32 71 91 26 30 72 0 27 79 26 93 99 11 9 97 17 61 24 51 95 37 87 85 60 70 66 30 69 64 23 46 73 9 8 41 100 25 80 24 11 43 55 64 77 9 80 81 48 14 18 11 100 6 88 36 14 68 38 72 42 20 33 34 16 21 99 72 25 27 20 64 64 75 5 52 95 34 1 73 94 51 92 56 73 64 3 61 73 17 65 17 23 40 60 13 24 52 82 0 38 5 23 96 14 76 30 18 25 13 54 79 78 48 60 12 50
33 9 24 77 87 87 91 12 21 88 1 98 79 69 65 69 98 50 96 30 87 7 57 3 7 99 3 34 97 19 58 94 52 54 5 0 54 8 25 60 87 19 89 65 18 56 68 24 72 6 49 6 7 34 39 97 21 6 0 32 79 85 21 30 92 94 75 9 72 62 56 65 76 10 14 100 15 62 54 71 99 31 32 40 22 51 5 91 84 78 49 98 77 57 29 98 97 33 18 80 46 76 61 51 45 80 15 62 13 83 65 20 91 50 73 35 75 66 28 15 89 21 49 90 94 99 27 1
96 23 57 97 1 93 5 31 6 24 59 84 2 42 14 73 77 7 88 81 11 11 79 18 63 18 13 4 32 88 52 14 28 19 74 60 62 30 60 63 38 9 87 51 15 22 60 43 48 55 31 22 100 46 90 84 79 91 69 78 59 83 44 78 43 99 29 92 83 75 60 88 35 4 11 20 36 23 10 65 69 54 80 94 97 76 81 71 19 30 31 75 64 12 39 87 15 46 67 87 66 100 14 57 5 79 87 79 89 41 8 51 96 9 3 20 49 50 24 82 79 37 11 16 64 30 77 75
32 61 61 30 93 76 2 85 64 53 97 27 67 99 80 100 92 78 6 13 79 62 1 26 100 36 77 81 4 28 46 79 64 62 90 1 4 41 69 79 7 84 89 76 21 4 88 84 86 70 78 38 32 78 36 88 33 93 93 55 39 90 83 79 72 15 53 28 7 98 74 36 58 90 27 36 48 25 54 59 25 66 57 0 20 32 13 2 74 15 66 65 7 94 7 9 70 72 20 75 49 31 64 79 15 80 15 51 61 89 56 89 68 23 4 42 49 32 77 26 14 6 1 67 23 26 47 14
48 43 79 75 60 96 40 96 82 72 45 54 13 1 91 17 16 34 12 63 77 56 19 1 45 2 49 4 97 52 29 45 99 92 84 60 32 82 76 17 61 24 84 77 30 24 5 90 74 73 38 5 66 52 4 11 8 42 10 61 28 78 28 97 86 37 16 15 92 91 4 98 28 41 15 42 14 4 74 29 84 20 63 8 16 41 94 79 19 48 97 24 41 54 81 53 95 1 28 76 11 83 83 100 46 87 87 39 12 92 0 92 60 90 77 89 80 59 1 40 96 60 8 32 20 66 91 11
95 34 42 64 88 7 24 51 41 62 46 59 76 16 2 5 0 57 61 52 68 83 85 39 99 39 9 31 52 94 0 42 38 14 99 39 84 34 20 69 5 10 86 38 88 45 19 96 16 54 55 7 84 80 62 21 60 4 50 63 39 0 23 24 83 67 18 36 9 34 45 94 21 41 35 28 83 76 70 87 85 43 94 75 21 5 71 20 29 3 51 84 12 14 36 64 7 19 97 66 99 35 30 21 71 9 72 16 99 97 72 94 21 48 96 93 42 49 21 49 53 7 74 76 27 80 31 75
24 43 29 71 20 80 22 7 6 57 74 95 90 26 36 65 33 34 82 54 28 2 46 4 20 14 79 47 19 31 38 76 19 28 41 27 28 71 67 14 47 11 85 83 4 19 59 30 65 48 54 80 7 40 90 52 79 47 76 98 100 39 100 30 49 18 86 52 100 48 15 86 26 34 39 6 91 13 59 47 90 67 33 44 23 24 58 88 37 83 25 73 30 47 81 21 71 5 41 89 91 50 60 70 95 69 16 54 97 48 42 48 26 41 90 51 81 87 72 16 80 45 69 90 90 4 35 72
28 55 81 18 78 77 24 0 25 77 54 26 40 84 80 90 69 26 99 48 66 32 13 71 100 38 42 71 60 99 6 75 36 26 4 26 42 39 75 96 56 23 42 97 34 2 81 29 9 27 25 71 7 63 13 14 41 3 79 60 100 88 16 94 85 81 12 27 11 1 29 17 77 67 58 98 12 1 8 8 39 95 36 17 82 76 32 51 32 44 70 76 6 54 60 9 51 63 70 45 48 88 20 39 51 27 52 85 80 1 60 64 39 52 67 83 26 92 73 85 89 18 84 84 69 94 47 72
57 64 55 82 29 73 16 16 51 85 51 64 70 92 91 6 92 31 86 75 60 25 32 60 9 27 98 35 99 37 55 93 99 57 57 9 58 75 98 94 26 31 98 55 50 72 2 38 9 99 49 63 46 76 80 71 11 71 62 25 67 99 95 83 98 19 93 51 19 35 98 88 46 51 18 24 71 80 7 24 14 1 17 98 1 35 72 68 89 4 80 90 71 50 22 98 12 88 79 84 27 89 57 65 60 87 95 54 32 10 54 50 3 66 33 59 76 47 29 88 10 87 15 46 51 69 92 18
84 4 13 72 4 67 51 67 42 64 87 8 92 83 98 21 73 48 19 94 41 22 83 81 40 2 15 14 31 8 23 85 36 96 53 8 74 20 58 99 0 79 99 75 22 8 40 87 88 42 43 99 22 57 88 41 1 12 29 76 77 100 89 59 34 73 62 60 0 4 30 57 43 29 67 70 14 31 36 43 1 64 69 59 76 19 28 20 27 68 45 48 15 14 23 4 49 32 27 27 53 24 83 29 56 20 88 49 57 2 3 19 10 36 76 50 1 73 69 49 86 25 52 34 32 70 77 70
2 52 9 27 46 34 15 33 20 10 28 84 34 74 8 19 70 81 65 76 3 99 54 74 91 96 85 15 3 46 80 84 47 38 31 41 30 36 78 20 74 96 17 7 100 11 46 99 22 37 54 4 86 49 60 75 98 22 35 88 1 77 54 54 41 50 26 70 10 33 8 90 70 41 21 62 63 24 70 14 19 28 49 59 2 6 27 25 9 62 37 10 100 39 1 14 79 39 98 59 35 43 50 69 20 40 93 52 92 34 43 33 53 55 88 91 66 44 78 64 95 53 61 59 21 35 99 72
17 86 5 7 42 41 69 65 35 64 39 93 88 44 7 76 51 34 94 95 16 12 76 17 100 71 39 100 57 1 88 66 39 72 93 65 22 88 55 60 11 68 2 65 52 45 43 65 13 32 41 78 13 73 80 63 90 56 3 26 54 92 53 6 90 3 78 22 28 58 54 29 19 54 23 73 87 1 80 100 11 6 33 7 23 85 73 5 30 66 96 55 39 75 38 47 66 70 49 85 75 89 50 51 4 97 77 34 15 70 95 37 59 10 50 35 29 75 38 70 54 37 40 85 26 49 44 0
9 25 93 46 17 94 11 30 89 79 2 37 11 84 96 31 60 13 39 48 33 93 59 33 69 30 72 43 72 31 41 2 13 1 89 38 12 26 95 83 83 66 68 75 48 94 64 82 8 78 30 84 54 80 29 74 67 63 89 100 94 25 89 74 42 51 12 15 71 48 99 34 2 32 57 70 15 93 73 44 42 79 2 80 75 32 82 67 49 80 15 36 43 84 0 98 58 42 100 54 48 81 19 45 28 75 29 43 31 28 8 6 52 25 53 12 98 31 97 86 4 86 74 47 92 29 93 37
26 24 79 79 67 51 90 18 67 51 36 81 84 12 95 96 6 54 52 14 40 46 29 60 31 13 59 91 12 72 40 26 99 89 44 7 8 0 13 66 23 14 44 38 67 3 84 62 62 17 99 75 38 99 89 30 8 88 84 17 46 100 77 1 42 49 22 28 34 18 85 58 45 31 5 74 84 60 58 18 93 56 96 14 27 99 57 35 52 22 99 5 59 86 45 46 41 24 16 85 79 28 40 31 6 27 17 64 74 41 30 50 11 89 50 20 31 83 34 57 82 19 15 43 48 3 21 38
49 40 76 64 74 11 96 11 99 88 17 1 75 95 12 92 33 92 14 13 97 79 100 64 73 60 9 84 6 64 21 40 46 45 5 34 72 46 10 95 93 20 97 52 10 70 60 39 68 99 31 14 26 16 40 16 17 100 49 14 43 21 13 1 11 57 8 74 7 46 39 85 46 65 2 19 44 54 53 22 22 81 59 2 100 59 87 34 77 29 8 5 22 41 16 98 69 71 33 52 89 53 46 41 44 75 40 38 57 55 70 53 33 51 79 81 94 15 40 24 5 32 45 93 90 96 73 11
15 0 17 43 53 61 41 98 85 72 31 86 63 18 49 60 5 59 96 63 51 45 2 10 99 7 55 12 90 60 64 26 88 99 32 15 34 96 4 14 39 9 52 69 49 53 70 75 16 63 3 71 53 98 43 51 79 93 30 76 34 68 47 22 45 67 41 25 51 18 8 4 73 43 17 74 10 25 84 31 96 24 9 76 4 91 17 22 8 51 91 59 62 68 21 19 93 54 72 50 36 96 91 31 63 38 76 94 83 95 10 15 27 96 9 61 24 51 39 35 40 27 18 26 50 8 92 57
85 95 44 62 28 53 90 5 96 93 95 84 10 49 33 35 9 52 40 0 15 26 99 5 57 64 67 44 48 13 27 85 67 99 81 11 72 62 34 94 58 88 43 54 30 57 5 68 60 47 5 4 36 99 28 60 20 53 42 58 32 69 12 26 40 3 40 40 73 51 61 21 61 61 8 100 2 72 24 65 8 89 7 33 58 25 90 71 43 90 91 24 85 23 28 56 89 96 95 43 34 3 50 89 100 36 77 97 23 32 3 61 43 99 37 39 22 91 4 15 94 80 56 77 51 100 63 42
30 17 27 97 11 24 65 51 24 46 39 32 38 8 59 84 11 59 20 7 11 84 75 34 72 31 42 81 0 21 51 8 32 5 91 68 16 23 98 76 24 78 100 8 92 46 89 96 4 85 90 62 55 82 75 54 11 56 22 50 94 85 37 94 88 58 99 52 73 33 89 29 33 4 45 43 26 93 29 31 54 35 56 30 57 31 6 66 12 58 73 90 13 18 75 94 86 98 55 28 22 46 26 8 29 17 16 12 94 11 44 80 0 97 31 52 19 3 90 75 42 5 95 1 8 73 48 6
35 22 54 75 79 46 14 5 94 0 1 82 47 23 88 15 21 64 20 35 82 70 51 71 0 9 63 77 73 12 26 93 33 63 37 3 2 1 18 42 48 47 2 24 5 29 32 51 71 67 97 62 98 31 44 65 86 63 20 27 26 64 7 33 71 53 0 93 92 47 47 81 69 84 93 57 83 65 42 33 16 20 9 37 27 28 70 55 48 18 44 97 4 0 32 7 93 77 58 24 50 96 18 66 99 94 77 27 69 95 73 95 14 88 88 91 96 70 30 56 27 90 75 8 50 55 53 2
57 99 45 71 52 40 18 73 37 62 72 87 17 77 84 18 85 45 91 29 4 49 14 19 31 29 6 38 9 92 100 35 12 62 54 76 13 48 20 29 9 78 67 46 59 77 78 52 26 47 69 91 5 3 16 56 39 92 83 11 68 15 8 87 58 6 42 47 50 13 58 67 97 59 100 92 13 31 26 75 29 24 38 61 99 34 19 15 77 9 69 26 21 3 47 35 62 32 3 28 84 43 56 57 17 74 3 74 23 9 10 12 59 62 52 59 21 34 84 29 82 22 97 13 88 78 99 71
13 97 42 58 40 24 21 99 8 39 18 59 62 57 53 72 48 4 70 50 65 42 89 85 75 14 38 74 55 59 74 87 72 72 83 27 55 56 60 95 14 27 65 93 96 95 70 49 77 1 8 91 49 77 58 97 91 12 4 58 67 31 23 4 62 0 84 52 31 10 9 20 20 13 81 54 46 44 73 68 5 54 36 39 85 53 67 100 79 84 60 97 82 97 73 46 82 70 46 38 55 49 5 71 88 60 91 54 14 34 31 90 29 100 72 26 3 18 97 77 93 28 64 29 67 97 24 49
55 94 62 3 87 63 40 70 95 45 36 97 69 36 80 16 49 34 68 99 40 45 42 50 64 85 65 21 63 89 14 51 95 75 29 18 1 79 96 95 57 0 77 14 27 18 53 33 95 64 30 17 40 30 31 33 79 48 18 18 94 33 40 52 73 78 71 77 25 86 60 56 15 12 42 29 38 86 100 9 100 72 16 61 26 84 34 5 17 0 30 14 70 99 78 89 6 45 14 81 73 88 7 33 98 80 34 64 55 44 63 9 34 72 47 56 97 39 77 29 98 35 15 56 41 36 93 41
19 97 84 55 46 18 28 100 24 60 71 4 77 92 95 30 16 17 20 75 6 43 49 15 9 18 50 38 74 14 84 26 80 95 82 81 12 12 31 60 20 41 9 16 81 87 80 74 49 93 42 29 44 27 90 97 86 37 46 59 82 21 55 85 51 73 52 20 4 9 44 48 90 8 99 6 56 12 25 85 2 64 62 93 71 75 19 53 68 30 44 67 46 94 45 92 18 55 61 99 94 69 73 80 51 20 88 50 63 63 56 22 24 38 54 27 81 55 26 38 76 36 71 8 54 42 22 97
27 70 65 34 60 62 17 60 20 29 68 54 58 83 77 35 93 25 11 1 84 91 69 37 33 84 73 91 28 43 78 50 98 34 98 7 35 8 75 32 95 38 57 84 9 59 10 63 31 67 74 14 93 36 19 47 71 69 84 19 42 91 69 87 20 14 34 68 36 53 74 35 14 1 59 37 89 74 34 78 2 70 42 0 52 4 39 56 80 86 4 48 23 82 7 40 87 3 86 8 79 50 95 63 27 95 41 1 72 75 23 53 23 47 62 24 39 51 16 55 44 59 17 35 12 29 95 47
46 73 66 96 77 60 16 56 30 33 97 38 58 69 60 69 67 16 21 80 87 1 74 72 59 8 42 14 10 72 96 1 57 1 55 47 57 91 17 8 80 18 9 6 35 0 52 53 18 85 91 44 93 71 41 42 94 16 24 41 42 79 68 48 29 90 0 12 63 38 42 95 15 73 46 19 17 63 18 78 44 85 4 10 28 29 26 30 2 49 41 48 84 27 24 20 29 4 18 95 94 51 13 23 78 71 85 71 3 79 76 42 51 33 19 29 72 85 85 65 21 27 0 46 36 30 21 81
48 19 33 77 51 90 18 39 23 82 32 28 79 93 68 65 100 38 83 46 93 54 25 15 44 44 88 0 58 68 44 78 96 82 43 22 81 73 33 78 11 50 47 0 30 29 94 97 34 0 47 35 71 44 13 15 43 32 78 50 80 16 48 34 15 9 100 80 77 92 23 16 0 22 86 31 72 24 41 52 61 89 90 27 36 65 2 4 13 46 30 43 18 74 76 52 77 12 77 62 96 74 19 1 54 74 54 70 56 65 56 17 57 83 42 47 37 72 42 34 18 98 72 36 100 43 81 19
76 15 52 99 34 85 100 40 48 16 80 37 19 95 84 85 87 55 67 66 95 47 41 43 3 28 76 24 44 21 72 36 7 64 77 26 35 71 81 33 54 38 59 68 92 98 43 92 41 51 43 1 54 86 0 83 71 82 21 90 67 42 63 65 66 39 94 19 34 17 47 11 59 92 24 14 68 81 47 87 68 14 21 32 96 5 49 51 82 73 9 51 76 59 71 69 66 20 82 27 6 47 92 11 34 83 52 54 71 1 79 5 13 1 68 93 67 65 78 79 38 55 81 41 11 50 89 90
100 21 2 12 7 19 60 16 65 43 23 68 54 62 85 34 85 15 4 89 10 15 98 83 76 56 67 98 87 56 41 99 45 10 54 75 87 89 43 41 31 95 60 52 88 41 96 52 42 60 73 48 81 87 45 48 11 45 85 35 37 50 86 17 9 33 85 64 33 90 67 14 87 70 83 67 86 4 92 96 90 44 91 32 56 36 74 40 30 94 39 96 37 65 52 59 0 92 44 79 58 75 66 41 51 63 71 86 90 81 64 33 4 46 72 85 74 5 88 8 99 11 56 61 24 63 2 31
49 53 45 68 35 24 90 20 36 92 83 43 50 76 49 62 43 19 37 6 25 75 35 91 82 6 31 30 59 16 65 92 37 55 75 68 86 64 27 86 86 31 47 62 3 97 72 81 0 99 15 64 77 16 3 77 48 44 11 28 59 7 81 36 15 35 62 15 91 59 28 34 80 59 7 1 51 42 16 60 54 78 78 25 77 50 15 67 60 79 83 88 30 35 94 67 45 95 58 1 72 26 5 3 90 67 74 53 18 71 40 8 31 54 57 1 67 73 55 66 31 78 29 86 49 42 56 69
72 11 5 28 74 71 7 44 25 23 64 63 2 33 23 6 27 83 36 75 41 41 59 60 17 45 72 21 3 15 41 58 94 65 94 44 45 52 71 73 8 64 17 30 86 17 87 81 39 89 18 4 68 39 48 74 9 12 35 56 78 4 43 5 52 39 59 3 87 43 7 15 32 1 27 67 78 58 16 69 89 63 1 50 1 31 80 4 13 64 60 22 4 54 42 41 23 100 42 60 2 74 72 36 11 99 20 98 54 27 19 88 99 47 72 35 93 28 76 66 74 85 52 54 30 9 27 90
64 19 61 65 48 83 97 61 21 92 81 92 20 87 94 1 51 36 92 75 83 44 78 57 22 55 41 75 41 11 89 93 91 81 3 71 81 78 8 41 33 44 53 38 87 16 54 93 3 33 18 93 25 64 5 18 93 95 38 51 31 67 97 92 48 26 37 83 10 68 12 88 63 18 38 8 46 16 41 93 84 96 11 84 40 69 45 32 3 55 3 1 80 63 50 35 8 45 3 32 84 16 59 78 86 12 51 2 48 13 59 54 12 25 63 59 50 72 5 8 33 96 52 40 59 99 13 49
62 81 96 82 32 19 41 91 3 6 39 86 69 34 18 48 35 56 65 66 78 78 71 31 31 37 98 2 49 68 54 87 73 7 27 74 97 8 43 99 28 86 47 37 40 92 87 34 51 82 30 35 78 58 91 10 96 41 72 79 26 74 35 14 56 61 42 45 40 91 53 72 75 3 55 23 50 35 4 92 49 51 68 93 46 5 96 21 42 55 10 57 56 77 49 53 55 72 86 61 4 94 63 75 85 78 35 19 98 80 70 92 42 3 97 4 65 16 56 44 13 24 49 45 51 38 64 10
7 19 20 36 92 60 96 53 100 71 27 13 46 32 70 59 72 99 7 12 6 81 28 90 81 40 57 5 75 22 10 32 12 17 0 85 22 15 16 67 100 7 15 40 44 1 2 11 86 28 26 82 54 28 11 42 77 9 41 59 82 38 89 24 47 23 86 53 84 75 12 50 19 59 99 86 72 62 45 55 81 84 1 96 56 56 24 69 100 0 28 73 20 34 82 54 26 86 88 44 91 32 89 92 75 13 67 88 11 10 87 87 80 41 79 28 5 10 31 54 9 14 79 91 22 32 16 52
75 42 57 34 64 19 22 66 84 11 64 17 97 77 69 28 82 0 13 8 4 54 16 4 23 96 42 68 13 83 64 98 69 50 93 77 62 47 12 18 8 19 88 80 37 81 28 58 14 81 65 18 28 40 38 68 82 98 56 95 75 26 30 73 36 43 38 27 26 13 50 78 92 93 17 68 61 96 40 77 85 25 60 15 43 86 74 37 66 24 40 83 1 78 43 59 54 23 55 96 11 65 82 47 80 20 78 98 100 48 0 79 37 7 39 0 23 16 2 91 34 61 42 6 7 42 69 43
61 67 92 16 1 95 60 20 35 74 56 34 54 53 86 76 47 40 76 66 47 42 51 50 37 14 46 82 83 63 23 70 53 7 95 77 72 80 24 20 73 1 95 66 41 25 63 74 8 21 72 20 66 32 75 20 41 76 89 91 52 68 74 23 14 32 75 3 41 3 2 54 90 48 39 1 82 63 63 96 6 52 0 42 90 62 67 34 48 90 88 17 73 68 80 94 33 54 60 0 97 78 0 90 78 10 58 8 77 98 33 56 75 15 54 94 34 59 39 81 51 81 27 55 94 72 14 17
21 63 29 52 85 81 95 93 36 28 14 18 56 18 45 85 2 5 1 38 60 47 99 49 40 53 39 34 40 44 33 58 53 58 0 31 73 37 61 39 62 24 51 75 41 75 91 100 72 44 93 47 36 30 59 9 31 51 59 49 9 41 50 89 40 48 34 89 67 68 88 29 8 45 24 99 20 6 100 1 27 48 38 85 65 4 47 80 32 24 21 2 99 3 93 29 86 8 94 39 8 57 90 5 59 75 45 43 9 16 3 73 57 89 97 42 62 11 83 4 97 46 99 58 78 13 44 46
60 78 81 94 32 89 95 11 96 64 45 5 18 19 96 45 100 94 69 80 27 16 14 42 64 80 98 37 22 45 80 35 99 29 68 61 59 34 81 84 54 58 12 6 63 26 9 28 93 83 50 98 54 31 35 0 33 66 84 56 34 25 4 41 34 25 38 54 54 1 42 15 38 34 84 43 100 95 38 76 25 6 35 66 6 98 82 87 37 11 22 14 84 1 81 19 55 47 15 43 26 76 39 61 90 48 74 80 62 28 98 18 22 56 56 98 81 39 80 64 13 46 41 83 32 31 84 77
90 2 13 71 10 60 83 39 16 88 97 61 47 70 15 58 98 10 80 71 8 17 43 62 37 8 21 11 24 50 95 82 85 47 32 83 77 29 98 77 69 61 25 43 54 82 70 72 79 79 93 98 25 51 22 87 31 32 36 9 17 8 37 50 10 48 38 93 43 53 92 24 24 3 69 51 92 8 86 33 69 60 53 43 96 39 63 96 88 67 21 70 11 11 0 12 65 92 42 22 52 7 34 5 7 10 32 69 39 3 40 90 73 55 31 53 34 20 55 97 7 57 92 69 29 13 33 11
65 41 6 44 86 48 2 38 50 93 86 43 55 38 10 80 98 100 11 38 78 25 92 77 58 60 51 16 50 11 21 55 72 62 94 71 4 5 81 98 59 91 47 7 91 68 13 40 50 14 51 65 94 6 83 33 72 97 60 38 100 43 3 26 70 39 79 7 74 77 18 7 95 76 57 20 22 57 24 99 44 14 39 35 3 27 44 20 34 96 52 14 61 99 8 20 83 57 99 19 59 6 82 82 14 16 82 67 67 79 31 37 1 27 6 1 1 58 11 44 81 70 84 51 39 46 32 12
5 72 3 99 24 34 26 85 99 21 45 26 32 25 20 92 30 10 35 80 38 4 96 63 12 66 26 2 47 46 89 34 8 18 74 9 31 52 92 54 74 90 4 50 57 51 39 49 32 9 22 59 85 66 61 43 57 39 24 31 81 26 87 58 93 32 73 35 64 78 65 33 19 72 36 30 59 87 95 4 86 80 12 44 35 3 45 84 83 27 36 54 48 60 32 31 82 49 3 34 37 28 17 99 3 60 71 84 1 67 80 100 92 20 12 61 56 99 69 26 20 60 2 18 85 72 30 7
61 51 63 65 84 77 86 41 2 99 14 56 62 48 22 45 24 64 39 23 100 89 60 79 75 31 32 73 93 36 46 24 99 52 98 22 97 51 93 93 52 30 37 75 92 13 44 91 88 54 59 75 16 32 88 75 43 3 45 91 66 13 64 57 37 3 66 9 57 30 4 91 77 46 58 94 48 75 18 11 4 4 19 13 8 73 21 97 24 50 4 69 39 8 34 46 100 100 29 85 31 73 76 74 59 10 31 16 76 12 44 16 73 18 44 60 63 10 69 89 32 50 8 70 50 33 59 31
70 6 83 13 11 62 47 91 75 100 23 76 33 24 65 32 61 52 48 18 92 66 58 36 2 99 93 2 37 59 33 31 23 23 83 23 76 84 41 69 52 38 59 30 67 11 21 8 39 8 85 68 43 21 11 42 68 100 38 59 79 71 81 26 31 2 45 8 62 25 46 64 80 16 94 80 62 99 82 5 13 38 49 85 32 18 33 27 30 5 19 44 60 85 89 19 70 65 79 92 63 69 58 39 11 77 90 29 42 34 64 30 87 40 78 69 37 37 36 67 33 78 84 70 90 55 35 1
23 41 51 7 99 49 77 88 27 44 81 82 48 19 7 93 76 34 7 23 37 92 35 79 95 18 51 34 80 23 81 38 75 49 60 14 86 57 66 58 12 94 42 1 97 85 67 39 37 1 18 8 2 47 7 90 8 33 70 6 69 22 49 41 34 84 3 53 2 21 0 8 68 31 86 10 12 97 93 8 90 34 91 23 17 49 14 79 45 26 87 94 44 74 45 35 50 53 11 39 31 28 3 46 37 37 24 23 88 46 34 66 48 40 29 83 43 9 94 33 46 25 25 43 77 97 96 25
91 29 65 98 21 89 48 93 26 32 24 15 71 27 90 60 47 37 36 30 3 74 84 21 90 45 95 33 12 97 85 75 48 99 24 37 98 12 69 26 44 67 34 64 14 6 85 21 16 98 94 9 28 70 10 2 81 39 43 25 58 29 21 15 33 6 81 63 95 56 18 24 73 68 0 10 25 43 29 20 72 44 18 39 19 48 11 61 47 63 52 14 9 56 70 48 46 65 63 33 67 85 94 44 86 76 18 47 40 36 73 100 36 75 69 52 83 64 57 37 93 22 26 30 45 63 31 38
85 50 17 9 86 4 74 11 66 43 79 20 68 23 31 94 96 56 16 91 7 18 37 55 23 69 3 75 39 76 5 27 33 0 87 30 83 76 93 74 32 45 83 8 89 33 81 98 92 92 72 46 23 47 84 12 65 48 24 50 87 47 93 16 72 3 28 78 89 68 26 95 77 96 47 71 21 99 65 25 19 22 75 82 55 25 84 99 13 19 81 76 32 22 11 88 77 53 95 89 37 85 19 87 39 45 10 33 52 17 56 36 93 64 9 2 98 55 6 76 60 74 67 75 36 57 99 78
17 86 18 70 40 75 47 74 49 99 70 30 25 43 72 93 9 52 45 6 32 15 50 55 96 84 41 41 76 81 40 81 86 31 32 94 93 8 27 6 89 3 51 0 66 55 11 27 88 46 73 83 41 80 59 1 32 17 86 18 25 65 66 65 42 7 89 83 82 72 33 63 8 16 100 36 94 61 12 31 7 18 99 59 75 95 76 4 80 88 78 19 67 21 41 69 0 55 17 90 26 33 17 67 40 98 51 10 6 75 57 82 83 28 27 26 24 42 92 5 22 97 29 87 75 30 12 61
0 89 48 98 85 49 40 37 97 64 49 30 89 32 5 69 7 84 19 85 69 52 58 91 25 16 4 75 70 26 25 21 42 58 1 2 66 87 9 11 53 33 71 70 47 75 45 58 67 23 53 65 64 93 4 16 12 28 33 59 50 27 98 16 12 55 82 33 99 14 28 37 71 18 83 30 19 45 25 10 88 83 67 66 12 27 87 89 68 38 78 70 84 8 53 96 47 61 75 80 14 8 77 33 57 55 56 39 34 17 16 84 88 85 15 40 94 33 100 11 42 47 89 63 17 57 22 90
73 44 8 22 87 65 44 29 94 48 77 80 7 96 20 51 100 5 56 28 60 60 88 98 85 94 43 1 44 14 6 50 62 28 46 5 75 88 63 98 20 43 69 34 66 92 0 98 89 10 27 3 82 93 27 70 81 89 24 14 89 83 90 28 29 83 96 11 99 17 87 30 38 51 24 77 35 68 66 10 51 60 94 72 26 100 72 63 12 96 30 35 49 30 67 73 38 46 32 86 54 80 38 24 41 38 86 24 19 90 8 8 37 78 0 10 21 5 93 87 59 25 63 43 25 94 82 23
21 5 42 18 53 94 70 87 65 32 78 34 20 14 64 96 15 70 13 96 83 5 92 16 56 76 52 92 73 73 73 84 42 7 50 12 72 67 65 100 65 57 77 88 72 52 52 59 7 62 58 40 34 72 45 16 24 64 86 39 100 96 3 72 1 93 69 17 58 31 73 40 14 88 41 28 87 94 10 22 91 92 70 13 79 7 12 17 59 99 84 95 5 5 37 43 24 34 96 38 50 88 33 9 24 100 43 83 16 58 48 74 66 86 33 7 75 83 76 67 90 36 35 70 82 88 83 53
53 27 55 83 81 57 87 65 61 71 92 5 23 93 15 24 99 91 46 24 90 94 49 71 63 21 47 46 91 48 97 67 55 78 12 51 67 11 15 60 7 81 58 96 67 61 62 32 98 25 71 66 90 65 20 61 3 42 68 79 51 33 56 37 2 20 13 23 13 46 78 82 28 90 93 52 69 20 17 93 26 12 30 16 84 82 54 25 58 65 40 55 13 75 80 28 74 97 95 35 69 94 52 66 47 89 84 60 90 91 58 33 11 9 5 100 62 90 3 43 52 24 71 12 65 94 92 45
50 91 70 72 99 11 56 43 55 92 97 15 88 75 55 1 3 8 16 87 88 93 39 38 97 85 31 25 47 77 34 78 73 1 36 26 37 56 14 25 38 32 26 84 23 69 56 23 17 74 11 80 92 30 98 64 77 65 32 5 60 78 90 76 64 66 64 38 5 13 87 66 63 41 37 91 6 25 32 29 0 86 26 22 10 6 9 87 58 28 10 6 99 80 49 4 1 54 78 27 19 97 81 51 49 51 6 57 63 72 72 9 43 78 36 74 98 62 12 100 62 72 6 90 30 26 55 79
31 13 42 16 43 63 4 32 39 25 57 92 72 94 69 4 86 56 25 46 17 81 74 57 11 85 35 34 39 79 30 1 96 56 14 8 75 24 20 31 49 44 63 27 60 86 20 32 2 42 96 81 3 30 40 16 67 96 71 32 79 10 81 4 1 93 70 22 56 88 15 74 51 79 46 19 67 49 55 8 41 99 93 42 38 64 94 66 0 99 63 54 28 16 40 43 100 4 22 10 61 14 73 43 71 96 74 21 94 23 39 36 88 13 26 94 27 66 60 85 96 65 70 59 18 37 35 89
16 3 15 48 11 48 90 51 84 40 83 53 27 51 49 68 36 93 24 18 63 59 72 36 19 67 12 18 64 65 21 3 81 62 49 94 62 90 95 66 92 92 6 74 53 62 42 90 94 89 98 55 51 13 68 49 18 85 57 9 68 27 69 17 77 92 42 51 16 83 15 62 1 61 27 99 1 80 12 13 23 31 88 51 60 54 26 0 16 66 81 97 91 83 56 82 64 94 59 52 86 100 16 47 10 59 62 1 21 11 28 1 23 61 80 95 61 82 29 28 83 92 95 77 36 68 80 35
18 2 75 93 95 49 8 97 34 42 77 68 16 3 64 53 36 1 71 60 28 4 57 62 19 37 56 84 96 88 4 39 35 55 5 90 50 82 37 89 42 29 3 41 47 71 80 31 99 62 72 71 35 31 58 70 26 34 70 82 6 18 0 55 95 49 45 72 79 47 78 35 94 63 77 72 59 62 59 12 63 19 89 8 98 76 71 78 20 95 47 27 72 26 46 2 56 44 94 11 25 55 37 37 85 1 50 43 8 5 27 85 46 57 19 33 27 11 25 36 67 76 15 56 32 32 89 84
6 10 1 22 68 45 27 53 71 67 93 84 53 10 97 61 92 22 49 92 91 82 66 71 90 28 17 89 96 94 73 92 81 11 100 46 5 37 52 24 60 52 95 64 1 59 29 41 90 36 65 1 9 22 83 38 66 96 9 75 7 55 59 83 97 80 79 25 47 53 100 61 6 76 68 85 97 54 49 98 76 89 9 18 46 7 4 33 72 27 30 20 1 26 75 1 62 56 89 97 0 50 71 99 60 79 75 39 22 85 50 0 25 94 77 84 76 73 54 39 3 7 11 20 45 62 22 8
33 19 88 52 24 95 58 33 38 89 17 9 83 14 48 67 56 83 56 21 66 96 47 22 18 99 96 72 88 0 21 49 11 86 82 39 55 86 56 51 82 65 39 93 35 29 28 24 93 36 80 44 28 58 46 41 88 39 17 25 95 2 5 27 20 55 69 69 26 5 88 66 49 12 34 8 92 39 3 24 10 53 84 85 84 23 15 4 35 45 71 55 100 78 93 0 25 2 54 26 62 67 30 99 14 70 9 27 43 25 69 3 70 48 10 62 32 36 86 100 85 7 35 62 43 92 69 1
98 49 29 58 27 49 56 17 38 79 28 77 60 23 71 33 96 65 54 38 97 70 35 42 63 29 20 100 46 85 48 75 92 6 23 67 95 94 78 95 22 46 27 14 3 20 29 13 55 11 88 52 20 58 18 32 76 15 66 98 46 35 13 88 31 40 17 38 59 30 31 85 50 28 23 68 86 39 50 86 41 81 23 3 85 78 15 58 44 71 1 37 47 74 4 17 37 34 63 49 37 87 77 94 25 78 60 41 12 84 23 98 19 90 58 11 31 17 25 14 38 0 60 35 8 74 80 77
70 41 7 39 53 68 60 63 28 73 8 33 91 65 74 80 14 5 90 34 94 33 82 63 81 60 75 35 95 25 57 17 82 10 74 36 69 18 60 11 95 47 39 78 76 57 31 42 34 30 82 53 0 8 75 5 81 90 77 82 5 54 73 5 48 23 23 35 5 86 3 66 58 97 52 61 33 36 89 55 28 24 100 51 67 17 1 42 26 69 70 31 75 86 41 7 68 6 43 2 75 37 57 6 8 26 12 40 74 41 17 7 41 35 59 100 74 54 53 61 83 35 100 44 44 27 41 48
91 63 43 5 33 3 62 42 44 38 4 61 18 60 59 23 19 60 48 96 12 99 98 97 54 51 80 54 25 57 31 85 1 40 75 54 49 86 37 26 9 57 97 47 15 100 87 54 31 78 68 74 53 78 32 5 43 9 73 11 62 67 91 77 4 81 35 51 90 47 30 42 32 3 92 19 37 48 100 23 46 24 68 79 94 66 29 16 68 36 84 74 0 14 94 72 27 14 93 6 22 39 38 66 4 28 52 95 21 91 25 90 26 22 39 4 60 88 89 67 30 96 65 68 51 87 77 35
62 68 17 36 71 50 72 86 0 37 75 4 91 79 25 59 78 100 75 58 35 79 85 74 55 49 83 4 10 50 99 16 23 8 51 57 13 75 61 4 3 38 81 64 58 59 69 10 49 26 13 100 69 95 16 64 90 100 96 59 62 40 32 54 78 78 6 91 78 20 94 42 4 13 21 99 38 50 7 9 12 2 49 99 65 75 82 36 8 45 74 38 8 38 86 66 25 59 32 82 40 60 44 11 42 85 20 14 8 82 28 35 47 39 97 39 11 49 32 87 40 56 81 52 81 20 49 3
77 0 93 70 80 23 63 20 81 27 81 26 80 54 3 56 83 14 25 67 11 6 43 54 70 22 7 32 77 27 68 23 35 3 63 92 88 35 44 29 99 19 89 3 21 79 42 61 86 62 3 28 30 70 68 7 97 28 35 56 51 11 52 92 19 69 11 0 21 61 2 96 43 2 45 0 86 52 58 67 18 32 21 11 19 67 42 19 66 36 7 90 63 60 75 69 67 78 32 77 6 24 94 69 1 81 65 69 62 74 52 47 88 22 91 77 39 4 31 41 52 90 41 30 35 72 31 4
17 22 97 29 68 10 64 79 70 62 36 65 92 97 58 10 77 44 18 34 70 43 37 33 98 25 44 1 51 11 2 100 1 79 24 47 94 32 28 72 99 34 50 63 83 19 35 89 70 88 24 66 19 73 44 2 84 9 2 53 54 38 68 16 78 26 35 52 68 51 30 72 47 23 50 63 84 86 13 23 52 34 35 61 48 90 25 88 100 16 8 8 84 26 53 30 47 9 56 94 4 68 68 59 77 88 27 14 56 47 100 82 73 24 59 9 99 74 19 90 47 25 93 16 24 53 11 50
74 50 8 10 78 87 41 7 44 86 63 59 41 75 27 42 18 42 25 27 70 100 32 13 75 28 67 23 77 43 23 57 88 92 22 43 25 64 87 70 15 83 14 19 60 38 36 81 46 90 53 10 97 84 87 57 6 100 60 8 54 87 28 37 65 73 58 4 43 55 13 92 72 72 90 55 72 48 96 87 62 79 70 95 41 29 50 45 39 29 13 81 95 42 93 71 82 96 86 74 94 15 16 69 97 94 31 15 96 56 58 83 60 45 3 0 57 43 16 77 7 86 59 95 65 17 26 56
52 15 47 8 35 99 89 34 37 35 42 34 68 5 92 75 38 8 55 26 35 50 37 49 40 54 18 41 84 60 38 72 31 69 6 85 26 45 62 30 33 66 5 56 21 4 4 2 42 97 7 82 44 41 96 31 89 63 37 82 34 3 84 83 82 87 77 62 23 28 61 66 92 85 71 62 99 90 18 23 53 46 51 16 98 60 43 12 13 83 90 23 63 85 3 63 31 13 9 94 89 65 24 95 97 69 96 71 23 74 0 66 71 95 47 15 50 17 2 31 10 18 55 79 34 79 64 78
88 37 25 6 91 43 44 86 31 72 36 3 10 92 76 9 39 56 6 50 41 14 30 50 59 73 71 93 39 83 89 87 23 0 72 24 37 20 66 40 33 15 7 18 98 84 3 73 30 87 35 10 46 27 30 79 80 70 85 19 59 40 21 13 79 58 89 61 52 39 18 0 29 70 5 47 4 24 26 27 82 66 6 83 37 25 9 74 43 85 55 75 50 52 11 66 30 35 36 53 8 3 16 49 6 99 31 35 68 46 20 13 52 0 85 71 14 32 83 12 94 26 12 67 46 96 36 53
54 81 33 34 64 85 80 87 89 12 38 45 55 79 85 62 19 11 55 80 56 41 74 90 22 68 0 64 92 94 12 88 17 46 82 14 6 15 21 37 59 29 49 70 91 88 0 39 86 82 33 61 34 12 11 51 84 64 25 51 85 99 36 23 53 27 15 96 50 45 6 8 51 81 100 8 65 15 96 64 82 42 48 20 11 91 63 79 35 39 97 84 17 49 94 2 51 36 21 65 82 91 28 33 79 51 86 12 18 69 71 95 65 29 35 0 41 39 95 17 12 70 94 31 93 16 82 10
15 94 25 26 96 5 51 36 42 64 30 69 43 3 8 41 38 10 74 48 51 88 41 13 71 8 54 14 80 56 48 12 78 60 54 35 33 84 60 55 75 34 95 84 22 87 10 47 52 46 33 88 96 6 94 5 59 30 76 9 71 79 36 18 44 84 85 43 58 48 93 46 59 36 6 30 0 93 6 78 93 92 98 90 83 54 72 54 80 82 94 2 8 67 44 32 62 88 47 13 31 4 41 11 54 39 32 10 39 41 68 64 89 93 64 73 86 52 78 17 4 95 83 13 27 98 33 9
56 6 8 40 80 54 87 84 61 88 65 38 50 39 93 85 41 30 18 29 83 5 91 80 60 71 89 3 11 25 39 21 50 29 9 14 79 92 94 92 93 20 24 0 11 26 92 20 99 89 53 96 53 74 100 49 37 86 1 23 22 99 38 20 92 96 54 20 83 3 59 88 19 62 10 16 55 27 77 30 89 38 67 71 2 30 56 40 79 8 33 76 62 32 49 27 58 22 15 45 46 94 16 18 54 87 58 34 48 77 24 36 43 79 0 83 76 100 37 71 49 36 73 9 71 88 23 81
79 24 62 57 90 25 5 66 11 99 55 58 2 13 6 38 23 92 47 33 33 87 37 66 17 78 1 7 13 70 74 5 87 1 99 57 14 30 89 55 7 41 27 53 50 45 21 96 83 58 55 28 10 85 89 40 26 21 66 40 72 71 48 11 64 43 61 41 9 76 39 69 26 87 81 41 43 23 35 41 9 82 84 91 21 35 22 69 4 77 0 97 13 22 52 76 89 3 28 27 98 23 4 36 5 97 14 40 89 92 22 31 16 82 23 78 27 3 56 25 30 13 11 31 28 35 86 65
95 3 22 95 9 11 6 85 13 62 92 69 47 23 44 24 55 23 77 92 23 48 51 41 76 31 80 52 100 48 44 96 73 21 84 30 64 1 61 100 49 5 16 55 48 87 61 100 17 11 60 60 98 27 31 68 1 96 53 48 23 88 53 70 59 18 11 36 79 48 87 25 30 73 94 6 92 28 54 98 84 95 73 44 34 98 73 34 29 40 30 67 20 83 61 94 18 89 46 67 81 59 41 30 76 49 6 97 18 81 47 44 30 71 87 15 85 64 26 28 63 65 31 29 96 82 24 90
90 72 69 74 20 85 50 10 10 30 32 68 1 87 33 21 14 94 65 86 25 12 99 43 98 7 51 31 92 96 63 67 25 58 93 89 82 99 52 71 16 54 83 92 17 18 96 56 22 45 72 18 80 90 8 91 34 33 19 7 62 41 68 83 56 91 34 54 31 76 13 100 95 52 17 71 53 47 22 27 92 57 80 54 93 45 4 36 53 5 60 20 98 75 13 27 87 96 37 75 97 49 90 58 63 99 9 4 76 35 26 88 63 87 65 84 4 73 51 66 22 11 59 50 75 70 19 9
48 4 13 4 44 44 85 60 88 37 51 36 32 87 65 66 9 7 31 2 40 89 7 18 69 57 8 30 94 70 23 15 83 76 39 71 32 55 30 76 5 47 16 78 74 13 71 60 59 94 93 42 3 15 83 9 87 94 80 64 66 96 32 81 85 37 94 38 21 100 27 50 64 88 65 33 86 97 12 39 95 85 54 27 15 52 13 51 34 77 48 11 97 92 18 32 39 66 65 52 24 8 42 78 23 74 91 25 2 30 98 98 83 74 10 29 27 32 52 5 74 25 11 57 83 26 97 45
51 84 18 8 18 33 59 69 11 0 96 59 97 92 36 64 46 9 44 58 41 28 75 95 0 75 58 55 2 2 39 100 38 64 76 12 100 93 26 59 34 41 94 51 89 65 60 17 59 97 14 41 75 43 99 7 74 1 62 16 52 78 13 85 85 12 54 62 59 60 65 23 20 9 12 96 24 83 53 61 31 33 6 42 35 54 96 76 81 12 97 75 21 72 22 10 22 34 42 47 6 63 18 56 70 44 64 33 44 64 45 10 41 48 41 78 95 33 35 1 98 24 9 93 99 48 27 24
35 32 15 81 79 56 82 28 45 21 3 50 57 1 50 97 16 48 9 53 88 64 66 20 80 92 44 49 52 12 14 7 63 32 13 49 33 40 38 8 74 43 26 91 66 0 68 85 48 29 34 13 39 62 60 28 90 13 61 32 55 24 13 41 32 76 88 48 89 86 63 26 79 11 56 53 1 19 63 53 8 59 57 48 39 63 53 65 79 25 4 48 68 86 78 50 9 57 51 81 53 37 77 6 97 52 73 45 39 16 71 66 29 95 91 25 56 75 97 67 51 77 99 0 38 47 67 57
57 47 95 77 66 91 2 100 89 9 25 49 23 29 85 92 100 40 20 67 34 32 54 8 76 11 64 24 65 91 82 6 39 53 43 28 59 78 33 32 7 21 53 78 86 68 2 48 11 35 76 44 90 59 56 10 4 13 21 9 3 28 35 33 34 26 5 25 69 33 96 41 51 14 29 48 52 8 23 75 98 55 93 44 18 86 98 42 90 19 82 28 73 48 54 5 62 48 94 73 26 67 45 30 8 44 78 72 53 57 98 85 14 66 27 67 18 43 23 22 33 61 71 83 70 1 59 9
16 63 55 5 41 38 40 84 66 93 6 34 0 19 98 4 51 35 77 48 10 89 54 10 57 44 25 12 53 12 99 11 50 13 19 42 94 58 15 28 28 92 21 86 14 83 76 90 53 94 12 24 46 34 72 0 93 16 94 67 64 91 89 86 26 68 100 53 82 46 11 90 73 41 23 29 59 24 10 65 64 13 18 48 78 70 17 69 78 16 44 98 22 1 96 63 27 9 83 95 81 79 58 92 51 36 45 13 67 32 70 74 29 83 47 46 86 63 33 92 7 2 48 20 22 5 4 43
23 88 24 84 28 74 54 27 88 41 80 88 30 30 28 83 36 52 75 2 99 87 62 87 64 0 62 27 70 91 60 26 79 96 47 49 85 83 2 96 99 63 11 38 19 77 76 33 22 48 45 8 34 15 91 58 59 33 86 33 56 67 90 74 100 77 6 80 79 93 68 79 99 3 72 44 35 27 71 12 61 95 41 9 13 21 81 91 36 93 95 81 32 30 68 87 63 63 22 27 43 15 28 59 2 48 30 47 45 46 94 68 33 98 51 17 8 14 40 18 2 70 39 70 32 49 63 22
25 97 48 98 60 96 50 0 83 69 79 86 4 12 37 83 53 75 59 50 10 30 88 50 58 29 24 17 89 87 28 19 67 96 4 28 90 22 87 5 9 57 87 32 46 45 67 86 83 44 32 41 65 42 95 28 35 33 52 6 60 86 69 96 61 31 53 67 27 61 68 43 60 41 74 25 97 14 86 98 92 22 30 78 90 20 8 6 83 8 8 0 58 11 91 93 35 15 68 90 60 72 82 10 69 68 34 53 90 41 3 4 78 96 38 37 58 75 27 36 1 8 89 86 19 34 59 56
95 70 7 21 22 38 47 34 88 1 30 18 42 96 5 69 65 19 41 52 33 53 62 6 30 12 64 94 43 98 71 29 78 97 93 75 94 100 10 78 49 85 12 60 62 67 62 74 29 89 3 10 8 82 0 17 41 11 9 7 64 62 2 48 29 77 45 11 18 95 64 13 65 89 79 86 77 100 78 31 68 53 27 15 20 35 74 46 57 75 24 70 6 98 39 87 45 27 72 23 34 54 27 7 81 83 19 2 12 85 31 26 97 25 57 17 41 79 51 9 8 5 34 38 68 59 49 72
35 20 40 47 64 88 50 98 13 71 35 51 3 68 71 59 92 97 52 34 77 3 70 59 83 98 84 87 6 0 98 39 91 35 56 52 44 30 69 86 22 4 12 3 100 48 94 53 58 20 80 77 42 43 69 67 44 21 95 43 42 12 87 65 29 61 89 68 13 54 97 63 59 36 5 7 39 32 12 98 41 72 10 99 78 4 41 74 77 55 28 15 50 30 85 74 57 7 10 88 48 24 63 38 18 15 66 52 13 45 16 30 37 31 24 20 76 21 38 75 72 57 89 47 1 31 25 56
69 97 57 36 47 68 49 0 36 84 60 79 31 92 35 65 41 82 99 9 46 24 22 53 66 100 32 99 42 38 99 20 26 28 39 20 36 16 43 32 84 91 88 57 39 42 43 49 25 75 62 92 27 59 32 59 90 43 80 23 98 73 70 27 19 99 7 81 56 54 26 10 50 32 28 65 86 11 35 97 99 60 35 65 39 89 2 0 38 89 40 33 98 22 93 65 92 49 66 83 96 15 74 88 77 18 24 97 97 13 32 98 21 53 46 12 71 52 30 80 49 97 31 32 99 86 87 92
64 78 66 82 16 20 94 72 28 22 86 19 98 54 98 64 67 80 13 67 25 38 92 48 3 99 13 69 5 100 44 65 83 78 1 91 56 55 8 89 0 66 33 83 17 98 21 66 41 14 82 59 57 36 71 93 30 7 61 92 8 81 94 0 54 1 99 64 85 57 39 96 3 81 66 82 35 99 7 9 54 93 33 48 96 16 46 18 8 35 99 49 49 42 98 14 91 95 45 38 5 17 38 48 92 74 34 98 8 48 96 79 73 26 3 56 70 50 15 94 35 33 22 38 32 98 75 4
69 77 24 28 54 53 25 67 84 72 65 69 48 83 25 75 0 54 76 33 52 94 49 92 87 70 50 58 29 36 22 37 18 98 38 85 92 54 65 37 42 66 63 71 73 5 97 23 33 27 58 24 63 5 48 93 50 72 78 43 5 21 58 46 80 14 15 31 39 45 16 87 77 41 67 57 38 5 78 85 10 73 22 56 100 34 92 13 87 31 18 41 66 29 1 36 79 66 40 38 12 89 99 94 68 96 10 3 89 94 3 94 11 78 38 34 97 40 97 11 21 45 61 60 51 67 43 33
100 1 23 100 82 55 16 1 83 55 37 59 81 92 21 64 42 27 67 62 95 80 67 58 37 20 60 40 33 10 77 39 26 85 37 23 42 85 79 43 46 40 24 61 21 82 100 0 38 30 45 32 62 67 11 8 97 46 35 21 52 47 62 90 93 11 25 55 45 79 6 89 71 26 28 20 84 73 48 36 23 61 64 75 44 24 97 5 64 92 72 62 85 7 48 100 84 31 71 80 1 39 95 84 39 26 99 9 44 26 99 72 16 95 74 42 99 45 67 94 57 46 37 68 94 1 60 38
8 57 7 52 78 47 5 2 16 67 87 48 89 34 31 20 93 15 19 55 3 49 19 26 67 84 17 97 34 46 8 54 85 46 26 16 33 94 84 95 10 81 89 66 38 51 97 42 34 29 57 48 69 77 30 33 73 59 18 69 53 22 70 67 72 61 24 18 55 36 57 14 65 34 48 24 14 18 49 19 28 78 51 80 0 50 92 49 55 78 12 33 65 69 23 44 77 71 79 61 58 81 69 39 0 69 24 80 97 40 44 66 86 87 70 7 61 65 7 14 14 57 46 96 59 63 45 6
39 79 98 69 89 99 35 7 18 2 24 47 42 84 78 95 78 25 4 55 47 23 94 19 75 87 2 68 93 41 79 89 58 2 65 59 95 54 14 83 91 26 36 32 2 97 21 64 99 90 54 53 75 93 99 2 31 58 52 91 33 77 16 98 2 94 96 75 59 69 20 96 11 85 48 33 71 23 3 74 68 31 91 38 73 39 15 52 58 59 27 66 28 89 89 53 92 45 80 75 73 78 38 16 99 52 51 73 24 25 23 51 67 56 72 52 14 27 27 24 12 61 86 64 94 16 8 28
26 25 43 50 37 74 52 7 22 59 45 39 96 46 97 76 81 20 54 70 29 48 14 9 39 84 54 16 56 20 15 77 91 16 62 14 34 13 84 65 24 55 74 96 39 39 15 30 70 98 89 30 56 90 7 71 42 43 82 6 51 18 45 19 73 68 91 40 100 84 90 20 95 45 59 82 1 76 36 64 19 89 61 88 36 69 86 3 83 82 22 51 76 44 28 23 88 87 12 65 94 57 90 16 96 30 62 64 10 55 76 73 15 59 34 12 85 2 64 66 15 81 63 40 61 49 83 38
53 52 38 31 3 47 48 23 95 35 78 8 34 14 40 95 65 17 46 98 33 76 27 93 15 21 92 79 3 47 44 23 100 62 61 43 55 9 10 51 30 90 25 70 65 88 28 26 78 96 36 26 53 11 77 19 11 97 95 46 74 46 4 38 36 68 54 49 81 88 4 74 92 100 73 66 40 93 37 84 58 36 26 40 49 77 36 94 43 32 41 20 61 92 4 44 14 41 98 82 63 30 94 89 98 85 16 4 51 62 3 15 58 39 38 98 65 53 22 12 91 66 60 96 28 14 97 87
84 72 80 85 68 55 58 75 92 28 74 93 53 14 13 35 41 22 91 81 64 78 89 65 95 1 31 95 59 76 28 79 6 54 27 93 63 89 95 66 0 92 83 73 0 90 89 65 4 81 74 4 50 86 29 99 50 82 75 35 91 8 61 25 73 100 72 45 81 41 16 48 3 50 28 100 54 62 70 98 86 49 63 25 67 47 51 8 56 5 89 34 39 85 5 68 4 27 85 74 69 71 33 72 48 51 2 10 3 27 39 13 55 28 10 84 33 48 42 39 40 37 11 95 70 52 42 14
87 21 18 30 92 77 35 61 24 65 24 45 69 54 13 38 91 96 48 30 63 97 78 95 0 52 11 93 2 98 38 6 61 12 3 53 45 81 54 33 60 30 25 16 16 10 9 25 44 36 68 4 20 71 58 95 100 44 23 90 93 41 58 2 15 65 29 35 94 70 27 82 16 9 33 3 18 65 72 51 23 87 40 61 18 59 71 15 68 34 46 5 7 91 78 83 34 36 45 13 86 64 75 37 22 20 22 20 94 24 14 55 26 78 46 31 58 48 70 35 59 40 27 17 16 70 11 61
100 61 9 5 91 16 15 27 84 39 84 21 95 37 28 11 31 15 52 87 84 92 64 64 83 88 39 17 79 60 87 33 73 69 92 50 83 57 57 6 69 45 41 32 8 51 17 34 66 29 63 35 34 72 95 48 92 77 75 5 47 56 30 4 47 50 26 56 12 18 59 31 61 7 51 66 97 19 90 6 39 29 77 31 17 34 61 30 15 90 62 59 88 5 60 28 18 99 20 51 55 61 41 29 58 6 78 56 99 0 100 26 80 89 61 47 49 50 60 72 100 53 47 21 0 20 68 72
92 73 2 47 52 17 92 44 38 38 86 70 56 19 41 2 40 77 28 8 36 59 8 72 80 77 49 21 80 10 67 15 3 55 43 100 97 7 63 54 6 14 78 93 42 65 100 97 41 80 66 57 73 92 17 85 81 51 51 45 77 90 29 30 61 31 68 53 70 94 59 50 6 16 85 64 20 100 89 55 11 5 25 23 77 18 48 58 52 49 2 53 70 70 92 23 41 52 7 41 27 19 10 3 80 10 94 71 20 34 71 15 75 82 75 42 63 41 46 83 31 16 58 27 99 25 83 5
52 28 96 18 8 14 47 82 26 45 100 29 31 47 35 70 55 26 13 95 68 8 70 17 45 42 52 49 19 85 22 49 99 8 12 35 56 22 55 21 8 52 65 35 3 3 65 44 73 56 0 17 73 79 84 60 34 15 17 71 39 49 36 6 20 74 80 79 51 52 100 91 59 55 64 21 27 82 79 55 25 29 95 73 13 0 88 71 80 54 73 70 51 48 11 16 80 2 88 68 44 24 23 0 64 52 100 19 1 39 11 22 13 24 3 51 53 43 11 32 70 29 49 46 44 85 3 5
27 50 51 34 52 48 27 10 52 6 13 42 33 46 30 99 28 94 74 43 74 18 4 63 78 59 93 36 11 50 81 12 10 5 37 61 24 44 81 13 25 42 32 89 1 33 84 39 56 44 26 99 39 43 34 34 62 96 34 24 5 65 92 39 23 95 100 49 7 79 48 47 21 18 66 1 14 96 97 39 29 27 66 28 34 58 38 77 10 19 67 8 58 15 63 24 70 25 67 31 45 4 50 23 100 68 21 35 66 21 90 33 40 68 40 62 43 98 88 26 69 53 63 70 72 61 90 10
8 82 16 82 78 9 41 17 16 56 24 86 53 72 84 97 96 56 95 8 6 46 73 82 48 53 99 95 50 26 93 68 98 88 68 80 72 48 85 100 81 0 96 97 53 86 59 83 38 8 93 46 54 1 97 44 46 63 7 94 70 36 34 43 63 61 59 31 31 38 73 64 53 8 36 96 45 7 97 88 100 43 50 41 77 40 29 100 57 59 25 42 49 5 29 2 67 65 38 40 49 44 28 76 48 47 30 1 34 93 85 22 65 10 43 1 43 47 31 19 20 5 18 27 63 96 51 95
96 84 12 48 59 64 67 7 70 58 54 29 34 53 94 9 0 36 100 94 90 45 5 31 95 34 33 3 21 29 1 42 16 34 80 81 87 92 46 86 5 80 45 6 26 6 25 53 83 96 57 93 21 35 21 78 1 58 46 95 27 16 38 27 55 26 6 69 0 88 45 42 68 7 6 78 25 97 65 37 1 31 36 19 52 54 29 13 63 52 86 5 96 91 73 57 71 99 66 4 34 2 64 70 71 95 64 27 31 51 97 0 61 62 24 28 90 52 55 51 77 31 26 6 22 22 18 6
60 68 20 7 34 27 85 44 19 100 6 87 60 9 71 60 53 4 35 38 95 18 10 24 16 95 89 69 11 25 44 65 52 89 28 32 18 29 16 58 60 28 98 26 84 2 24 16 98 66 5 12 14 96 50 16 2 67 46 5 87 94 47 57 65 27 58 74 27 64 6 79 26 99 80 69 20 46 79 56 86 27 16 57 62 74 50 21 66 11 3 56 62 65 100 83 90 3 36 90 7 27 38 65 95 30 82 86 35 100 49 17 60 11 68 57 62 36 99 28 51 96 46 83 92 53 44 77
3 61 32 15 41 82 17 95 11 22 50 80 88 39 8 86 32 10 24 8 20 26 5 3 38 6 29 79 89 8 24 37 78 96 3 71 24 29 90 53 67 95 15 51 60 58 35 67 94 53 9 50 87 59 89 40 81 13 8 80 50 72 48 39 38 14 87 84 31 93 43 10 97 7 87 87 95 52 88 48 12 42 34 18 37 60 85 60 26 45 2 28 80 94 69 34 34 57 47 41 62 35 39 12 69 19 14 25 17 25 89 69 11 94 15 83 89 41 0 23 40 55 37 41 25 24 71 26
22 39 71 29 35 94 96 31 3 26 7 56 67 58 83 51 4 46 54 25 2 41 92 85 0 57 88 29 12 87 81 82 82 96 48 91 47 91 1 70 2 90 62 20 42 85 15 64 16 73 70 5 48 42 42 68 17 25 97 78 88 89 36 52 62 55 5 84 55 43 85 84 52 99 72 42 26 40 71 94 49 100 75 68 55 76 75 76 14 27 66 92 64 31 58 76 82 100 92 79 8 32 37 25 29 45 85 4 25 52 93 40 11 51 21 69 30 36 32 53 24 52 11 32 4 13 8 7
66 91 78 35 66 30 100 78 50 97 73 86 16 56 23 82 29 80 61 18 26 28 53 29 25 80 43 79 44 28 90 43 1 28 79 74 24 19 4 5 95 88 51 5 49 70 37 10 37 14 47 29 9 49 83 67 70 69 88 22 84 99 89 31 90 95 91 97 75 40 76 97 66 4 78 93 18 52 53 61 98 63 82 90 12 33 82 28 84 58 18 9 86 66 99 44 100 100 82 82 99 93 49 54 26 31 97 6 91 85 35 10 66 3 4 8 53 4 36 54 23 85 58 96 45 86 94 43
1 18 1 1 87 72 57 78 4 6 34 47 33 78 53 79 76 21 18 51 71 94 63 17 75 52 45 9 61 46 67 97 76 94 72 4 36 53 67 67 14 90 71 2 38 25 54 24 18 8 41 45 97 20 57 92 4 81 23 53 83 17 99 64 7 91 98 13 77 49 12 44 2 30 99 35 76 89 28 75 91 39 80 82 74 78 24 70 23 0 82 28 22 3 87 29 76 57 30 15 63 75 45 96 52 13 17 39 76 63 25 63 48 78 0 77 45 26 27 85 97 1 53 21 47 81 0 33
39 4 80 42 36 61 50 74 44 49 23 85 74 4 19 87 28 23 90 42 56 1 51 88 14 97 69 46 67 44 75 91 50 55 50 34 84 69 11 74 4 93 34 56 53 71 5 11 38 61 12 73 28 83 85 25 22 32 0 22 99 44 80 75 25 12 17 40 1 54 13 50 48 13 68 97 49 97 42 94 85 7 58 76 49 4 46 81 55 10 28 1 31 17 76 82 48 64 38 56 90 5 52 65 0 73 35 48 17 39 43 89 31 5 50 61 57 20 65 72 2 71 58 69 35 91 76 65
62 71 27 100 12 21 16 10 63 68 5 38 63 0 34 5 38 10 81 61 50 21 76 82 6 78 96 51 69 3 55 52 95 36 0 3 64 69 18 71 46 50 99 17 1 82 22 43 19 49 37 18 93 67 63 21 19 61 88 80 62 36 35 56 38 41 98 30 26 46 21 82 72 28 46 57 16 48 49 51 19 88 26 66 3 38 52 13 97 35 32 82 30 99 20 82 97 40 20 79 38 60 54 35 0 65 8 52 6 99 44 65 16 28 86 45 16 38 20 45 92 43 28 94 39 12 39 86
19 55 57 9 89 72 20 78 38 89 30 59 41 100 11 60 96 11 58 48 51 79 25 82 39 1 5 15 91 26 66 27 72 17 65 97 50 64 92 30 78 10 20 67 35 37 59 61 62 56 91 34 23 18 72 75 50 5 45 1 64 99 62 52 57 66 54 73 4 100 71 88 22 12 70 72 57 93 62 27 87 2 99 28 69 15 46 31 90 49 90 42 78 0 44 53 73 31 15 85 82 10 96 80 37 85 54 25 30 36 26 57 87 88 15 36 70 67 82 17 69 87 77 73 38 94 21 42
23 64 0 52 87 74 54 18 86 56 53 5 7 53 100 11 45 61 72 6 29 1 86 52 54 14 59 42 50 23 55 93 99 9 21 70 35 86 70 29 65 43 42 70 91 71 34 84 97 71 37 74 50 16 42 98 88 38 80 10 33 95 51 56 70 15 70 48 47 59 96 71 19 5 7 33 32 1 9 22 83 14 16 49 58 36 70 84 59 48 74 35 77 26 75 65 30 75 13 91 21 44 55 81 18 69 35 91 54 79 3 31 13 99 46 23 64 56 24 54 24 16 53 92 5 50 68 88
44 84 24 13 27 48 43 100 28 93 19 67 96 42 53 96 61 30 8 59 75 6 52 43 75 72 87 47 1 58 25 87 35 8 8 38 47 5 20 88 92 8 8 72 70 54 30 50 52 48 12 50 39 89 25 27 17 94 31 70 14 62 62 60 100 95 69 19 35 85 98 32 83 43 46 24 99 88 13 34 75 19 99 44 73 77 0 79 41 84 85 84 63 74 16 73 14 96 6 51 27 79 43 68 70 94 79 79 62 61 72 92 42 44 0 0 54 93 76 46 57 96 98 70 86 49 43 25
66 38 87 9 1 57 81 88 16 71 54 18 94 99 36 64 96 60 8 39 6 44 53 41 68 98 74 9 51 0 38 28 54 36 43 69 20 81 82 46 87 91 92 52 85 75 100 91 16 82 47 59 40 95 30 65 37 36 91 37 81 0 54 20 3 14 13 23 61 4 81 75 95 90 44 77 48 55 92 62 64 17 26 87 18 74 23 93 47 98 5 4 8 52 49 66 27 43 74 16 55 75 42 91 59 6 28 15 38 45 46 88 23 42 36 55 52 86 93 59 7 33 65 85 9 56 30 13
91 90 89 37 56 22 100 24 63 76 78 47 10 49 61 25 86 23 53 14 16 14 66 30 72 23 14 30 67 38 20 16 95 3 74 36 81 39 66 34 23 23 72 15 36 22 0 69 28 99 87 3 27 73 60 51 44 61 53 59 46 12 26 7 32 22 14 97 41 26 21 78 96 40 84 64 21 40 23 82 42 74 5 96 45 7 3 7 25 83 89 65 36 65 70 31 55 22 71 58 85 90 44 96 93 23 33 15 77 2 69 26 9 45 5 96 34 83 59 95 82 51 39 65 67 16 2 6
25 73 60 76 100 37 73 64 100 3 98 75 63 100 20 49 36 28 86 78 16 89 77 75 23 15 30 24 89 62 63 39 97 40 66 82 53 95 58 17 41 32 96 83 24 2 96 55 8 24 4 53 49 58 80 6 35 92 39 23 74 91 89 36 90 73 61 62 28 58 7 6 9 17 91 89 55 40 91 55 89 56 39 95 29 81 18 88 52 87 74 8 66 27 58 34 97 91 46 94 37 54 47 67 79 98 65 70 61 25 4 35 12 4 99 5 90 50 23 75 15 46 58 9 88 42 27 95
12 58 47 99 47 49 19 17 9 94 22 83 85 17 92 14 26 16 99 39 17 82 55 92 89 75 93 43 42 12 60 16 58 65 91 69 71 27 25 65 81 56 93 49 92 86 63 36 53 86 99 95 4 29 89 72 35 75 49 22 56 68 24 84 31 54 62 88 25 51 73 18 8 3 54 6 90 81 78 33 33 61 28 33 85 36 64 86 96 41 74 43 89 79 15 25 58 24 30 4 15 26 0 65 19 18 7 7 6 85 15 51 1 34 3 68 62 58 70 78 37 62 28 47 90 88 2 12
61 19 0 75 72 10 4 22 84 63 19 35 35 15 8 5 94 26 51 47 70 42 24 22 22 38 39 67 82 31 12 3 32 46 8 6 60 33 13 63 39 23 95 4 4 91 94 19 26 72 71 65 87 91 57 81 87 21 45 71 59 95 3 86 24 56 45 45 55 88 34 35 4 75 49 54 84 79 44 100 17 52 11 82 70 74 23 16 78 63 98 67 83 31 67 10 45 53 20 69 86 72 69 33 74 41 73 13 74 68 98 79 32 18 92 61 97 59 20 12 55 48 83 28 49 72 24 14
69 98 59 87 6 28 80 89 88 36 65 69 15 30 31 32 38 60 55 46 47 100 28 6 60 77 94 25 1 7 29 69 87 39 25 45 13 42 56 16 3 75 92 96 98 67 28 6 63 70 48 2 61 23 93 36 18 31 8 69 2 94 76 23 41 37 33 34 16 60 59 88 45 63 52 68 56 15 57 77 20 87 65 17 72 29 4 0 69 16 35 57 88 55 96 97 29 55 2 79 87 11 2 41 20 19 24 93 15 5 81 45 68 64 35 39 50 8 5 94 96 95 97 16 21 91 27 79
57 1 69 21 29 78 15 67 18 12 33 52 42 42 13 25 75 82 65 70 52 77 37 93 21 25 25 60 48 97 30 33 69 13 11 93 2 63 74 95 75 71 51 14 49 42 63 71 52 64 4 4 78 68 15 15 68 61 92 20 100 3 17 15 56 23 69 70 54 21 38 18 43 93 29 46 100 54 32 35 20 88 41 52 15 93 39 98 82 83 43 31 53 94 87 27 38 59 2 66 7 72 9 58 83 6 29 54 80 43 35 31 17 10 97 32 3 8 65 81 92 35 11 72 9 63 16 82
93 38 6 29 39 83 74 60 2 65 13 42 28 54 5 51 72 53 27 30 97 44 49 43 27 52 93 42 0 65 86 9 62 23 87 43 21 3 78 33 96 15 68 55 93 3 84 96 6 96 77 21 52 70 89 79 10 91 1 96 8 63 89 41 5 4 34 77 72 65 90 91 71 76 23 68 93 92 33 31 59 36 3 19 38 25 58 57 99 25 31 32 79 77 20 95 53 43 4 60 3 2 90 92 58 88 77 7 0 31 40 14 90 24 46 100 5 28 21 20 11 38 16 86 16 20 39 41
55 14 64 47 100 70 43 96 89 5 32 41 95 75 61 84 34 28 70 41 85 63 27 42 39 55 70 2 43 77 82 43 52 2 6 69 67 48 74 14 19 98 55 37 1 84 37 48 90 4 57 43 4 64 92 44 90 90 24 18 72 31 84 67 15 0 0 45 46 78 92 63 20 48 41 89 8 3 11 82 1 75 33 69 74 38 25 82 1 16 51 57 30 38 48 77 3 32 41 81 66 88 39 63 14 43 64 15 29 72 17 12 57 98 14 53 19 14 12 18 22 81 40 64 54 16 56 89
25 66 68 23 86 14 76 67 78 15 4 88 10 1 37 78 43 87 20 41 82 73 69 0 42 26 31 17 50 6 27 55 86 67 52 6 17 10 67 34 94 13 60 65 57 75 66 54 7 21 72 27 74 57 90 26 45 14 43 89 29 28 91 32 98 66 88 52 37 18 19 65 65 31 71 96 95 31 39 40 64 38 23 20 94 8 7 79 68 45 12 45 16 63 29 45 61 30 79 89 43 32 88 48 15 14 53 21 25 100 5 18 17 49 82 83 64 46 65 16 49 72 99 85 53 77 77 10
87 26 31 6 94 90 23 38 49 82 22 80 47 38 100 11 39 67 93 88 100 70 10 67 85 55 37 69 24 22 90 12 30 42 11 18 6 49 61 49 29 76 54 85 67 9 46 38 6 0 76 85 65 10 37 9 37 73 22 81 31 56 64 12 79 11 43 90 65 36 85 33 89 99 2 97 85 58 15 34 41 53 98 90 51 98 42 22 62 76 39 34 63 74 97 7 100 21 35 51 9 8 33 50 17 4 87 70 90 32 62 48 21 55 63 47 97 11 27 63 5 62 19 59 77 18 96 19
48 22 43 4 54 47 75 89 90 24 71 67 79 72 21 57 97 100 73 11 73 25 27 67 97 91 55 69 79 35 29 6 43 2 3 46 6 78 65 80 28 72 16 40 76 43 92 97 32 22 65 42 55 21 12 25 80 59 99 22 49 14 97 37 60 80 35 55 88 50 4 56 81 10 82 45 8 31 67 8 2 1 94 11 65 31 45 6 98 83 89 54 31 8 98 47 26 65 35 27 52 71 44 7 99 11 10 35 53 18 30 74 34 79 93 28 54 95 8 54 19 65 27 53 98 59 27 32
41 76 21 7 74 3 57 16 89 67 54 74 1 27 58 24 4 38 6 42 68 66 7 76 93 41 44 11 81 14 3 22 55 97 31 72 70 56 26 50 41 31 88 63 75 5 52 40 61 55 34 97 43 2 90 56 66 86 97 98 18 81 86 53 76 6 0 5 16 68 69 46 97 45 31 67 38 5 87 32 21 57 20 99 54 49 76 74 68 84 71 50 24 70 60 29 77 66 62 93 43 75 33 3 16 90 58 73 44 55 13 38 66 79 82 25 33 88 83 80 62 64 59 78 77 39 79 76
