9 99 80 66 57 35 27 45 97 28 12 56 53 59 36 33 44 77 4 14 52 34 18 0 98 88 44 10 17 37 93 41 86 70 45 84 75 3 7 3 51 73 13 95 84 10 1 77 88 84 90 25 25 37 96 79 52 27 56 52 55 63 46 23 72 64 14 7 17 69 62 32 6 12 62 31 38 35 60 39 16 83 26 47 13 5 49 76 72 38 2 79 57 49 49 20 59 64 70 49 57 46 45 70 16 2 84 56 22 45 88 49 62 38 4 75 51 89 26 88 15 12 87 83 85 63 39 98
51 13 22 1 44 90 7 56 26 21 4 73 51 43 39 89 90 6 22 8 22 6 93 79 79 0 36 55 10 42 54 9 50 3 92 9 6 0 74 55 1 65 40 75 58 44 38 33 0 41 91 78 3 79 61 68 47 87 89 96 91 0 22 39 43 98 15 42 51 76 5 93 14 66 95 93 10 30 3 40 75 27 83 66 91 59 91 39 43 9 2 85 80 68 25 17 66 98 54 94 73 52 19 49 2 12 96 54 29 0 30 62 94 13 43 9 85 11 36 7 28 88 41 2 53 73 21 54
21 72 51 49 75 87 4 14 55 74 30 81 78 15 38 65 13 96 10 31 53 30 93 4 97 21 8 2 87 55 90 28 81 63 22 83 69 70 46 73 62 82 70 44 58 77 82 89 68 4 56 59 75 77 59 49 21 0 58 64 10 27 88 89 45 52 71 15 38 47 9 89 72 82 44 78 43 99 48 39 66 55 82 67 78 5 33 10 65 84 61 76 68 32 38 74 86 38 63 13 24 25 58 39 31 51 40 51 80 11 98 38 17 13 95 3 13 25 91 16 3 93 45 56 38 82 96 46
3 46 92 6 43 33 36 67 72 78 30 43 0 99 50 37 50 4 32 19 97 14 97 64 82 100 50 4 87 88 5 10 11 45 49 79 52 33 55 69 18 13 40 65 1 55 78 8 59 6 54 2 13 23 99 30 21 72 64 99 10 9 76 47 69 58 30 55 53 44 8 69 71 79 91 86 24 53 89 40 44 41 61 49 29 85 18 25 90 11 11 44 83 70 77 38 97 55 31 49 77 24 19 4 5 80 16 82 84 27 38 89 47 95 22 18 98 32 63 48 47 70 80 80 22 42 92 91
87 39 42 83 70 64 91 53 89 52 41 45 25 35 41 14 45 30 35 44 32 23 30 10 37 45 66 26 67 69 50 32 55 6 23 59 94 68 86 11 77 36 84 54 53 0 2 52 43 98 52 67 21 53 37 36 14 77 35 30 68 70 21 68 88 75 94 10 32 18 42 83 58 15 76 4 6 2 18 32 54 34 12 29 0 54 7 90 71 17 29 58 88 67 23 10 67 48 19 72 11 57 82 8 49 62 37 30 94 44 8 97 81 68 2 17 65 61 10 22 88 47 51 32 86 100 22 35
22 52 57 25 81 88 62 48 67 39 19 91 9 1 92 7 17 69 61 70 41 73 4 5 72 93 100 67 10 63 80 77 95 39 99 92 24 21 13 45 90 7 16 13 78 23 51 11 87 78 71 28 38 92 52 51 53 86 84 9 47 0 26 51 57 60 96 46 97 82 59 17 23 60 82 67 82 32 2 29 62 81 2 27 54 75 47 55 68 3 21 14 99 51 20 15 53 12 59 6 8 24 51 88 27 60 30 57 13 91 75 36 28 25 76 61 22 60 16 89 34 33 42 85 55 14 23 63
57 13 5 73 54 37 51 4 10 72 91 55 76 30 8 9 21 17 7 12 21 65 87 57 90 98 51 86 43 51 32 8 80 58 41 81 45 29 72 18 53 1 83 11 48 39 23 49 82 32 8 35 92 1 10 58 3 70 26 58 49 50 0 90 37 65 24 33 17 34 17 72 1 86 58 7 63 87 10 76 17 93 28 27 75 26 43 86 97 75 9 31 60 74 75 49 91 37 42 55 27 7 59 62 15 32 11 58 9 41 55 5 2 6 32 60 35 72 50 65 75 19 31 10 49 75 18 66
25 82 54 17 32 20 9 53 30 74 3 45 87 17 83 30 72 38 9 30 64 50 71 24 20 43 29 60 73 8 94 77 59 11 90 51 39 28 60 70 1 72 87 12 20 52 12 8 6 25 86 0 35 35 39 13 38 65 68 98 85 99 95 37 59 70 14 39 41 5 58 32 61 6 68 18 58 21 53 92 8 15 1 32 80 88 93 76 66 44 20 74 23 28 61 43 26 74 41 56 11 47 4 37 21 69 79 13 91 67 83 35 53 71 64 0 2 85 11 47 67 8 47 41 86 45 27 55
42 7 89 91 63 68 67 18 37 21 18 55 58 42 5 8 76 23 93 79 31 31 45 34 14 30 5 74 72 29 4 93 100 69 40 44 50 41 9 61 1 20 36 34 17 37 85 20 51 3 38 26 67 47 27 52 67 35 89 70 58 48 70 89 51 14 92 84 56 37 70 44 68 5 14 76 86 78 21 78 100 90 69 24 94 86 59 82 2 62 0 43 93 26 60 13 8 100 63 8 7 58 52 13 51 24 99 23 54 15 81 99 54 52 89 39 69 15 31 12 3 18 53 94 63 14 31 34
4 34 99 23 46 13 6 21 68 13 93 58 72 18 96 82 59 29 96 36 34 57 95 10 39 81 67 41 88 2 92 69 55 65 97 71 27 58 55 51 11 25 32 37 69 88 80 74 16 95 70 25 34 43 64 64 97 40 67 64 73 31 3 48 63 96 30 66 76 2 98 21 85 71 21 99 50 8 90 21 18 20 98 17 69 12 2 66 9 49 8 66 33 87 58 65 87 17 100 27 71 17 40 98 67 11 21 23 93 97 97 14 73 35 99 86 41 23 40 32 71 43 70 26 36 81 79 70
11 65 100 4 46 13 68 86 88 36 100 62 85 4 38 65 92 42 54 27 12 59 7 55 37 38 4 0 83 94 78 28 60 19 95 5 70 18 36 75 81 78 56 11 61 64 44 64 76 70 34 12 17 32 74 68 26 0 61 3 15 32 93 7 69 36 75 17 86 51 75 18 21 93 91 99 21 86 49 4 87 6 97 54 52 42 22 5 68 26 29 55 88 47 18 97 69 19 49 67 11 5 79 2 18 40 73 44 77 27 72 58 59 46 83 99 58 28 6 40 77 20 93 96 99 0 90 4
64 26 50 34 3 26 14 49 7 93 47 2 5 24 23 52 88 76 89 83 10 46 10 21 55 29 64 68 54 66 10 9 89 15 50 41 70 58 70 11 6 13 90 78 8 11 73 91 63 78 27 98 70 7 52 51 6 65 100 8 61 64 52 16 56 83 21 64 49 62 28 73 8 63 21 47 12 52 11 12 84 9 3 90 37 77 89 97 91 52 99 62 50 79 52 46 19 21 35 14 8 61 91 26 68 78 36 37 98 85 78 36 9 22 48 44 74 57 38 78 17 34 45 79 55 68 52 25
93 100 40 84 78 94 2 67 54 70 3 65 78 12 12 29 98 36 57 58 57 10 37 85 6 100 99 63 39 89 6 73 50 18 17 82 28 63 50 30 32 73 0 66 39 76 7 72 43 45 35 5 0 59 71 8 39 73 65 47 24 90 57 61 86 70 76 13 24 21 84 11 18 73 24 93 55 5 14 74 3 14 2 89 76 95 49 31 91 83 52 39 77 5 88 60 84 63 29 80 86 27 44 26 55 15 76 62 78 85 20 20 61 79 66 14 71 94 54 31 30 37 32 67 72 65 34 73
83 56 80 19 25 60 92 88 95 39 8 40 21 63 45 10 35 56 42 97 10 47 64 88 68 9 23 35 61 27 47 46 18 56 4 30 95 46 88 93 41 8 27 12 33 49 77 83 1 6 25 37 14 61 45 87 67 54 15 98 65 66 43 99 60 88 70 45 4 43 95 22 27 48 52 19 86 10 58 0 21 1 44 10 51 37 62 1 37 75 15 95 72 86 39 37 55 3 34 85 90 1 59 91 20 40 87 47 84 34 42 64 54 70 68 24 100 64 53 8 28 63 29 23 84 12 49 17
74 87 10 59 13 53 37 28 99 54 66 22 11 85 72 15 75 94 1 83 69 38 49 77 2 36 3 80 9 18 21 93 60 70 63 83 49 67 79 32 84 79 70 18 38 88 30 61 4 71 61 25 96 16 7 90 37 97 72 2 4 63 40 3 10 79 15 37 67 80 22 69 80 44 40 72 11 17 71 95 16 73 33 70 61 21 36 43 21 18 88 46 54 24 9 34 96 55 2 53 70 18 41 79 73 23 51 78 39 77 92 2 91 27 25 29 93 77 48 77 61 11 64 36 6 15 23 98
84 37 36 30 98 65 0 46 66 83 63 55 21 74 61 6 78 97 26 67 47 64 2 44 58 38 38 73 49 91 91 55 28 26 38 49 11 13 41 89 5 46 71 70 48 27 9 17 65 56 94 92 12 6 72 52 32 78 68 96 33 44 84 74 98 6 58 23 13 75 65 54 80 49 71 81 35 77 17 23 5 89 50 28 93 56 98 77 13 29 97 55 44 26 96 75 5 15 61 71 19 62 20 65 45 27 21 89 32 45 30 63 34 18 38 56 77 84 40 40 39 61 74 46 84 82 71 62
36 70 1 26 99 34 52 45 89 38 88 0 4 70 98 100 87 36 21 57 25 90 53 69 95 17 45 20 99 10 63 30 56 73 59 80 87 83 49 21 43 47 6 95 74 0 85 41 69 50 11 70 36 79 42 46 94 29 72 89 25 81 41 66 38 85 65 47 86 43 28 35 89 45 19 16 54 55 100 94 32 63 65 79 37 89 29 41 62 91 84 72 6 42 24 20 44 69 28 41 59 54 86 77 60 2 10 19 31 6 29 6 100 19 21 19 18 87 87 9 0 88 21 1 98 4 25 73
97 99 48 99 80 64 71 54 78 14 49 53 1 3 24 1 21 5 30 9 90 77 18 59 13 60 18 17 45 66 58 41 54 76 20 53 11 96 5 44 87 87 72 60 100 83 88 4 35 80 60 64 12 20 12 25 17 35 74 100 81 74 89 44 95 10 74 90 7 55 100 29 51 11 9 81 49 82 23 25 34 66 98 46 63 25 70 79 18 12 92 33 58 17 54 14 97 82 67 75 43 97 87 3 21 19 42 40 94 82 43 98 48 75 24 53 99 56 35 80 34 43 53 87 12 42 14 52
55 56 0 47 95 3 82 28 26 50 31 70 22 9 40 88 42 83 51 18 12 37 10 55 49 92 47 75 17 18 82 43 72 19 74 3 63 16 12 5 72 7 33 87 52 8 90 45 44 42 64 8 44 46 4 94 52 33 36 39 5 60 12 83 80 98 18 24 65 49 11 52 57 53 33 32 20 69 7 90 32 89 99 66 67 77 89 0 34 64 50 20 52 10 44 20 99 69 2 17 40 93 44 0 12 64 35 40 43 58 47 50 22 68 51 28 25 81 65 36 11 76 47 72 86 34 58 53
63 21 19 40 30 95 28 96 5 27 48 60 90 45 75 4 75 1 26 39 32 42 39 7 68 84 66 5 100 42 58 69 91 67 77 41 3 98 5 56 42 18 80 13 14 21 28 29 1 39 46 51 35 47 69 84 90 13 17 72 55 3 44 38 43 76 76 6 81 51 17 27 73 3 70 78 3 22 51 53 96 71 38 53 46 75 17 29 20 77 29 45 83 7 61 98 0 27 48 2 44 93 75 34 20 12 66 20 17 40 70 66 97 82 81 79 50 14 17 25 11 40 1 11 48 18 41 66
27 89 89 79 52 92 74 95 21 2 59 73 15 37 20 15 3 13 93 81 61 79 11 49 60 85 9 52 78 53 37 30 51 32 83 46 29 31 22 95 78 99 46 86 6 91 50 67 97 2 79 53 98 71 92 63 63 49 53 3 13 4 99 29 68 20 22 70 65 20 91 25 95 19 75 60 16 28 68 85 71 41 59 86 81 87 23 76 11 38 59 78 37 2 45 7 59 69 17 77 54 41 41 87 1 87 41 19 45 97 0 38 84 36 53 97 71 28 72 70 19 21 89 29 15 47 51 28
67 100 33 83 81 6 70 14 82 9 26 59 80 67 73 70 8 88 4 30 31 25 70 68 33 48 32 77 14 45 26 97 17 40 91 22 43 32 43 72 25 91 67 79 26 92 12 84 32 37 6 6 72 39 26 40 40 28 14 41 3 51 43 38 2 21 88 9 87 0 97 73 54 17 28 82 31 31 58 94 71 10 64 29 44 100 77 76 90 95 50 1 0 13 15 18 36 50 50 59 82 33 41 98 73 59 65 62 90 46 24 66 18 50 19 81 83 56 10 32 18 2 75 44 30 34 78 97
13 40 41 13 38 24 29 2 54 87 99 23 77 83 97 48 14 7 83 73 7 72 64 16 45 37 31 84 96 16 32 0 38 29 35 59 3 17 23 67 22 37 89 87 98 87 85 59 88 78 96 26 61 96 68 38 52 56 60 47 0 70 32 55 50 46 74 10 92 100 61 25 72 36 27 0 58 53 78 6 11 37 67 64 43 34 23 0 52 50 45 6 70 36 6 88 56 39 97 63 34 55 88 34 6 84 13 28 29 35 90 90 60 73 68 68 22 45 56 67 83 68 38 95 76 3 51 87
1 10 17 2 95 56 93 40 26 47 64 88 26 83 32 99 28 77 39 21 100 33 52 53 62 53 94 9 45 78 92 79 40 81 69 83 0 89 100 92 27 79 33 19 46 11 55 71 77 57 58 8 52 20 56 3 52 85 17 0 6 38 81 50 33 7 40 5 41 8 7 5 20 1 33 80 53 8 77 5 63 98 46 72 74 95 17 28 66 29 41 43 70 18 3 91 37 82 70 21 89 3 76 7 31 96 96 70 33 24 80 32 52 56 71 88 10 74 80 48 81 62 57 63 53 40 80 83
100 17 64 4 76 18 32 47 5 76 72 75 51 99 29 14 31 8 25 69 0 66 37 79 87 2 53 51 60 71 13 44 88 55 20 88 0 18 58 35 81 52 78 85 12 21 29 33 43 73 67 56 88 48 38 48 15 11 78 17 0 69 66 15 91 27 59 62 96 83 93 17 89 99 97 18 32 18 67 2 89 12 99 98 87 86 60 53 1 44 39 47 89 15 44 39 50 0 32 75 3 3 50 69 49 5 37 0 73 67 51 8 14 78 75 18 64 97 96 91 25 95 29 99 61 71 16 45
3 46 43 24 76 15 57 24 10 95 53 5 86 79 86 38 39 65 56 81 75 83 70 15 87 97 76 50 0 17 76 62 15 86 42 53 62 94 38 33 35 21 8 52 28 7 4 2 58 20 81 29 45 50 82 86 62 14 9 77 44 91 95 71 33 35 67 9 20 87 10 79 73 94 39 5 47 93 55 82 66 51 61 34 73 93 5 93 23 28 1 35 97 70 25 47 83 94 16 99 69 52 44 91 43 76 66 59 1 29 99 30 76 80 54 13 75 27 37 10 42 34 89 40 72 14 67 81
98 25 89 71 70 55 15 62 65 27 36 51 60 0 17 5 64 21 25 53 96 70 53 44 57 46 49 56 27 67 36 58 88 84 69 5 37 35 67 47 81 81 75 41 30 44 35 24 13 56 60 79 18 47 5 42 89 14 12 77 98 100 77 6 42 70 50 63 3 85 98 33 8 11 77 78 99 48 56 6 15 25 60 53 75 62 55 92 22 100 67 53 23 61 38 8 99 98 79 93 43 6 48 6 59 73 68 93 34 0 97 48 30 67 95 23 56 58 93 45 99 12 0 9 9 98 53 89
50 18 96 18 60 98 95 44 96 67 69 27 7 56 56 15 76 29 64 70 91 33 45 77 82 36 30 82 13 82 94 56 93 98 65 73 28 47 65 66 40 49 78 11 4 77 7 32 15 29 86 30 57 96 82 95 97 8 74 60 28 38 94 54 31 10 0 77 28 46 62 92 94 89 40 76 46 54 51 58 99 61 32 22 61 89 6 69 39 61 42 74 32 85 3 38 67 57 17 72 2 94 81 83 80 8 70 88 20 81 0 60 37 69 13 55 83 2 38 83 26 18 70 68 63 1 89 29
77 0 75 96 83 74 30 90 25 42 76 49 77 64 62 42 67 17 55 93 90 51 26 38 60 47 1 22 59 82 66 87 36 17 17 45 92 96 16 51 98 39 87 53 26 62 71 28 47 52 19 42 83 33 77 82 17 70 17 4 92 14 98 63 72 7 2 6 55 73 63 1 55 18 21 36 89 17 31 77 42 57 12 2 41 63 43 52 29 67 16 19 70 6 7 44 56 23 59 20 54 99 23 94 7 71 97 21 27 58 15 82 10 77 49 93 75 52 46 43 56 0 2 6 98 79 81 67
64 17 2 7 90 30 70 29 98 81 69 90 42 90 83 71 41 57 91 16 1 86 7 30 33 28 91 22 100 98 53 63 73 70 50 60 17 93 36 10 30 87 59 14 14 57 43 88 97 93 47 31 98 95 84 74 8 47 26 76 5 14 57 76 25 50 48 65 63 69 40 26 9 72 70 84 39 32 100 3 3 57 88 31 8 17 84 88 25 87 87 49 6 76 7 2 30 17 46 54 42 75 59 95 4 87 19 23 83 62 66 23 53 72 44 25 72 84 49 84 72 64 56 0 31 70 95 11
35 16 44 28 92 12 12 8 81 41 8 70 52 58 0 42 81 96 88 97 25 70 28 44 21 28 25 58 86 83 45 84 66 87 44 33 9 14 40 100 94 19 62 19 34 67 51 32 18 79 72 31 65 32 61 48 16 28 97 61 31 87 16 96 66 98 28 44 66 34 53 14 52 70 36 85 74 90 6 22 61 77 47 88 53 77 74 15 25 3 5 55 85 5 35 98 41 29 58 76 31 30 5 66 8 24 48 29 17 76 68 30 11 27 33 1 10 15 82 71 47 4 92 5 46 19 66 25
76 17 70 92 39 15 11 32 19 81 21 17 2 100 27 57 37 86 79 73 93 51 95 2 5 58 83 30 96 99 55 45 49 68 98 76 27 11 51 73 61 19 92 30 11 93 92 40 27 96 33 80 50 91 69 30 36 39 18 80 20 56 5 3 13 9 17 8 51 73 50 11 27 15 67 6 38 35 51 97 13 74 69 76 37 76 66 6 64 16 38 80 62 59 63 64 60 86 95 98 48 41 56 83 73 57 45 75 14 21 63 21 10 38 98 55 5 17 81 25 99 4 30 11 35 55 29 30
97 74 12 81 30 32 45 70 67 55 51 88 85 76 77 86 61 21 31 56 85 12 84 64 99 27 44 58 78 97 92 80 86 84 67 91 33 97 98 11 78 24 59 37 13 45 42 16 97 83 91 10 37 61 38 35 74 11 70 56 51 76 75 20 94 86 92 16 64 10 72 62 83 89 52 42 98 11 55 11 71 43 77 89 10 39 12 75 63 35 80 80 87 95 9 57 35 49 97 66 92 100 78 90 17 27 84 86 52 38 89 100 76 56 15 94 28 63 53 23 87 70 1 67 81 39 58 78
27 41 82 87 90 1 51 30 83 47 46 24 31 83 37 6 29 67 60 91 71 49 47 95 3 73 49 64 62 29 60 63 100 2 0 58 4 58 21 77 57 61 44 47 22 64 96 3 48 1 46 79 1 29 39 40 42 48 32 94 85 72 64 93 65 88 85 80 80 79 55 56 34 17 12 99 77 75 30 49 85 51 23 25 18 32 46 12 70 83 11 12 84 83 42 65 24 81 68 19 18 1 20 77 98 49 98 97 46 37 17 22 33 86 49 23 82 46 86 43 75 23 32 69 28 51 68 100
78 76 56 64 48 25 65 33 21 34 81 48 57 7 69 49 9 23 60 41 92 23 11 51 8 61 82 2 7 73 67 86 4 96 11 31 6 7 79 73 43 70 15 74 85 67 94 53 15 68 62 83 60 57 89 57 20 20 9 82 99 63 73 93 79 45 7 54 54 27 33 99 94 38 55 23 9 81 15 96 79 70 77 88 15 6 5 34 47 94 15 26 57 90 83 11 17 74 58 80 10 21 12 87 63 5 100 51 100 10 56 11 67 19 67 43 12 26 7 35 21 9 3 21 37 68 51 36
67 29 67 89 21 83 55 54 33 55 7 45 72 77 13 65 84 96 12 84 2 75 83 43 80 17 56 17 43 5 89 32 62 29 9 22 10 97 76 31 73 16 81 34 18 96 0 67 6 49 83 56 10 31 47 43 48 67 17 4 76 74 64 93 80 87 65 59 97 43 10 84 28 32 23 95 45 62 44 48 68 2 76 70 9 19 83 87 65 41 67 87 5 26 6 34 71 87 86 42 27 66 72 20 51 13 76 84 9 53 83 61 14 68 60 95 57 12 30 65 82 54 96 61 88 48 16 18
86 22 82 19 85 45 92 27 21 40 42 100 61 35 92 5 47 92 84 99 83 40 50 82 26 92 35 62 83 22 76 54 76 4 44 30 69 33 38 40 35 13 44 98 28 98 70 4 66 64 87 93 81 47 95 73 57 61 34 12 5 49 99 76 60 71 46 7 19 97 93 74 94 21 20 10 31 13 51 86 32 26 48 42 70 15 48 80 69 46 83 1 3 94 80 89 97 10 58 29 83 23 3 43 85 24 94 14 13 5 87 75 66 24 64 93 21 47 18 84 62 2 47 77 26 81 88 7
21 70 31 78 20 61 19 56 71 78 53 4 28 32 78 58 67 86 67 93 82 66 56 19 94 63 54 58 36 87 88 2 24 15 64 27 58 29 84 96 100 56 22 48 47 12 16 93 100 51 37 34 40 88 31 45 62 43 22 32 38 9 74 39 93 20 42 28 11 26 29 66 21 3 58 12 56 77 75 82 33 79 62 87 14 74 32 39 69 33 11 73 5 37 65 20 62 29 54 20 88 42 69 29 30 88 0 74 35 9 67 42 17 70 47 47 21 52 90 41 17 47 7 3 12 0 44 33
90 49 22 86 28 3 26 87 11 83 11 66 7 35 31 24 77 17 11 91 100 26 31 86 58 96 3 22 86 10 99 14 53 88 2 89 60 16 91 36 12 57 67 42 50 19 51 61 4 63 76 96 4 43 10 26 24 85 82 4 53 57 94 5 27 18 97 20 20 51 48 3 87 14 47 45 24 81 57 76 52 36 82 9 77 57 50 39 38 68 49 94 99 92 56 48 12 23 13 6 98 17 29 34 29 84 33 22 63 84 72 12 76 30 23 18 98 14 55 87 49 63 55 45 30 1 57 1
26 33 61 46 5 19 78 81 80 23 45 14 5 9 72 57 74 26 4 57 60 36 98 1 86 46 51 87 97 5 31 12 1 73 28 9 38 31 100 50 25 40 51 63 33 51 19 21 66 34 0 24 25 59 15 54 48 87 31 28 48 32 69 93 43 41 34 81 27 57 53 52 70 98 13 46 9 68 18 13 44 36 22 40 92 96 16 78 38 55 97 34 40 30 14 57 39 100 90 14 55 70 73 100 57 91 10 81 92 11 69 68 77 81 82 11 60 65 52 82 94 70 51 33 64 56 87 70
51 21 5 36 90 77 90 89 77 56 26 7 84 8 77 71 81 17 90 22 60 37 73 13 32 93 59 91 66 29 93 78 32 17 68 69 17 94 50 53 88 46 87 79 52 76 35 37 81 13 57 53 22 15 57 12 72 81 3 96 5 94 24 92 89 29 69 59 62 8 71 34 43 66 22 69 55 69 90 19 69 14 65 86 38 70 36 20 50 2 9 69 76 49 38 55 68 60 3 95 0 64 60 98 19 84 52 81 38 19 46 32 86 11 99 29 63 63 81 36 23 70 26 15 43 62 95 22
95 5 85 0 69 83 63 93 1 26 58 43 70 12 57 80 3 91 24 75 80 8 41 37 69 32 39 41 29 3 17 29 26 59 90 48 59 89 53 24 42 24 45 34 77 15 51 68 56 64 25 96 72 47 11 74 64 62 59 77 48 32 99 3 68 10 99 13 9 68 46 42 43 4 60 40 30 20 84 74 20 3 11 85 15 57 87 36 99 56 20 98 46 16 33 99 92 63 62 83 54 54 18 36 79 98 96 28 49 96 48 42 26 90 93 34 87 81 46 53 3 74 99 13 23 26 7 39
24 72 20 38 63 66 19 45 7 66 59 57 96 85 54 7 94 43 62 47 94 54 54 32 42 84 7 96 9 95 25 28 45 95 94 60 76 21 91 51 87 38 11 76 61 61 100 41 71 60 70 68 80 22 92 39 87 17 72 9 43 90 79 17 72 73 56 42 60 6 79 8 25 32 90 51 98 16 65 53 85 63 73 4 92 13 46 9 52 98 22 70 98 51 51 43 29 24 43 23 24 71 85 31 18 63 88 89 81 35 49 24 4 97 13 34 15 44 53 99 23 4 32 81 97 77 87 76
12 92 43 97 68 22 73 44 32 92 50 79 18 86 15 91 49 32 9 10 80 81 99 42 4 83 34 96 28 30 39 85 57 43 94 67 76 24 54 66 71 58 5 38 91 87 87 24 68 86 97 12 59 92 48 78 87 62 88 61 83 37 80 46 6 28 28 98 83 60 65 15 59 71 6 50 65 53 88 35 73 48 89 59 44 93 64 77 78 77 93 14 69 43 89 48 22 17 86 23 53 33 75 85 34 69 99 14 77 94 18 1 7 21 95 11 47 59 14 13 55 93 49 28 68 17 35 100
90 64 83 25 65 69 0 76 27 2 76 86 26 87 93 25 66 42 42 98 2 51 5 33 7 16 30 50 77 14 6 31 65 14 41 11 39 13 49 24 55 32 31 39 97 64 74 3 83 37 68 20 11 40 40 0 61 3 38 81 63 28 68 4 53 76 40 49 75 2 61 68 93 8 84 60 62 47 97 6 10 5 11 37 8 28 68 3 77 8 75 87 90 32 25 15 61 71 75 12 28 29 82 90 66 62 46 71 82 68 95 100 95 31 68 9 71 86 21 15 85 80 88 10 0 3 97 99
11 8 88 36 100 21 8 81 86 50 91 100 49 88 49 0 73 49 61 57 20 61 16 38 63 22 2 96 39 76 83 67 3 5 8 33 96 68 62 8 71 85 31 35 96 14 1 21 74 85 95 27 35 68 6 69 16 38 65 29 26 44 39 17 31 4 50 75 68 4 92 99 78 100 69 78 83 52 97 4 3 9 60 91 53 76 63 92 39 76 2 67 69 91 28 32 81 1 61 32 60 7 52 38 21 81 80 17 48 6 86 19 29 0 24 23 81 91 76 45 72 45 90 55 28 97 96 22
86 64 6 61 61 11 5 72 68 34 10 3 6 64 25 12 26 90 9 15 99 94 19 61 5 50 7 88 28 54 56 94 0 68 11 100 73 44 96 3 52 8 76 9 39 24 35 50 84 40 52 30 6 37 100 36 64 88 5 29 10 13 21 52 95 22 57 13 11 6 16 49 34 97 60 93 33 38 24 93 97 22 75 93 94 39 4 48 77 92 49 50 36 74 21 10 90 10 45 97 61 46 16 25 76 88 35 10 19 1 74 83 71 12 29 29 88 30 65 35 43 77 15 15 35 78 36 91
65 91 14 39 94 3 37 67 33 2 67 5 19 18 79 32 2 56 97 33 55 66 86 17 56 2 35 21 32 74 94 26 35 72 60 91 37 59 10 36 97 7 45 0 89 92 33 1 62 23 98 85 88 92 56 86 46 30 75 29 88 22 7 3 19 55 97 28 12 41 68 0 7 16 68 76 41 42 18 64 4 66 37 61 35 78 99 67 14 100 51 99 18 2 21 28 30 87 0 78 23 79 98 28 62 99 52 87 38 95 15 67 38 88 8 66 26 62 60 89 56 66 69 62 64 97 77 98
45 33 30 43 6 78 56 32 99 48 61 58 85 27 55 53 92 95 12 26 71 41 74 44 45 24 28 60 96 70 70 67 69 74 13 28 8 41 92 86 24 55 86 58 29 42 45 98 1 93 33 92 42 35 34 39 1 31 59 89 82 2 62 28 8 85 92 26 52 14 19 21 67 38 64 42 35 84 52 16 69 82 19 50 53 58 74 31 89 7 91 5 20 9 39 36 6 37 27 66 62 40 42 79 3 52 64 87 91 1 48 84 69 55 38 36 73 66 23 82 95 42 81 76 94 18 30 86
57 88 33 3 86 42 92 90 32 78 80 18 89 56 83 90 29 45 19 58 66 87 33 6 77 74 73 22 27 30 10 43 39 46 31 95 2 42 85 86 40 60 30 30 11 13 89 48 28 76 13 23 8 84 49 64 89 75 31 74 75 43 89 85 12 72 2 15 92 15 59 74 68 71 33 72 21 13 75 62 24 68 43 39 35 70 50 87 4 51 86 13 0 25 87 33 81 18 35 60 29 47 96 68 71 73 14 50 88 85 95 83 50 45 27 87 18 89 42 42 94 74 93 38 88 42 34 93
94 1 55 98 6 84 89 93 56 76 87 36 86 44 89 61 56 97 33 64 14 44 6 1 58 22 48 8 81 79 54 49 90 46 29 95 76 56 32 71 65 3 14 60 32 70 46 22 29 7 73 10 50 12 43 83 18 100 36 43 22 41 67 10 60 96 18 65 90 42 20 17 40 16 64 68 30 96 45 67 93 7 61 93 26 43 42 53 69 92 6 76 86 23 9 37 100 35 65 93 92 16 67 55 81 70 44 1 75 47 24 28 77 24 6 39 81 61 97 86 71 93 87 18 38 17 53 83
45 0 28 76 11 17 6 94 29 36 75 48 43 19 89 22 45 25 15 76 23 92 30 4 92 15 14 88 66 94 31 21 62 44 96 9 8 34 12 11 92 100 32 4 48 51 40 89 82 90 11 4 95 3 92 41 13 29 49 76 28 16 90 60 88 51 6 62 8 39 90 21 58 35 64 45 26 93 67 57 5 3 44 48 45 27 62 27 80 86 32 11 46 4 26 63 23 41 9 18 40 44 2 8 20 37 82 11 8 68 1 39 84 100 15 80 52 50 4 95 18 71 25 33 8 23 17 94
84 96 43 83 21 2 93 61 51 31 15 97 52 79 35 80 66 28 88 77 3 80 42 38 6 9 30 59 92 19 91 12 91 27 48 23 5 33 73 26 51 31 90 93 78 19 31 24 50 59 78 64 17 99 65 56 36 37 55 58 94 95 33 82 98 45 99 100 63 58 10 34 63 84 17 23 54 40 28 25 74 46 71 42 88 75 91 94 59 13 67 95 5 12 99 59 87 72 64 4 3 93 53 82 80 88 22 84 38 99 13 96 71 72 87 47 42 66 80 54 33 75 48 72 78 51 91 43
99 77 30 16 45 57 17 11 55 39 49 60 37 6 46 59 76 18 56 96 58 25 16 13 48 1 42 39 11 87 81 97 34 60 50 78 20 97 68 52 73 46 89 18 59 11 59 22 44 89 94 47 48 12 75 18 15 80 8 45 56 90 25 54 89 100 13 71 61 95 79 94 25 4 67 17 48 73 4 41 11 36 12 99 44 90 44 28 78 80 29 18 27 84 65 86 62 7 49 57 59 0 79 82 8 13 23 16 81 32 75 11 96 83 66 26 90 55 77 26 44 76 20 85 89 23 75 68
57 45 84 21 61 5 8 20 99 79 71 70 72 88 43 83 16 24 26 27 86 16 32 77 44 63 4 89 37 90 40 77 1 21 0 32 91 39 98 21 12 24 49 30 85 88 9 30 47 49 1 4 85 14 37 67 12 61 51 14 40 49 50 99 19 47 9 57 87 49 90 99 75 69 38 61 81 66 25 57 62 99 85 89 43 46 82 10 86 48 70 76 15 27 10 86 84 5 96 45 74 70 51 49 82 24 82 21 100 31 0 12 10 33 67 69 38 8 59 98 41 37 87 9 24 4 10 64
96 14 14 70 94 98 58 64 98 42 47 41 19 25 24 8 42 58 29 23 95 6 9 74 66 4 97 3 46 74 77 96 80 66 83 85 20 27 74 32 10 46 29 20 50 78 83 94 13 9 57 99 75 46 44 64 10 34 26 93 31 11 16 48 98 98 68 16 74 0 0 87 26 31 55 28 35 19 12 14 31 65 67 22 27 33 37 58 40 66 27 57 32 41 40 23 14 36 99 86 59 46 90 28 58 76 26 19 50 64 8 39 78 93 90 55 52 11 32 8 69 92 59 91 85 54 16 96
52 8 30 66 92 89 23 23 17 61 73 24 13 89 96 39 49 46 34 86 83 16 48 64 87 73 9 99 97 12 1 71 95 61 90 100 91 29 24 94 25 83 77 85 33 99 3 93 61 37 10 63 84 2 68 2 79 99 42 9 90 10 94 25 11 4 51 16 21 58 69 37 10 73 63 62 57 8 51 18 44 88 25 98 1 5 26 5 63 74 10 40 77 65 80 33 69 44 33 77 2 98 99 7 77 35 37 29 93 67 49 91 11 94 40 46 93 30 85 5 86 28 34 8 34 41 94 70
57 27 66 93 71 21 65 61 100 70 91 67 36 60 46 26 0 94 75 23 81 98 63 26 80 90 68 76 73 61 97 6 7 80 4 94 37 31 63 61 26 39 82 44 69 36 82 21 100 62 97 28 53 46 28 13 36 97 83 26 60 3 53 46 60 31 51 80 67 11 57 79 99 24 80 27 92 63 58 45 77 62 31 71 74 99 47 45 9 97 56 44 93 89 45 50 12 16 81 81 90 6 4 63 50 82 63 54 33 13 19 63 60 63 87 46 27 88 55 37 0 70 46 35 78 93 54 7
65 11 28 4 97 44 78 62 28 5 76 35 62 57 46 82 58 54 30 40 97 67 20 31 78 42 16 6 90 68 21 100 10 6 26 31 96 86 28 81 20 13 64 69 64 62 21 57 95 42 19 42 31 58 66 3 8 50 31 89 52 41 64 31 42 13 77 16 71 44 99 36 33 3 16 37 69 53 85 17 82 95 13 0 38 81 51 97 55 77 11 91 50 74 12 23 18 83 11 84 78 7 57 64 96 74 9 13 73 9 59 24 8 58 41 22 45 19 33 6 90 30 93 57 72 74 34 87
81 43 51 22 23 23 5 71 55 74 55 69 34 39 21 81 74 56 83 94 93 36 74 51 0 54 71 24 81 27 11 13 85 97 52 45 82 24 84 65 80 62 62 71 5 14 57 68 59 99 70 97 98 88 9 100 91 92 58 21 82 58 0 9 24 29 43 12 54 18 40 96 25 47 100 11 43 37 89 9 52 4 43 50 81 98 11 84 31 11 24 24 53 1 21 57 34 10 4 87 40 9 98 81 92 43 91 94 15 62 87 57 39 27 82 96 32 83 4 100 32 49 79 31 71 41 59 83
53 11 85 18 44 26 63 2 93 84 28 80 13 97 52 39 52 73 0 53 34 82 34 65 18 51 4 17 36 95 20 16 98 81 96 26 30 79 53 92 6 2 82 27 42 13 53 91 82 11 87 52 100 66 46 89 11 27 70 47 54 53 13 60 30 60 56 18 50 88 5 50 73 41 83 64 8 40 1 20 45 19 91 2 63 22 29 9 79 78 59 40 22 87 46 80 38 39 0 31 47 78 37 56 11 66 86 75 47 76 39 62 90 15 6 71 15 10 9 71 4 25 43 80 6 90 77 39
72 77 78 78 0 5 50 48 81 42 91 32 54 32 13 86 80 53 61 91 63 69 8 66 47 23 3 50 49 97 17 94 64 58 15 54 13 25 62 90 26 76 85 69 28 10 11 1 91 18 66 59 31 56 57 57 58 73 66 84 69 70 62 56 39 27 98 42 77 15 2 7 68 89 45 94 74 9 31 85 84 9 78 89 62 5 100 94 85 71 87 72 3 59 98 24 72 80 23 87 41 80 81 83 13 58 53 55 81 89 9 32 18 55 51 17 44 93 87 41 4 14 77 11 96 34 1 80
63 1 35 22 59 81 17 82 43 87 46 77 48 5 7 3 20 55 100 69 45 65 66 36 7 62 87 55 95 55 63 15 41 34 22 44 15 69 68 34 48 13 76 41 64 40 37 23 81 83 54 82 83 34 90 64 72 16 59 28 72 15 20 30 13 22 48 73 19 54 24 28 17 73 32 45 40 93 1 11 78 18 96 11 86 59 17 16 37 68 34 48 11 49 57 62 31 14 100 41 82 4 76 10 73 40 22 5 37 99 42 65 96 73 44 0 33 53 9 9 50 63 74 46 19 25 43 81
13 88 100 62 57 19 36 2 83 90 33 66 3 21 72 2 40 43 33 36 83 52 77 22 53 53 56 58 7 98 72 50 90 49 45 49 42 94 69 32 59 36 88 92 81 65 46 35 7 59 67 25 12 38 24 17 13 85 55 53 26 5 13 93 24 3 71 35 38 99 87 69 37 26 19 64 86 52 88 57 90 65 24 0 49 35 79 57 21 93 9 86 44 69 51 16 31 26 10 95 93 75 38 17 74 6 10 98 51 36 12 63 2 83 60 72 7 8 51 96 38 3 54 36 3 100 49 8
3 70 43 61 14 18 66 8 46 84 42 83 57 40 77 29 36 87 82 12 57 48 49 72 67 49 17 66 93 73 90 1 0 46 72 72 71 76 38 52 88 53 1 94 82 91 29 76 48 90 7 59 30 89 47 14 82 9 49 58 98 84 51 31 48 100 65 85 83 29 33 86 86 59 93 86 0 52 51 32 30 37 89 6 84 76 19 69 85 80 14 14 27 93 18 65 98 100 10 49 6 99 62 85 36 57 78 23 20 57 24 47 21 89 71 88 44 75 60 75 42 25 14 62 96 94 70 32
31 87 48 22 13 56 65 2 84 31 100 65 52 31 0 4 4 28 45 48 39 50 28 45 24 96 68 58 6 35 91 84 25 34 48 34 57 32 59 40 33 26 2 73 52 53 62 90 32 4 89 68 4 62 84 14 54 95 72 33 59 68 0 19 97 73 19 96 68 0 64 80 19 28 34 62 41 36 76 79 13 31 10 88 22 30 82 18 59 12 72 29 90 8 81 17 99 52 51 98 39 16 22 5 52 25 11 23 83 12 80 59 0 49 65 73 59 88 24 24 70 2 81 19 8 94 99 60
43 6 99 12 40 40 17 33 9 58 92 25 15 86 95 34 23 48 70 83 4 55 38 19 50 32 50 80 31 59 85 94 4 24 17 56 49 74 62 23 90 38 28 65 42 98 1 62 33 56 82 19 45 46 4 11 71 45 77 78 74 0 24 27 74 51 1 17 21 85 16 68 93 33 81 84 32 79 74 9 94 77 93 71 69 37 88 28 28 14 39 54 11 99 9 53 1 69 97 14 73 86 74 25 67 16 79 73 91 10 17 72 47 73 4 40 7 84 47 60 62 29 34 44 99 19 74 13
61 99 66 89 30 88 8 3 31 82 84 81 69 65 23 79 58 61 89 70 75 37 83 29 82 63 36 95 87 89 84 87 26 90 88 24 30 82 96 82 76 91 24 1 73 95 92 29 32 80 42 47 9 56 94 11 2 100 63 95 37 64 78 57 76 28 5 35 24 24 61 55 48 18 71 72 22 1 21 46 20 8 76 73 82 5 5 51 51 54 32 60 32 21 100 64 6 32 80 14 30 27 26 47 56 69 19 43 65 56 16 63 91 59 7 50 69 82 11 12 17 83 21 69 45 37 81 71
76 31 23 51 82 11 95 76 78 45 3 4 43 85 65 66 51 86 20 30 64 69 81 77 100 12 81 80 45 85 75 51 90 71 73 4 66 61 97 95 98 32 32 6 86 88 38 18 80 99 58 76 19 45 86 6 75 32 92 78 92 29 18 89 48 94 9 90 28 11 4 15 48 35 36 34 85 53 60 95 35 26 56 59 18 29 56 72 27 76 9 26 33 28 39 60 36 20 55 44 89 74 9 8 38 20 89 58 28 69 30 55 7 53 2 33 25 34 51 66 21 58 13 47 29 9 88 73
45 68 6 72 67 65 38 15 92 84 65 88 52 99 83 25 85 74 42 45 58 30 70 37 87 66 76 49 5 11 20 14 100 2 52 78 82 89 58 41 9 66 5 16 84 44 2 91 89 52 69 82 0 58 67 8 69 84 41 6 32 38 38 16 15 35 27 5 94 7 98 91 3 44 51 92 69 25 65 54 68 100 36 33 77 40 12 22 54 31 27 64 77 14 9 79 34 42 83 36 57 25 47 19 51 75 18 46 24 2 56 54 54 53 52 83 36 73 25 35 11 31 27 80 43 44 53 30
20 0 63 15 41 93 7 63 98 24 85 59 41 42 63 68 41 9 91 13 23 98 44 99 22 100 4 72 74 12 97 48 62 50 90 18 39 95 32 47 75 74 100 71 12 72 44 43 96 97 61 81 66 45 15 33 5 93 28 31 25 87 66 26 45 35 26 11 74 20 100 2 61 78 55 99 44 38 90 23 61 31 16 29 45 52 40 18 93 43 23 68 91 63 90 23 60 1 50 34 52 54 22 36 99 2 69 74 62 88 76 95 57 6 29 76 84 60 81 69 65 95 39 34 34 80 90 27
5 85 3 30 89 46 90 7 88 15 36 47 98 21 78 56 32 9 68 43 52 54 23 4 80 44 25 72 8 66 96 81 78 5 18 30 15 10 69 88 94 52 58 72 2 32 91 89 24 1 41 86 22 43 33 1 86 94 21 70 47 5 10 100 72 35 84 65 22 91 86 94 76 76 70 1 8 85 92 7 36 17 80 100 41 47 97 31 59 43 40 86 7 65 26 70 44 97 24 18 81 96 86 5 27 2 11 28 90 19 87 76 76 74 84 67 20 38 26 60 100 86 11 74 19 60 39 72
23 67 60 8 69 68 15 28 56 60 70 32 61 56 33 47 95 57 5 5 77 76 22 60 52 53 92 45 63 62 63 33 2 55 63 25 15 54 19 98 33 79 30 75 82 21 4 25 47 53 66 30 53 93 19 79 44 19 2 26 100 10 55 24 94 38 39 11 6 41 47 32 32 81 22 98 4 84 76 57 51 57 42 77 96 57 37 0 21 64 74 95 11 66 73 13 94 84 41 63 83 29 87 35 6 3 87 78 8 36 8 38 1 98 18 77 45 10 36 85 100 23 41 44 63 25 72 92
72 56 33 73 94 71 2 35 26 15 1 9 0 66 25 98 15 97 45 64 10 10 53 37 46 100 74 52 30 88 99 28 45 9 22 27 48 42 67 9 19 75 58 42 23 59 89 13 78 48 25 95 58 21 75 53 45 31 15 52 85 18 32 65 34 40 79 8 85 53 63 89 39 74 61 59 25 25 97 11 98 9 75 58 93 10 16 2 26 43 32 1 51 82 21 99 42 11 88 57 6 90 48 70 67 30 19 63 21 38 87 73 10 98 12 48 81 22 84 11 9 68 11 64 19 23 58 81
91 83 17 34 5 54 59 76 43 61 96 6 30 85 23 40 64 33 25 60 95 97 29 53 80 44 79 9 92 78 97 66 61 39 61 48 74 41 38 30 34 41 30 39 49 96 88 14 66 97 94 60 69 57 97 75 12 18 17 100 53 59 27 73 3 93 25 79 52 91 68 73 61 70 12 20 65 56 59 6 94 62 90 0 17 15 93 96 29 90 16 98 16 48 74 5 22 88 57 30 59 88 31 62 25 98 77 51 36 66 60 54 69 7 9 43 54 80 14 5 99 27 54 18 78 90 40 76
18 37 83 19 87 87 16 76 4 25 85 13 51 74 63 21 83 72 4 38 78 9 38 75 44 98 1 46 90 23 78 28 45 3 90 59 12 51 34 12 10 87 37 87 50 100 94 63 62 88 87 69 95 45 93 28 93 61 3 85 14 65 79 27 93 39 54 40 16 7 92 12 9 21 65 38 25 94 56 46 14 64 62 47 32 77 29 23 86 42 78 81 83 4 80 12 16 42 35 11 45 22 78 83 44 19 15 99 51 20 63 23 84 69 67 57 39 96 45 5 85 49 23 83 9 68 96 57
20 32 99 57 7 58 67 15 54 55 25 35 96 11 20 46 17 39 43 39 92 46 73 26 28 90 78 27 77 63 97 53 62 86 58 1 58 85 0 98 25 65 53 53 60 7 45 82 41 86 78 14 60 64 78 6 75 100 89 4 78 10 50 71 71 79 80 58 47 4 58 56 75 78 22 48 31 43 39 76 17 90 79 40 24 12 0 92 17 77 1 49 91 39 74 10 28 92 89 18 16 32 6 96 63 29 8 1 29 75 100 91 39 35 46 84 1 75 5 29 33 58 24 44 11 57 14 93
58 69 86 39 71 56 68 32 41 14 18 87 73 99 82 80 45 23 61 89 28 71 36 98 48 33 5 47 61 92 41 77 73 22 2 92 57 83 32 54 94 35 92 12 32 69 1 79 35 29 54 30 58 3 43 20 97 0 30 67 72 72 32 25 7 62 83 2 14 3 25 50 84 92 61 24 4 8 89 93 5 40 61 27 47 99 91 43 35 35 97 21 55 42 76 76 34 43 48 14 14 8 90 28 91 53 24 60 79 60 76 75 21 100 98 37 45 60 70 49 49 51 31 25 83 26 32 12
72 68 31 75 88 52 80 65 86 48 91 45 47 82 45 27 70 71 53 21 21 35 80 83 9 54 100 50 76 46 72 9 66 5 3 96 47 34 78 54 33 98 26 36 55 97 10 95 25 67 67 14 91 57 98 72 65 86 83 9 12 32 45 89 41 99 52 13 73 37 22 45 97 78 74 29 47 15 48 86 58 6 84 2 65 88 2 25 39 55 77 65 13 18 27 8 90 23 62 99 81 81 51 46 69 8 20 96 26 43 38 82 46 31 80 74 56 49 28 97 73 100 38 11 40 29 64 83
51 72 17 49 56 15 98 94 39 50 20 45 85 67 93 3 82 52 13 71 92 56 73 88 37 28 7 54 3 87 90 1 81 45 1 69 44 19 39 10 25 61 75 47 93 51 42 42 3 89 85 56 80 24 32 94 18 98 10 28 25 70 10 19 37 46 79 12 2 94 46 33 71 14 34 15 81 53 95 41 50 37 64 45 4 91 88 73 75 39 20 16 34 70 65 8 44 44 52 64 37 96 70 96 98 33 90 47 3 14 78 73 89 38 12 86 47 47 24 40 42 79 82 73 58 56 80 44
60 73 1 83 74 32 26 12 76 28 53 0 59 67 23 76 88 92 17 95 84 1 71 8 0 78 64 79 79 79 41 27 7 4 87 0 14 63 8 89 40 67 88 46 34 21 32 44 0 18 19 21 48 71 26 55 57 4 83 31 12 75 54 37 81 48 75 2 22 65 40 31 14 13 42 74 63 28 76 83 58 35 77 67 22 61 22 76 32 89 51 5 27 46 19 48 83 0 33 23 99 66 22 45 33 85 19 94 50 31 30 10 43 31 31 89 35 5 25 55 84 70 92 55 15 16 69 55
31 83 2 15 51 15 46 4 25 35 22 26 70 19 94 37 4 37 79 66 56 36 85 99 39 70 79 99 68 10 18 20 78 29 16 45 20 83 7 76 100 99 34 2 100 40 44 45 14 57 69 82 95 72 51 40 5 91 89 98 76 60 6 64 43 67 57 90 100 33 92 76 92 76 11 94 61 81 15 82 48 59 8 38 92 6 72 54 74 61 61 85 96 60 88 82 41 73 60 63 12 26 42 21 47 78 7 73 96 72 81 31 87 64 72 82 88 17 22 68 49 55 10 68 75 81 14 30
63 96 58 73 85 59 17 17 99 0 3 36 84 33 84 47 53 58 99 95 17 41 19 13 34 17 57 69 49 38 66 80 94 50 3 45 0 37 57 25 73 7 55 41 24 32 77 14 8 40 44 3 41 95 4 19 0 95 23 70 16 13 77 68 4 12 3 4 31 82 69 73 43 37 26 88 34 59 44 30 37 53 17 49 78 40 65 1 23 13 62 44 70 35 71 82 47 24 90 68 43 38 1 21 56 76 14 13 6 13 35 47 37 88 25 36 34 57 37 94 66 54 86 12 94 7 58 49
44 54 73 84 4 17 85 68 14 99 68 23 78 4 3 38 55 7 57 54 39 92 78 18 24 41 83 51 88 40 47 47 91 44 68 85 45 73 7 28 73 79 80 5 64 32 0 21 30 5 89 37 76 50 13 56 96 7 44 4 58 46 19 33 19 78 37 97 18 81 26 69 49 52 90 50 8 45 75 13 25 82 75 95 13 63 60 21 3 26 41 76 62 20 73 86 34 32 29 80 12 12 36 51 81 27 57 21 60 52 19 29 19 61 92 88 75 31 21 46 39 18 13 5 1 50 41 62
16 18 43 38 87 87 46 49 64 14 32 61 88 71 59 25 61 60 27 70 37 43 60 93 41 40 6 64 17 26 17 80 33 72 58 87 43 78 51 90 80 67 19 78 78 33 25 80 18 26 28 41 33 73 74 81 15 70 87 40 12 42 35 72 79 2 80 89 48 34 72 91 27 7 14 10 57 32 36 84 86 26 61 70 82 13 51 73 88 5 10 96 5 45 73 97 52 53 21 22 77 25 23 30 78 66 17 69 22 46 19 8 21 39 63 59 29 98 30 76 13 70 32 33 43 7 74 34
41 23 73 48 64 24 88 40 72 39 17 18 86 50 60 43 9 39 67 10 13 78 35 7 71 87 32 16 51 94 57 91 40 4 34 29 95 93 18 32 39 91 12 70 6 0 39 48 22 44 61 75 35 36 49 100 52 4 88 42 71 4 16 93 31 71 72 1 67 64 39 88 90 43 39 26 42 72 41 36 64 86 49 91 57 14 68 5 71 49 30 100 68 25 62 30 12 57 67 89 13 63 83 71 64 5 4 56 67 72 51 50 27 80 11 49 12 42 90 80 62 25 41 77 27 42 32 15
85 88 62 67 3 62 24 11 55 38 96 55 89 99 18 58 92 85 34 12 36 55 79 30 45 95 39 25 90 2 10 55 79 61 94 77 82 96 50 8 89 2 16 83 10 88 76 8 65 100 73 19 8 2 44 36 96 84 5 6 72 42 73 13 88 84 28 11 31 22 55 37 41 90 18 41 31 27 94 83 2 77 90 54 52 90 49 4 88 9 59 56 97 20 14 16 65 27 12 100 87 75 10 83 14 44 72 97 76 66 27 98 8 73 79 30 78 34 99 39 55 35 17 70 2 62 38 14
53 74 58 17 50 21 98 100 88 16 46 46 38 23 89 36 10 86 44 71 81 93 9 98 38 83 65 73 35 97 88 87 30 2 17 64 24 86 67 2 89 51 60 95 91 53 53 41 6 63 97 4 56 41 75 32 92 27 33 70 50 47 41 64 42 81 19 43 80 46 45 54 5 69 37 41 71 18 24 58 38 94 98 24 95 80 8 99 84 97 9 95 27 46 87 11 45 23 99 62 1 86 87 47 88 58 1 14 92 46 28 75 21 5 91 62 99 35 71 98 48 82 5 58 2 0 88 11
20 19 45 79 7 29 48 50 60 85 9 36 13 29 34 90 75 80 52 63 47 84 23 60 95 7 58 34 4 18 69 8 83 70 62 26 17 28 74 76 47 48 95 51 61 77 75 27 39 5 59 32 74 38 31 98 40 68 28 48 15 82 88 98 35 48 97 55 84 100 0 29 54 21 4 12 98 6 58 25 61 49 40 97 40 59 8 26 71 41 100 99 33 90 90 1 49 12 50 94 80 14 74 89 91 69 27 27 61 23 7 32 100 97 81 93 46 87 31 64 16 4 2 19 56 33 23 58
52 6 62 47 49 34 19 50 38 24 74 100 41 38 68 80 97 51 76 70 99 10 30 20 59 64 1 31 36 18 39 97 25 43 42 51 9 72 61 6 15 37 13 59 93 7 1 28 80 59 38 65 59 18 58 45 21 83 92 46 61 57 75 60 17 13 41 69 53 95 50 2 36 9 100 97 90 44 51 21 45 97 58 81 15 48 60 88 89 94 6 61 66 90 92 10 15 39 27 11 69 53 91 19 69 11 51 44 78 20 58 52 82 25 9 73 65 58 89 87 77 44 42 21 100 94 5 22
39 58 55 58 95 57 95 47 34 18 60 28 7 68 16 94 86 61 13 71 78 96 60 73 35 84 31 58 5 82 94 20 41 80 54 40 18 33 74 91 84 51 75 42 97 43 18 22 99 17 48 17 23 56 16 64 24 60 56 61 46 17 35 68 7 11 52 56 53 37 65 78 67 13 30 18 1 20 28 61 7 74 81 98 65 65 28 10 3 56 19 75 0 27 57 79 99 56 83 55 91 20 11 12 73 31 33 84 26 51 84 85 79 1 50 20 18 57 8 68 21 96 55 82 24 59 46 63
20 3 64 77 54 69 29 14 55 20 73 25 0 51 96 16 76 84 32 0 84 14 30 81 47 99 21 73 36 34 4 47 40 42 93 63 3 42 85 28 78 20 20 30 29 17 76 79 15 38 58 16 70 24 89 29 40 66 41 95 2 89 4 83 56 85 32 99 44 79 88 85 99 33 15 5 53 46 89 44 72 26 15 99 94 73 100 92 31 50 94 58 19 97 78 96 53 54 9 13 49 72 74 74 82 15 75 2 67 38 4 30 25 94 40 42 69 54 43 25 76 86 12 24 17 90 14 35
49 49 79 55 42 11 94 27 74 49 25 26 27 48 11 40 53 37 86 69 15 82 83 80 36 43 2 19 42 62 28 51 51 67 2 17 84 60 96 50 80 33 60 19 10 47 20 70 59 70 80 19 5 17 85 11 60 8 3 89 17 92 26 11 41 14 11 9 31 95 46 28 7 17 74 49 97 35 35 63 30 8 67 27 45 100 20 75 71 79 35 79 81 28 13 80 38 29 96 82 9 85 77 16 69 61 8 15 38 95 22 7 53 64 38 89 55 92 41 13 26 61 19 35 7 23 4 29
84 66 87 24 56 9 3 38 88 25 24 93 85 29 93 35 18 81 69 22 15 63 52 54 56 83 53 18 74 61 70 88 16 27 6 50 9 95 39 38 67 68 25 60 95 46 67 71 30 53 56 10 87 89 40 11 67 1 59 4 40 31 88 57 61 51 94 25 5 71 82 95 25 32 12 61 2 20 19 44 66 86 93 38 51 45 1 20 27 63 90 76 38 3 26 52 35 83 46 50 45 10 88 36 59 4 80 21 6 40 93 61 74 66 6 83 34 33 45 83 51 30 33 53 44 49 39 83
17 69 66 16 85 53 59 52 45 1 19 65 77 60 69 28 50 84 3 67 86 60 4 9 65 17 49 59 31 50 59 35 86 69 46 84 78 16 16 54 65 28 59 47 56 42 73 6 98 21 76 56 59 75 23 71 32 68 70 57 99 1 92 52 95 19 82 97 88 83 88 55 0 91 5 28 71 70 71 23 24 96 85 59 1 73 82 16 44 38 59 86 15 69 87 39 89 87 1 95 48 49 43 18 28 56 73 64 79 82 96 72 15 78 67 5 31 50 66 2 82 20 14 28 43 92 76 85
7 74 31 91 20 15 82 59 9 28 28 92 25 48 30 38 96 88 25 90 95 91 75 16 53 8 17 21 39 23 81 66 80 4 48 72 44 37 1 23 44 72 64 81 60 59 100 23 90 29 99 27 78 76 4 80 78 69 92 65 39 80 22 0 67 43 28 46 14 79 48 44 25 88 58 39 3 33 37 49 97 17 93 13 63 20 73 48 61 87 92 31 84 51 40 53 53 48 91 3 4 72 88 44 26 30 58 45 78 99 36 94 82 0 55 24 47 99 84 19 27 17 83 47 62 95 38 49
2 30 94 54 5 34 52 54 19 85 86 49 78 91 7 88 36 6 2 19 91 40 99 80 11 84 55 2 62 29 16 55 86 18 31 25 99 65 8 3 17 80 25 21 46 0 21 95 90 56 3 91 42 1 57 85 35 71 2 43 76 99 20 88 6 15 55 57 70 32 4 30 66 97 50 73 22 27 87 25 58 0 76 40 20 81 88 43 46 70 99 14 43 74 77 26 35 40 49 64 44 34 40 66 43 48 83 29 18 20 83 98 11 55 67 12 70 6 49 79 74 94 68 86 46 37 55 58
70 58 76 22 10 60 41 0 82 80 65 1 21 95 1 40 12 26 57 50 48 42 20 84 49 99 51 74 10 89 9 55 15 59 72 66 43 14 96 25 33 52 99 12 39 98 28 99 100 35 81 35 83 92 28 60 74 76 83 29 64 33 13 85 44 64 7 33 45 15 28 25 21 71 27 93 42 17 79 19 57 1 91 93 88 55 18 10 86 95 43 3 63 42 3 91 43 72 43 23 80 57 0 13 100 31 21 24 61 15 72 12 43 88 20 45 21 85 90 54 75 73 62 5 7 81 98 33
58 75 67 10 44 38 20 8 2 18 64 23 95 53 87 44 19 5 86 97 77 58 94 63 63 68 39 66 92 41 73 34 68 77 12 55 7 59 72 35 70 43 25 75 22 89 93 22 68 21 45 25 1 27 44 49 100 22 69 37 50 86 22 91 69 14 41 88 2 94 55 57 53 73 21 100 20 32 66 70 9 78 9 19 56 33 97 44 18 11 91 95 65 53 81 13 26 17 84 45 58 79 84 100 80 6 28 7 45 33 7 93 74 26 3 18 70 80 80 60 51 67 12 40 70 84 81 77
57 98 78 17 30 25 59 9 16 31 60 91 100 100 52 2 69 3 74 17 99 68 84 76 63 1 83 69 85 97 89 88 26 19 89 46 88 12 61 0 29 23 55 60 56 39 9 1 49 86 95 95 15 47 76 6 10 52 43 51 45 27 68 5 96 93 40 31 100 61 90 10 82 9 33 24 96 78 29 92 65 92 74 64 34 42 7 37 57 13 66 100 63 83 56 42 24 16 18 99 32 100 24 99 54 67 30 53 8 25 65 34 89 20 61 7 71 22 74 27 80 70 32 86 44 21 1 13
96 44 54 59 56 6 29 94 8 41 27 37 10 20 99 86 87 81 24 43 64 75 73 14 67 3 27 82 18 18 44 75 85 67 48 80 31 44 40 53 0 15 66 42 17 57 63 34 98 87 28 3 72 66 46 5 63 4 83 12 6 89 65 5 90 88 72 38 55 69 6 2 42 96 23 87 6 24 84 16 96 71 82 50 98 95 48 85 89 5 68 2 43 66 1 42 41 70 15 82 8 2 12 84 80 71 3 51 63 57 64 78 21 71 48 29 81 4 12 72 61 61 93 61 78 97 6 98
33 23 4 52 82 7 43 54 16 63 56 81 53 36 48 100 68 2 67 98 24 98 30 12 94 66 57 39 83 99 75 95 8 61 67 37 75 60 45 25 56 94 83 76 46 4 65 12 34 68 29 94 91 55 97 77 32 55 49 48 13 1 0 15 96 49 39 25 73 66 91 52 20 55 61 82 96 84 82 2 29 12 38 5 62 39 8 23 32 95 95 53 12 78 51 72 61 10 16 15 59 64 95 35 23 78 0 69 6 93 34 80 17 94 88 58 35 4 57 74 9 33 9 31 95 93 64 18
21 79 15 6 19 44 57 26 54 36 78 12 51 91 7 98 78 97 90 20 81 44 80 47 28 41 12 3 75 85 90 58 63 40 40 34 95 88 39 63 42 8 98 55 92 16 57 2 69 85 26 80 77 23 93 15 72 42 42 91 80 20 0 85 98 94 32 17 41 49 1 29 41 49 15 8 28 96 46 8 74 78 45 90 67 77 30 9 36 32 92 56 3 86 5 90 89 32 56 66 0 7 84 46 94 79 1 72 30 76 55 93 26 89 46 88 28 27 27 14 15 29 26 97 8 54 67 78
68 46 3 18 41 77 4 95 73 90 77 17 3 90 9 85 77 57 12 28 62 69 36 20 48 1 10 85 76 17 20 65 42 2 99 41 49 90 81 94 8 64 92 66 87 15 15 85 98 46 37 41 64 69 26 92 9 68 13 72 99 66 99 24 84 61 17 70 89 16 48 52 32 81 3 25 30 42 78 31 49 27 53 47 82 74 88 22 4 74 9 94 56 97 98 96 99 23 83 0 35 15 52 99 67 94 32 51 74 80 91 33 100 2 100 23 20 57 4 52 78 37 4 15 35 69 65 60
98 88 6 22 62 17 70 99 25 72 16 7 28 58 13 95 48 10 53 1 0 12 10 94 84 43 62 36 63 89 11 74 65 42 30 45 57 13 61 39 5 41 51 16 31 97 85 58 33 39 28 14 27 60 52 20 9 99 95 77 20 13 7 18 37 52 57 90 52 9 24 33 20 22 81 73 39 59 21 14 77 87 14 0 88 79 12 8 26 11 86 87 64 38 65 71 8 63 46 79 33 78 45 4 13 74 53 76 57 55 60 26 14 30 11 68 54 74 65 62 92 93 74 31 72 49 42 40
44 60 65 89 49 51 55 44 94 21 24 67 6 52 9 59 27 80 71 43 44 28 80 29 13 47 29 8 56 52 36 81 0 9 66 36 40 75 76 85 78 66 21 55 65 38 81 84 62 30 66 42 27 48 89 4 100 29 79 38 97 1 55 31 68 61 93 29 31 35 40 22 23 85 92 99 77 93 3 91 81 40 68 40 88 38 76 85 2 76 36 80 15 10 52 49 29 57 48 44 8 81 42 44 33 30 43 88 0 13 38 81 7 44 88 50 28 100 57 44 48 74 51 63 38 83 47 27
49 76 79 7 0 51 50 39 14 95 77 21 64 8 54 20 99 15 90 36 2 52 55 37 93 84 10 41 59 5 54 23 29 48 0 68 6 38 92 91 91 44 29 97 50 20 34 91 74 99 1 42 56 55 59 44 66 83 6 57 95 88 52 41 37 38 3 76 23 44 0 6 47 80 58 81 99 43 36 88 10 6 27 15 16 47 46 49 8 65 36 71 75 32 49 66 36 36 62 83 61 80 31 73 39 1 23 60 35 41 97 21 99 30 65 11 79 84 28 97 96 72 0 94 90 16 97 70
19 41 24 84 20 93 37 4 78 67 86 84 79 28 75 1 18 63 87 69 26 98 17 73 50 73 58 52 5 76 26 22 41 91 9 11 23 99 18 96 59 89 69 48 79 40 15 82 58 2 61 90 79 87 23 72 16 40 56 63 71 59 32 93 22 59 54 40 46 82 68 59 45 87 97 55 68 81 21 35 4 25 36 23 57 28 70 22 91 79 46 98 58 57 59 87 25 20 55 77 64 89 12 32 65 86 4 46 45 85 2 41 51 16 61 67 55 49 1 24 65 85 77 61 63 67 83 29
59 15 76 60 68 1 61 82 52 100 53 91 62 23 37 49 49 63 40 90 45 61 90 51 78 84 100 64 73 99 73 54 62 94 73 84 65 67 46 61 9 92 50 31 20 29 13 47 31 42 61 9 50 12 84 97 73 76 58 0 53 51 54 91 10 53 48 51 2 68 0 5 49 89 7 0 4 97 84 5 21 1 17 37 11 49 64 81 54 52 25 62 80 23 33 61 74 84 75 97 97 60 31 89 80 7 46 14 45 28 91 34 8 8 30 93 34 9 78 76 68 88 17 50 21 40 4 87
28 14 95 40 68 72 63 3 78 2 92 80 35 32 18 5 49 47 89 65 89 42 74 86 99 74 24 92 90 70 55 60 14 34 92 33 56 82 79 75 43 16 25 72 35 66 2 62 65 25 32 69 54 53 56 11 66 56 87 26 49 94 35 87 93 38 22 43 73 84 58 4 97 30 62 99 59 50 42 21 26 63 26 57 18 71 29 41 35 51 23 93 64 4 79 50 73 56 66 26 30 32 85 5 63 13 4 66 31 82 0 37 9 53 17 19 63 86 35 23 88 62 97 16 64 46 76 19
37 43 73 45 20 15 19 2 70 100 74 91 8 7 6 51 2 73 79 3 59 61 51 95 90 78 72 35 85 92 66 88 45 10 10 35 84 61 38 96 95 36 38 93 44 58 11 1 45 71 36 0 85 24 35 0 100 3 80 25 61 98 92 79 24 86 88 82 13 48 0 51 54 93 82 93 95 85 47 64 97 27 6 40 63 66 13 61 84 73 97 94 52 87 91 10 17 20 58 54 39 15 89 85 19 8 91 24 85 91 44 6 30 69 74 19 69 86 4 30 45 96 7 77 71 47 23 6
46 91 100 74 45 41 11 54 1 31 23 18 57 90 6 43 14 54 23 49 41 2 18 9 44 46 81 72 30 24 12 96 89 6 0 11 45 85 36 90 93 27 10 36 85 95 28 80 4 68 85 93 60 87 68 11 8 62 84 42 60 32 5 86 90 88 25 88 46 39 63 49 20 49 36 77 96 80 85 12 75 4 77 54 52 30 15 46 71 13 64 41 90 90 23 98 38 46 21 27 75 70 84 11 19 52 51 98 54 24 76 55 33 19 12 69 41 88 100 64 90 14 20 64 16 7 60 69
53 65 37 23 29 38 59 47 6 18 65 69 1 62 44 93 40 94 15 0 51 2 28 82 69 77 10 9 15 99 40 61 62 92 50 92 50 75 42 8 59 39 29 88 81 60 34 20 80 80 100 11 92 34 22 64 55 64 85 65 34 76 30 58 60 52 2 25 25 38 87 93 15 7 54 19 79 95 76 50 66 25 81 70 30 33 24 28 4 29 23 40 61 80 96 38 61 51 15 44 82 92 35 54 16 91 61 98 68 85 65 29 2 67 29 0 7 91 93 32 97 16 31 88 13 77 56 45
60 93 10 16 37 60 60 59 74 26 44 20 19 66 62 0 11 50 21 5 47 61 90 89 45 12 29 45 33 1 82 22 58 52 13 100 78 45 87 25 66 25 1 67 90 49 43 1 9 42 89 29 8 100 90 56 93 30 55 89 31 69 59 48 24 73 26 61 61 49 27 30 42 67 78 87 77 87 50 7 35 42 41 16 54 68 86 34 68 40 9 46 40 50 58 8 35 73 45 45 73 92 73 77 18 57 38 68 43 63 27 15 5 85 54 95 44 61 81 94 94 68 15 24 91 70 1 64
67 49 30 54 22 39 61 100 4 31 48 10 22 47 0 70 29 36 94 16 73 94 4 77 21 7 100 91 19 25 48 51 39 92 1 49 80 50 30 81 100 42 4 54 50 82 2 27 28 26 40 10 89 44 23 41 57 67 39 34 38 21 93 20 18 58 95 58 51 44 87 12 17 89 20 36 6 28 13 69 31 60 81 7 73 67 7 65 42 94 75 58 35 7 95 3 96 64 82 71 6 15 23 13 6 5 30 70 63 47 0 13 50 77 3 8 23 17 21 62 21 39 87 74 2 83 53 17
65 27 74 45 36 35 56 46 78 20 27 96 66 74 57 42 67 85 64 80 68 77 36 69 8 59 30 62 29 9 73 94 1 27 99 28 26 71 36 18 56 12 73 9 54 21 98 36 27 39 7 5 15 5 5 99 95 30 78 10 91 38 47 23 12 66 56 59 6 50 53 98 63 28 47 3 59 87 50 12 52 38 43 66 72 16 62 65 34 63 14 73 30 86 63 82 91 25 79 85 71 21 86 5 2 72 75 79 61 79 78 8 84 86 38 93 56 9 39 50 34 32 41 81 44 77 62 3
67 65 77 95 44 18 59 87 44 58 45 6 31 16 31 42 53 45 91 97 49 1 15 68 76 41 97 37 22 34 14 13 3 26 50 64 21 89 70 62 100 28 87 68 99 22 21 7 48 91 26 7 49 43 52 40 94 61 56 32 54 58 54 99 16 34 20 49 15 59 37 23 5 65 33 29 66 8 96 50 69 18 76 8 51 4 22 100 8 79 82 80 68 95 30 35 9 37 27 28 87 97 61 77 97 78 41 69 23 62 10 17 51 21 10 52 3 38 61 74 19 52 50 97 62 61 81 67
0 49 48 56 67 85 10 96 17 49 31 41 67 34 19 13 8 18 84 78 19 51 43 35 13 2 95 79 100 61 89 95 91 67 14 72 42 78 37 57 92 47 22 61 58 12 7 68 80 57 38 42 71 93 84 55 76 51 60 17 65 77 63 52 68 47 51 46 0 15 37 17 99 3 12 83 21 32 5 2 59 28 87 12 36 6 99 60 44 99 45 48 55 33 74 68 45 26 76 83 58 11 95 75 39 93 25 41 74 51 78 56 26 60 19 39 22 100 16 29 30 33 12 35 97 5 0 3
34 12 95 99 59 3 5 71 7 4 6 53 69 52 60 65 6 24 86 35 13 53 24 29 92 29 27 93 87 83 77 84 25 41 19 20 21 47 23 38 88 59 41 39 33 6 42 34 55 47 6 91 0 43 60 14 93 5 31 72 11 27 81 65 26 67 85 22 53 61 83 68 89 4 34 17 52 74 24 41 96 76 28 96 25 64 76 38 0 67 4 16 47 12 51 31 54 32 17 24 83 94 42 13 5 33 1 82 51 28 92 18 70 44 100 5 11 4 79 97 84 78 38 96 95 57 51 72
80 99 36 90 57 35 37 10 47 43 28 77 92 46 30 72 98 95 30 71 44 94 39 10 55 86 23 53 45 10 58 100 82 17 10 82 59 91 24 81 31 84 76 66 93 59 56 54 71 70 6 83 67 88 15 11 55 11 80 18 47 26 5 30 73 35 15 64 21 53 100 35 77 52 81 96 99 76 20 26 14 19 84 85 64 2 48 2 75 52 47 24 89 62 73 37 53 4 8 48 96 49 9 76 88 98 72 45 83 23 65 47 62 80 37 31 54 94 97 85 14 14 72 18 21 58 73 29
43 27 96 21 19 81 99 20 17 88 83 51 26 93 84 90 72 45 24 36 78 67 13 53 86 36 57 23 48 16 49 73 9 42 42 96 94 38 19 62 47 5 81 8 53 45 35 43 94 98 43 86 26 74 66 36 58 69 45 49 94 27 29 64 67 1 50 26 44 48 46 20 40 83 89 46 63 86 93 14 70 63 90 31 57 48 24 1 0 78 99 25 23 51 3 94 11 34 87 23 82 78 18 57 93 98 24 88 2 59 82 76 92 72 59 77 61 51 69 34 43 38 43 80 40 58 56 8
27 29 19 69 6 95 17 86 80 31 36 77 76 16 23 55 23 37 38 23 46 57 56 84 33 51 69 82 58 88 3 15 57 70 27 53 58 72 41 14 3 70 88 91 59 74 56 30 80 98 1 62 68 86 41 17 43 21 45 21 64 99 43 45 10 59 59 59 75 77 19 78 70 56 100 57 81 75 73 68 33 91 20 70 52 73 28 73 72 51 45 18 47 4 99 12 49 89 61 21 87 86 78 72 100 88 48 53 91 70 69 71 23 86 19 80 22 20 9 28 100 2 86 47 19 66 1 58
58 75 90 79 60 34 91 79 0 39 55 40 4 73 67 65 43 9 54 18 94 88 93 88 4 3 19 46 42 39 20 35 36 64 23 27 15 35 12 88 41 50 24 55 87 7 52 27 39 34 76 28 30 91 91 93 63 58 62 42 29 76 7 84 10 7 30 29 13 38 55 86 26 14 50 28 5 20 26 27 90 33 75 47 42 46 72 19 43 1 83 4 42 83 72 90 27 78 98 4 27 72 92 30 59 35 57 95 53 48 29 2 20 50 51 6 44 56 52 98 56 23 63 36 16 31 1 16
77 44 22 30 14 11 63 35 14 43 57 4 82 98 20 80 79 47 25 98 52 70 2 18 97 1 40 29 80 98 74 39 16 27 59 24 73 58 14 100 68 48 71 17 33 75 89 6 64 34 10 76 76 57 88 54 38 12 99 66 7 8 52 72 0 88 23 15 95 68 0 19 67 88 21 99 14 19 55 86 91 95 28 72 17 83 88 45 51 76 76 74 29 97 70 35 48 49 37 49 72 5 52 7 84 83 73 4 33 96 12 53 11 19 52 47 98 1 92 29 15 41 46 99 50 93 2 18
5 88 11 20 73 73 51 59 18 76 0 32 57 54 11 1 66 46 56 46 88 86 57 2 89 55 21 64 76 14 57 39 88 70 9 47 96 99 90 4 19 20 38 24 87 19 95 73 58 12 61 30 72 36 60 53 55 93 61 11 31 78 83 83 45 12 57 25 61 0 48 98 78 20 95 70 58 39 41 61 94 94 88 80 75 61 3 34 82 2 37 0 43 62 72 26 44 55 49 2 17 80 21 53 81 46 82 33 93 3 54 93 82 8 7 3 31 78 45 6 12 55 6 55 82 25 43 1
5 62 17 59 19 83 22 63 2 70 37 11 6 85 96 43 54 10 61 18 47 2 90 81 36 4 98 62 40 52 44 63 19 38 95 79 82 95 14 100 19 19 31 11 5 50 1 70 62 82 13 76 99 75 34 6 27 80 14 58 70 76 81 80 28 65 57 93 42 77 74 82 65 76 5 63 68 35 39 73 49 21 11 50 27 1 74 21 62 28 21 63 44 6 61 1 45 87 52 9 0 57 23 32 8 51 17 83 84 3 74 84 32 91 6 45 80 91 95 81 72 91 34 7 60 26 92 18
71 29 91 92 65 2 63 46 6 58 29 11 46 58 90 40 68 17 12 94 66 91 97 50 2 25 71 69 29 96 68 94 55 51 20 13 9 46 32 37 11 19 96 95 100 25 46 56 15 10 33 10 31 5 33 38 90 30 38 66 29 25 43 94 81 66 50 63 67 94 72 22 87 96 57 8 38 92 19 15 30 77 61 70 86 17 20 68 56 46 38 37 97 94 24 11 68 40 69 68 43 88 88 34 9 29 84 28 33 48 84 58 51 61 98 6 76 88 22 19 0 92 90 71 33 97 14 36
64 53 86 56 59 13 11 30 19 3 73 71 8 16 78 21 3 56 32 3 46 69 6 4 85 56 25 87 92 37 49 76 43 62 78 8 46 66 58 93 17 83 4 24 38 98 40 79 54 90 91 72 14 52 47 54 91 6 37 69 76 91 16 92 47 73 78 89 6 91 27 32 43 72 49 73 100 15 4 64 30 33 87 18 66 63 32 67 58 30 10 53 80 67 60 90 49 79 6 19 62 90 51 9 67 84 5 79 84 61 89 54 94 42 77 1 29 37 79 1 92 96 92 96 25 21 81 83
