56 93 45 42 58 23 70 57 76 65 83 28 92 6 77 20 4 40 58 44 83 9 63 90 59 41 51 51 0 29 14 66 78 32 76 77 78 22 48 42 83 59 19 35 92 27 90 87 7 85 1 13 86 46 34 1 45 72 37 65 84 48 14 61 21 96 46 60 26 62 23 75 12 98 61 50 26 42 92 31 58 92 77 78 5 67 65 66 65 74 23 49 8 90 11 29 65 35 30 88 38 85 5 83 89 75 88 17 27 54 81 16 39 38 98 58 37 97 72 93 68 67 99 50 60 55 34 78
81 29 42 63 0 57 64 75 94 15 84 40 54 83 19 14 76 79 78 9 13 48 14 44 82 4 89 43 70 79 18 12 87 48 61 64 90 71 81 99 16 68 36 25 56 3 95 93 4 50 12 88 98 28 66 99 8 41 29 70 42 8 98 87 63 14 5 64 87 42 95 69 47 12 40 92 72 22 94 49 40 37 41 22 27 100 79 49 89 77 89 92 16 70 97 76 79 91 49 45 38 0 26 35 60 73 8 55 38 100 56 26 9 62 73 6 69 85 10 25 55 98 43 27 61 43 2 45
81 65 49 41 18 45 94 24 40 72 97 12 41 39 5 24 83 87 60 38 43 74 45 96 76 81 29 55 34 95 33 79 98 7 53 65 54 21 38 19 69 29 29 36 70 25 6 84 25 14 54 11 80 66 2 81 93 76 88 82 100 13 18 33 39 77 52 31 35 30 41 86 15 41 71 35 79 24 16 63 19 3 62 60 16 81 6 13 21 11 12 68 57 77 81 25 78 66 44 40 64 70 21 86 25 93 33 48 20 69 72 68 87 44 75 12 57 79 93 56 61 8 59 19 56 50 31 1
50 44 80 45 55 96 58 91 82 17 64 53 58 77 35 62 91 52 90 31 75 72 56 52 57 28 92 7 48 16 56 80 55 94 78 21 2 12 84 42 22 3 34 36 44 86 77 99 57 50 52 11 79 86 9 36 27 78 62 48 73 77 58 76 26 40 30 81 38 100 16 72 72 70 79 40 45 78 17 34 36 9 23 41 53 10 21 87 100 0 83 14 69 6 58 31 43 89 79 95 53 22 54 45 94 19 31 9 100 0 63 4 44 75 18 39 61 68 92 28 62 51 5 44 90 23 79 91
43 78 3 89 77 11 36 22 85 72 9 76 91 76 87 69 23 12 86 87 88 37 11 81 22 81 0 6 80 4 22 21 5 46 27 14 17 98 53 20 68 32 35 81 50 93 53 89 6 84 89 18 58 91 90 21 1 89 21 69 52 55 66 43 83 8 27 31 37 51 69 16 51 78 73 76 11 5 57 16 70 32 53 67 73 95 67 1 76 37 91 22 29 93 88 31 49 15 98 58 74 33 68 18 53 80 89 76 94 4 50 73 93 36 28 14 2 85 25 67 99 70 33 70 47 4 0 40
81 64 15 36 4 58 15 88 65 3 43 38 68 60 36 5 62 39 35 33 100 72 26 69 16 4 85 49 66 4 29 90 12 11 27 37 60 77 38 86 76 53 72 25 85 79 58 74 66 78 5 81 22 25 2 51 42 42 63 39 31 51 84 7 57 9 40 38 73 15 25 4 1 21 12 57 59 25 59 43 87 57 71 95 28 82 18 21 28 1 7 80 83 69 82 41 75 85 34 76 84 22 76 67 12 53 79 53 43 90 93 4 55 58 74 29 96 34 16 64 21 98 50 33 46 99 36 85
70 100 6 45 74 65 0 64 28 17 32 84 88 65 80 10 1 16 62 15 20 52 54 79 83 38 19 29 75 14 18 42 98 55 74 68 26 89 41 66 80 50 3 59 97 59 83 29 66 11 42 94 85 6 83 20 95 10 40 87 0 76 60 13 71 13 79 69 17 49 77 79 39 80 54 24 2 12 55 52 51 91 84 11 85 58 98 29 37 9 10 42 3 36 25 42 14 95 9 35 63 88 43 28 49 91 33 53 4 1 6 51 81 94 74 15 6 95 100 74 73 95 25 74 33 30 58 56
8 64 33 39 66 83 8 28 86 33 31 15 81 68 17 55 86 95 99 24 59 26 6 38 42 18 56 18 70 14 98 66 55 80 76 43 84 54 30 15 54 70 18 18 82 98 1 82 53 36 72 86 88 22 60 28 0 89 8 46 77 14 41 29 96 13 5 80 66 36 2 93 56 8 7 79 20 2 43 15 67 78 90 39 81 15 25 20 30 27 61 8 25 30 64 7 21 57 73 35 71 2 44 8 86 95 12 69 10 16 88 9 22 7 98 52 15 82 22 32 95 0 97 7 76 88 98 75
33 1 55 47 65 59 51 84 28 100 94 3 37 18 42 4 60 1 87 43 9 12 71 66 34 21 32 29 68 36 30 67 26 9 14 68 94 33 57 32 89 35 31 23 77 9 62 27 97 83 4 82 72 32 13 72 39 74 52 35 63 61 88 77 27 10 34 85 98 18 52 68 64 16 15 24 13 56 75 54 94 84 18 84 54 51 79 59 96 51 38 29 65 52 54 25 54 42 1 63 9 79 79 6 35 37 73 83 0 45 65 78 81 87 37 41 9 83 18 18 42 84 33 5 61 13 61 43
30 39 34 80 88 31 89 81 75 18 3 90 69 8 93 37 75 95 17 20 80 0 67 93 99 46 69 65 70 91 46 28 83 31 21 55 73 94 77 55 4 95 24 54 57 91 0 62 39 82 21 51 31 68 60 68 77 86 95 28 78 16 98 83 70 92 3 68 43 93 68 92 39 19 88 13 33 52 70 35 23 45 29 64 10 31 73 1 26 65 8 79 89 0 52 20 23 95 6 66 52 8 96 72 44 40 37 7 50 28 16 43 48 93 75 80 14 20 4 42 94 26 45 62 21 72 82 97
80 65 78 3 47 59 85 8 13 14 44 99 35 69 68 73 6 7 98 76 92 84 30 23 50 67 78 23 87 72 5 35 32 87 46 32 24 10 67 49 62 38 13 22 60 16 1 0 70 80 14 79 79 61 100 77 7 44 33 61 49 85 23 75 43 50 12 87 2 51 73 29 35 21 68 78 16 30 8 62 23 49 19 26 9 56 18 20 31 79 95 95 69 36 32 51 32 54 100 28 38 16 75 60 74 25 100 91 28 67 24 12 23 44 88 32 88 19 25 3 96 31 17 7 30 85 77 0
2 78 68 45 77 59 55 88 17 28 39 78 42 35 56 26 58 68 87 10 2 88 65 22 26 79 62 69 36 17 79 30 2 14 91 14 97 30 16 33 41 82 89 14 18 11 10 34 73 19 22 4 5 78 46 59 68 18 73 7 10 44 90 1 94 64 22 81 19 1 83 60 63 92 41 80 35 12 81 61 82 83 55 86 98 29 71 96 44 50 13 89 17 16 40 58 23 30 67 41 100 2 17 91 75 96 95 59 26 98 29 62 19 94 83 76 46 4 81 47 10 49 11 10 28 58 31 36
34 39 37 35 96 36 94 25 17 94 84 69 32 11 14 1 14 11 35 77 38 41 100 6 97 15 19 11 39 46 0 70 80 34 14 47 13 72 10 68 51 80 11 100 17 76 59 58 3 21 66 68 44 85 72 0 13 49 67 19 94 7 56 58 42 14 26 15 96 43 3 58 63 56 100 77 1 12 72 75 20 17 45 29 37 86 86 4 6 34 47 51 9 28 80 64 58 56 33 14 92 37 99 38 68 86 99 23 56 79 84 1 77 52 70 36 26 69 5 24 23 52 3 57 88 53 52 94
8 54 1 47 69 83 19 71 86 53 18 50 16 73 56 46 81 65 54 24 19 4 6 70 43 96 49 7 73 52 58 51 60 64 36 13 33 22 17 15 78 7 92 97 26 54 48 26 98 35 49 43 95 83 97 72 28 54 15 99 26 88 56 79 62 65 54 50 62 95 77 89 90 73 49 37 92 24 56 54 72 89 12 24 97 94 40 81 77 96 42 25 79 17 68 22 58 71 72 46 18 27 83 24 90 8 69 84 42 98 2 93 78 30 26 99 15 68 26 78 22 86 87 86 73 47 52 95
64 85 28 38 0 42 68 44 79 9 99 43 1 29 40 10 94 96 82 0 90 34 86 7 35 76 81 74 44 7 8 69 21 66 6 73 13 74 72 27 25 45 84 25 23 1 37 7 24 22 100 52 21 36 42 14 7 85 40 74 23 71 64 55 19 82 43 15 5 92 0 31 19 15 10 72 73 98 73 13 25 47 21 95 51 18 12 35 74 58 16 52 82 21 51 80 54 66 1 34 28 80 18 72 0 75 11 78 17 1 84 10 15 23 39 80 79 24 15 4 78 85 10 100 67 3 41 53
24 68 14 91 97 44 7 22 77 39 61 56 50 92 88 36 37 56 92 65 9 56 21 71 45 28 53 90 76 92 68 4 74 65 75 69 1 50 3 4 97 27 96 6 25 81 27 80 20 34 72 66 79 5 18 100 33 73 49 7 18 5 37 33 58 10 35 21 25 91 19 1 28 92 88 52 35 61 54 55 1 41 26 27 38 89 45 16 23 89 27 68 24 71 25 33 96 70 60 80 43 70 47 31 64 70 84 45 49 28 62 99 17 29 2 2 19 55 6 75 18 24 79 71 34 0 75 60
46 97 79 84 26 68 27 100 5 40 63 20 42 1 36 84 16 9 92 57 53 87 66 61 55 27 43 4 36 94 96 49 66 64 59 71 68 45 45 19 4 23 54 70 19 96 85 83 75 33 46 52 9 14 8 89 51 78 11 34 90 40 42 1 38 63 55 62 68 95 5 11 38 88 75 5 15 63 8 92 68 97 67 43 58 32 57 34 68 81 40 90 21 86 28 52 95 62 7 98 53 41 2 4 59 8 67 41 36 6 64 94 48 60 60 35 74 7 20 27 11 61 23 49 83 32 76 13
21 4 5 3 18 9 23 44 73 51 52 99 72 0 29 18 72 32 60 8 0 74 25 84 39 95 6 18 4 7 83 65 68 91 16 15 28 49 27 40 80 86 78 64 82 58 23 47 74 4 0 75 35 50 88 52 85 39 89 36 56 90 40 79 50 29 74 59 83 25 50 90 97 90 24 32 29 64 40 40 83 100 5 43 64 32 65 79 49 33 67 48 96 76 84 70 3 23 24 54 44 0 84 32 27 79 34 42 4 87 91 48 56 61 69 0 40 22 11 22 38 93 39 68 90 75 90 38
0 46 13 50 19 14 87 54 48 65 68 61 6 28 28 71 22 9 89 13 2 27 16 39 5 52 80 46 60 32 69 37 11 14 15 11 77 53 97 58 24 34 44 61 51 17 96 81 41 4 49 42 22 59 80 63 11 88 43 84 36 65 4 77 94 65 81 99 21 17 48 77 52 93 81 8 29 38 3 78 72 14 33 77 92 37 39 19 80 32 70 63 35 74 27 40 63 84 91 77 90 20 21 90 77 62 54 86 99 42 73 23 88 90 74 16 8 1 60 36 7 33 54 54 32 81 67 10
96 77 22 75 90 8 19 48 78 78 46 25 83 86 42 29 79 39 9 71 5 47 17 53 43 66 15 31 82 75 32 36 5 97 68 13 13 77 67 2 11 73 63 100 11 26 7 93 55 47 9 41 5 12 42 90 6 32 36 77 82 37 77 86 89 100 19 9 28 87 17 10 31 88 56 60 2 40 89 31 39 99 36 86 55 20 53 56 25 72 95 53 56 32 59 98 44 4 77 26 54 36 17 7 36 44 92 46 13 33 90 10 62 35 75 69 52 38 20 15 35 29 65 98 49 18 17 50
94 74 26 26 0 96 93 59 58 72 24 63 3 38 74 90 18 55 72 94 81 62 53 90 31 34 89 86 6 7 73 6 79 3 69 65 33 70 39 44 5 69 75 90 65 10 43 23 55 50 7 49 20 8 51 48 27 72 2 85 99 11 84 36 86 59 27 1 6 27 50 89 20 79 60 72 97 1 39 0 48 16 35 77 8 11 40 10 49 32 10 76 31 56 28 76 61 95 27 40 77 11 78 97 94 69 48 6 19 37 25 57 51 64 65 85 90 85 46 36 16 44 10 98 100 100 99 78
37 15 27 18 59 61 95 19 51 30 70 72 61 43 74 22 34 74 77 43 21 56 52 84 53 65 29 95 92 44 2 56 22 92 31 73 30 80 57 5 39 1 25 89 83 95 13 59 23 16 44 39 61 3 55 28 48 47 15 85 48 14 26 85 79 12 31 6 8 46 71 22 43 90 41 59 48 65 46 86 99 89 19 65 38 67 76 86 90 96 11 29 53 35 86 71 13 61 16 35 7 5 23 70 8 16 30 32 91 21 17 91 58 4 64 76 48 49 71 94 45 76 36 31 59 10 2 70
99 97 42 77 37 65 55 57 93 18 61 54 68 85 64 20 9 76 11 78 33 2 28 29 71 62 28 94 46 94 60 47 42 53 22 78 52 76 25 31 87 14 98 9 42 6 80 63 28 53 35 52 78 9 29 19 46 88 28 40 70 68 64 10 83 50 26 84 68 94 51 59 35 58 55 44 45 48 57 76 37 10 51 42 61 30 2 88 39 31 51 2 58 46 6 61 68 20 30 53 33 4 79 70 92 22 85 81 2 33 78 8 27 94 60 76 58 30 66 58 86 64 33 99 15 16 2 53
96 44 67 41 36 12 61 84 40 38 49 86 20 73 18 66 65 23 56 21 65 35 37 68 75 69 38 39 50 72 1 21 60 34 68 97 29 94 96 36 82 30 53 55 50 43 70 31 0 16 49 10 36 93 62 66 11 60 72 72 82 53 3 66 77 7 74 31 57 27 32 47 94 9 98 27 89 79 70 39 34 63 2 91 15 0 44 51 86 74 49 42 92 47 8 33 36 19 62 30 4 54 95 92 84 90 1 76 59 71 82 67 22 95 73 84 80 13 57 71 20 15 8 25 63 88 16 91
66 67 86 8 77 18 13 86 14 69 29 61 55 10 21 10 68 39 17 38 71 37 95 50 91 92 46 87 27 89 88 25 35 85 56 97 73 20 86 31 90 64 63 68 36 28 36 13 48 63 68 84 82 41 40 25 89 89 97 65 2 41 15 39 18 71 70 22 19 17 46 16 85 41 50 98 86 57 19 13 32 33 92 53 94 68 63 98 62 41 27 61 68 78 71 4 47 80 51 43 30 56 29 3 31 41 86 44 18 49 53 76 40 13 63 71 98 73 46 26 95 82 89 9 30 71 85 75
48 39 70 73 96 38 45 79 81 89 13 65 48 89 20 77 80 94 65 42 69 81 31 22 94 40 76 60 100 88 63 30 67 38 38 4 99 7 35 17 91 73 83 31 87 90 2 8 67 98 36 68 97 98 34 56 26 30 72 79 18 91 24 45 21 4 86 16 95 38 65 43 23 75 5 70 13 91 92 31 56 27 50 39 100 35 79 20 22 16 9 81 63 93 90 49 0 50 87 9 75 71 41 9 98 32 94 60 22 96 16 51 18 42 30 19 84 34 97 40 60 40 54 55 40 15 60 52
23 13 81 1 41 32 71 3 57 56 29 80 9 88 39 5 65 49 2 68 73 24 9 85 85 49 19 29 82 44 53 92 45 60 99 77 93 26 58 39 87 74 52 10 100 16 90 83 50 59 22 26 67 56 56 12 84 62 21 51 40 88 60 41 98 87 4 63 12 71 89 4 51 33 77 29 44 24 84 44 89 87 97 36 78 64 21 50 19 65 62 37 49 61 96 19 6 53 76 1 18 83 36 36 79 36 67 17 59 86 15 77 84 15 20 97 60 9 54 27 20 79 76 52 75 44 94 80
63 3 12 4 2 69 84 81 29 90 94 25 41 42 7 55 4 12 39 15 84 10 81 50 4 27 49 16 13 61 73 6 61 67 60 75 1 70 93 78 51 57 67 63 85 93 98 33 69 97 90 26 38 27 5 33 44 97 34 73 35 67 41 97 39 38 50 44 26 70 34 68 16 61 69 34 43 42 52 45 86 69 3 82 43 98 15 40 15 82 61 89 14 64 73 5 29 66 83 49 50 62 92 57 76 91 37 70 91 39 37 58 64 89 59 100 56 26 31 72 12 13 55 46 68 86 91 82
75 0 18 13 68 88 28 98 25 20 14 35 68 76 40 84 72 81 21 18 19 33 68 1 8 66 81 33 83 4 58 39 49 38 53 7 66 88 58 39 1 69 12 42 88 100 29 41 48 24 34 51 15 6 30 100 30 61 55 30 19 86 70 41 60 93 68 50 67 59 17 18 16 36 9 61 94 29 65 59 18 65 36 70 75 61 37 90 96 72 62 91 29 25 82 91 35 10 28 83 100 1 6 84 77 45 63 6 48 22 29 82 59 19 56 56 39 31 98 73 8 96 21 82 33 32 59 42
73 58 22 18 88 99 97 74 64 4 26 63 66 97 93 83 47 94 7 24 44 69 18 47 81 99 10 63 26 34 76 8 69 34 83 37 42 14 39 15 83 96 38 7 55 78 5 27 13 100 90 70 87 73 42 22 41 49 1 79 51 54 74 91 75 91 20 16 46 67 43 45 41 21 23 41 62 42 63 68 85 16 19 58 10 98 64 5 80 70 37 68 43 49 79 44 71 24 30 72 95 80 24 93 35 50 33 93 55 9 86 73 29 86 7 70 77 50 27 12 6 72 6 77 59 84 64 59
67 2 19 44 70 46 46 78 29 40 26 22 21 30 48 56 93 79 0 97 27 6 98 12 44 73 89 58 18 3 14 12 80 81 37 87 71 72 8 70 8 77 89 97 92 27 23 51 0 40 26 14 22 86 36 37 3 69 55 15 32 31 4 41 78 83 92 32 8 89 25 36 55 15 100 72 90 69 2 2 56 27 10 77 42 97 98 21 31 54 47 55 6 79 33 43 39 18 2 36 24 26 83 11 12 97 2 7 66 84 33 84 67 100 35 28 31 25 58 69 100 93 47 24 3 38 84 70
100 51 9 57 40 79 16 87 51 16 47 60 62 54 2 22 100 72 52 93 72 54 64 64 6 41 51 20 2 90 38 55 22 43 18 12 65 99 8 67 72 54 45 33 94 76 4 57 36 6 56 85 65 84 78 28 48 93 71 18 60 63 12 20 89 92 92 16 67 57 3 99 41 26 97 53 87 100 48 64 21 48 69 70 8 95 47 93 2 61 40 40 72 68 47 62 43 23 96 81 68 89 36 9 89 41 26 21 83 40 53 52 8 92 85 39 53 10 6 86 90 96 19 9 91 59 25 77
59 28 39 2 4 9 19 11 84 97 56 99 84 28 87 31 64 61 70 34 79 95 99 67 2 38 27 8 21 30 70 66 93 18 14 13 76 51 9 57 97 22 91 71 38 6 86 73 80 52 2 58 63 53 57 49 18 70 47 24 66 75 41 52 61 14 61 89 96 35 98 53 8 99 44 99 33 22 59 81 98 26 87 99 95 76 52 16 15 34 25 68 84 44 47 70 68 70 29 76 57 99 40 93 79 12 34 69 23 43 33 26 14 23 34 74 41 6 58 49 68 89 75 72 36 10 14 70
26 15 100 85 78 86 89 87 80 65 62 10 11 62 15 56 35 36 46 50 37 92 54 42 77 30 5 40 71 50 49 95 25 11 70 39 55 34 26 5 6 45 51 91 83 92 35 31 2 3 39 94 26 58 8 13 54 13 25 35 65 40 12 39 29 18 70 12 55 20 29 19 9 89 79 6 99 91 72 35 7 18 35 87 88 99 99 25 4 44 40 16 9 74 30 78 23 7 32 58 100 2 7 58 72 36 98 52 83 98 21 87 12 40 59 74 8 91 83 59 55 69 13 25 9 85 81 50
17 64 33 37 10 55 37 61 8 45 48 57 27 76 78 18 90 78 67 18 23 87 7 89 22 67 40 5 71 31 12 34 66 85 23 28 9 2 38 80 76 35 60 21 56 95 9 26 67 8 89 77 94 7 97 22 98 12 98 90 64 14 76 95 54 9 90 100 59 74 38 80 47 80 48 70 76 87 58 87 26 9 26 24 7 35 43 78 95 30 87 72 66 95 55 6 22 85 76 44 13 26 90 16 79 74 100 91 58 15 76 72 77 49 5 60 75 85 60 40 18 28 18 52 30 74 44 18
30 11 0 62 83 60 6 86 25 12 11 62 0 39 57 78 79 96 48 68 96 97 13 77 31 59 84 70 20 43 20 9 88 43 40 48 4 90 76 76 6 70 0 38 90 31 68 39 71 57 95 89 88 51 33 54 40 80 4 4 43 32 34 26 63 96 99 88 97 88 5 65 53 36 50 13 75 24 74 26 26 27 52 76 72 33 98 10 45 55 37 66 84 82 94 0 91 30 80 32 84 13 36 54 45 16 71 85 44 43 90 70 74 73 24 37 93 52 94 44 11 83 25 89 94 96 66 7
53 65 88 41 1 6 53 10 26 45 32 88 12 67 47 91 38 88 68 61 15 15 28 38 35 66 27 51 94 76 70 69 66 13 85 5 88 43 77 39 4 8 70 71 9 38 66 60 24 23 58 51 50 82 36 18 68 8 77 83 97 38 23 31 0 21 46 12 66 16 6 11 1 13 97 38 83 9 47 39 54 57 89 89 16 13 78 4 97 18 70 85 98 82 52 25 82 7 80 81 92 48 42 18 26 54 27 29 98 99 8 6 3 94 44 35 13 99 33 29 21 10 58 60 34 65 39 61
47 17 38 73 96 98 7 1 52 73 42 75 54 17 74 99 2 81 75 90 86 77 55 21 54 40 37 23 3 4 20 75 25 27 23 87 15 88 35 25 61 8 20 14 0 72 1 48 64 52 42 31 29 68 79 49 40 10 68 90 15 90 5 54 38 97 62 47 98 74 25 24 21 44 22 25 94 44 32 23 6 90 64 0 97 73 32 68 16 6 2 10 46 8 87 57 18 90 31 11 44 62 5 77 99 72 74 54 30 67 49 35 13 5 2 52 44 35 65 96 15 38 67 86 88 88 7 99
87 28 90 83 5 28 85 36 1 26 60 83 21 57 50 55 46 51 21 28 6 54 36 85 69 12 51 93 60 23 42 30 15 39 95 62 86 60 89 57 93 73 25 33 65 73 40 52 26 75 39 47 15 83 77 62 65 38 26 21 91 86 50 70 49 67 90 10 87 73 16 60 3 17 51 47 34 54 97 82 13 6 30 78 13 79 21 63 6 39 33 94 62 76 96 3 5 12 49 88 2 97 9 42 75 18 5 28 36 69 86 32 44 31 89 23 10 14 55 64 48 91 0 26 16 63 80 6
40 38 84 28 52 21 78 60 79 17 32 62 40 32 92 79 30 40 66 32 68 94 40 19 73 39 26 75 35 42 39 66 93 73 44 95 95 41 39 8 59 64 52 37 54 31 64 70 32 90 74 16 96 37 7 12 14 35 97 17 40 100 57 87 92 7 22 42 17 12 51 89 14 31 67 36 29 93 37 15 47 28 64 93 40 73 39 65 84 88 40 28 35 99 70 66 44 24 69 84 7 70 14 64 78 35 10 68 52 24 39 49 4 64 7 34 19 92 82 79 8 7 34 51 72 50 25 91
48 54 59 38 60 26 43 75 34 58 99 99 63 60 76 49 14 100 12 81 51 81 43 70 44 19 63 61 54 22 2 98 94 69 97 82 35 83 75 75 0 56 96 53 58 54 28 72 26 44 75 51 20 16 32 85 65 46 92 32 100 80 74 24 83 61 73 75 95 91 73 18 76 6 85 65 92 1 71 79 32 96 4 94 53 32 1 49 58 24 18 93 76 24 10 24 71 99 62 30 43 39 38 83 54 26 42 48 22 15 29 73 86 60 54 92 21 61 76 20 32 18 16 84 24 60 54 1
0 31 95 95 52 83 84 31 46 5 30 50 64 65 21 26 34 79 80 19 16 36 20 34 95 75 86 99 59 4 25 19 17 72 23 63 90 50 18 82 23 51 85 34 39 62 11 93 89 52 45 78 27 5 79 14 80 37 93 75 89 82 53 48 11 30 46 8 1 56 50 82 42 68 15 48 55 81 85 37 25 50 25 14 91 38 97 84 11 69 85 89 8 31 20 67 39 86 59 50 65 3 81 54 87 15 55 3 26 62 93 48 73 13 81 64 1 85 19 70 44 2 66 38 91 99 36 65
13 19 12 28 13 53 6 19 29 14 2 23 32 12 80 78 45 35 35 65 70 17 30 76 10 69 40 30 5 79 30 59 34 7 12 91 93 9 16 55 72 24 15 2 93 57 39 19 20 42 63 1 75 60 31 83 51 75 90 17 68 31 67 53 50 16 71 21 66 17 100 65 76 94 79 17 99 16 25 56 59 88 98 49 14 41 74 56 7 37 48 83 98 60 52 76 98 93 65 70 92 2 75 42 4 26 39 73 70 7 69 70 55 73 65 55 10 28 88 31 6 97 41 65 94 57 93 95
44 80 77 34 87 91 4 92 49 85 90 14 69 38 21 66 70 21 0 15 58 16 100 89 69 52 29 66 50 12 14 1 100 2 40 40 57 37 25 72 11 41 56 82 1 21 98 18 9 73 51 85 63 38 83 73 10 79 80 4 72 27 61 90 34 79 7 1 84 38 98 27 63 33 28 68 75 18 48 94 22 70 1 92 43 59 95 56 70 94 8 14 80 15 30 55 35 68 89 91 71 45 6 43 59 63 58 40 17 60 91 39 35 27 20 79 92 56 43 88 93 79 47 86 24 13 80 91
32 69 35 11 63 1 14 54 97 42 11 82 49 13 53 43 73 30 21 53 55 93 80 20 44 13 53 59 22 54 43 50 29 97 74 15 4 79 100 84 36 40 85 15 42 48 27 56 19 49 49 88 36 30 88 25 10 66 42 24 32 71 82 90 71 9 49 32 81 69 9 95 22 53 28 55 10 13 40 25 70 75 91 43 4 7 54 8 61 65 65 35 22 28 4 51 58 49 79 31 73 13 34 39 39 62 51 5 18 57 34 21 80 17 89 36 78 68 20 94 69 52 36 39 72 100 74 64
81 87 51 100 12 80 66 92 71 56 97 17 43 13 71 71 42 13 100 57 36 38 32 60 24 95 8 45 44 28 32 79 78 94 6 93 59 15 42 78 47 17 87 32 68 6 3 93 29 70 50 7 71 58 46 28 1 72 37 48 43 30 50 87 52 85 58 24 47 81 3 15 49 55 23 13 59 15 38 100 32 82 62 50 4 71 35 93 62 20 83 84 50 91 3 80 66 43 32 100 50 58 43 60 50 4 6 29 67 94 6 0 25 88 88 47 50 26 9 29 39 96 45 50 17 98 93 55
65 58 44 25 13 40 71 91 18 56 19 60 21 83 84 14 98 61 73 39 97 9 46 99 50 7 63 18 95 0 34 57 22 11 27 24 41 67 24 64 3 4 34 23 48 11 60 4 12 10 68 54 76 76 27 45 74 95 42 74 87 10 95 44 100 82 0 26 89 62 72 52 96 56 4 19 34 91 85 94 97 48 29 19 87 96 22 65 81 25 62 27 13 21 19 82 0 12 24 69 65 63 32 37 84 69 25 3 66 26 29 42 25 33 36 69 99 94 13 29 51 72 63 76 61 9 49 26
47 81 89 71 78 14 75 94 16 10 74 66 9 65 62 30 71 20 5 89 15 94 95 84 100 13 86 35 73 84 27 43 30 62 25 46 33 18 74 35 57 52 78 17 52 84 73 73 82 6 6 54 83 36 22 70 7 44 28 68 64 84 59 8 41 92 20 99 99 21 52 71 49 40 16 43 5 51 10 7 18 28 88 15 24 27 30 87 64 86 10 33 75 98 95 13 57 23 17 16 21 15 96 62 41 76 30 26 90 0 97 11 31 85 2 96 21 60 64 68 49 53 3 40 84 17 36 25
16 77 22 15 48 84 43 63 47 46 37 82 16 70 27 59 53 41 67 42 53 43 53 10 60 76 23 60 56 93 100 7 16 100 27 20 66 57 62 55 71 82 27 17 54 53 16 81 67 70 67 63 11 87 28 83 79 98 53 34 52 86 64 36 91 38 5 87 77 82 43 31 42 37 90 77 56 63 23 54 97 90 90 6 53 4 17 11 44 31 80 44 8 17 43 4 25 24 26 100 24 2 18 43 70 75 32 9 75 21 25 0 29 19 95 0 16 47 79 21 81 63 9 13 43 54 81 66
72 76 77 83 93 47 15 65 44 61 12 87 99 72 37 14 63 62 32 94 75 35 84 81 11 38 31 0 98 54 4 55 75 40 65 76 91 68 53 51 30 31 11 47 20 24 12 28 95 67 82 0 61 69 35 8 39 5 41 58 37 19 58 49 60 24 59 28 30 84 63 15 28 75 82 55 47 35 61 14 22 61 41 74 61 96 39 45 17 33 32 53 96 4 70 83 3 0 25 94 73 9 51 33 76 89 66 88 83 82 42 87 28 48 10 11 43 68 44 54 40 27 82 82 1 65 65 24
67 92 19 37 99 86 26 98 74 6 28 66 55 45 72 43 39 55 51 70 16 45 92 94 0 44 80 50 53 62 77 48 2 73 10 81 97 70 29 36 85 72 58 85 7 69 21 30 30 73 84 63 8 86 47 75 100 47 78 12 39 50 1 26 68 15 36 31 33 81 67 77 68 27 44 51 44 29 77 28 20 14 44 81 88 64 73 0 19 53 45 41 48 4 89 62 44 85 81 3 25 85 9 81 38 33 63 21 30 95 68 87 31 98 27 52 50 65 3 13 52 57 60 92 53 9 10 31
47 45 86 66 99 95 21 14 37 5 9 19 16 25 22 44 37 45 19 31 11 38 79 66 55 52 58 100 8 53 24 68 1 45 86 16 15 9 73 2 28 25 86 9 24 69 91 71 91 84 9 59 99 34 36 37 65 45 17 68 42 38 23 97 55 55 81 4 87 8 32 40 64 28 56 23 47 80 28 87 94 80 98 82 50 97 30 56 3 56 85 21 9 83 45 36 62 43 91 31 58 75 48 57 86 97 20 76 83 99 41 14 81 19 85 80 71 5 77 49 76 32 50 53 18 61 30 92
39 41 83 51 3 13 82 81 95 0 78 34 14 42 41 99 55 24 47 20 84 41 25 61 93 11 4 70 45 64 42 68 95 13 24 18 43 99 19 41 76 10 86 7 23 40 79 60 93 99 36 55 11 2 26 66 20 12 54 28 86 6 37 21 25 81 25 10 17 81 79 17 45 22 36 56 82 72 25 57 72 64 32 98 69 39 17 14 22 60 35 45 11 90 0 35 15 89 86 91 93 89 23 14 7 57 2 24 49 80 36 75 7 83 41 60 54 46 81 42 90 11 98 85 6 32 54 8
55 18 32 8 61 97 5 29 30 0 94 23 5 88 62 55 64 64 28 31 9 70 15 75 35 90 86 58 60 34 3 100 4 16 79 86 69 76 14 4 10 25 46 7 67 33 38 93 23 3 21 11 85 68 13 72 7 37 87 43 31 6 99 63 58 4 32 99 0 21 91 69 11 13 2 29 66 29 90 36 87 95 15 56 0 29 16 24 70 20 41 8 2 63 18 45 85 96 1 7 60 29 42 9 65 29 44 23 74 11 49 16 37 45 57 43 53 72 13 24 68 89 24 84 79 85 74 48
70 67 62 64 17 7 100 55 76 100 20 71 31 48 22 57 33 73 12 50 15 98 87 64 85 76 60 44 3 7 10 37 62 37 59 19 73 42 31 58 25 31 68 29 85 36 38 71 58 55 30 60 13 100 87 98 32 62 27 45 19 13 53 34 88 99 26 12 93 69 66 62 42 12 82 31 67 22 71 43 51 41 21 30 64 59 75 70 60 45 42 59 79 24 18 75 82 21 78 67 29 94 81 92 37 17 55 88 37 86 50 25 72 12 52 68 58 17 44 5 53 38 99 36 5 87 71 18
72 10 52 59 44 53 61 1 81 57 64 37 15 34 81 31 29 33 74 99 35 19 49 0 2 73 47 30 34 58 14 33 53 8 98 95 50 90 57 43 4 35 88 19 38 34 82 30 71 25 51 76 6 89 49 77 15 70 100 23 0 97 28 57 15 74 33 34 90 33 40 58 42 90 44 28 63 62 33 77 34 27 65 49 67 77 90 33 36 8 8 72 78 45 31 68 26 13 66 14 98 38 7 98 98 25 57 31 47 42 72 51 0 47 53 38 22 12 29 95 77 61 36 21 64 13 31 69
1 87 1 56 70 51 0 88 92 45 44 98 95 13 71 81 5 97 12 37 42 53 8 28 53 40 1 49 48 95 4 42 29 65 54 5 77 3 44 62 99 4 27 58 45 13 62 27 9 21 21 50 87 47 1 17 66 63 46 100 61 82 49 89 85 99 84 55 24 69 4 39 88 86 5 41 77 65 43 8 11 14 76 68 3 85 62 45 21 32 77 21 4 11 48 73 29 98 62 35 24 76 67 72 27 45 85 71 99 71 97 89 10 86 20 64 60 0 1 27 31 73 4 89 33 15 67 12
68 30 29 88 71 59 61 99 0 4 57 18 71 11 88 73 69 89 95 10 6 35 18 90 17 10 12 36 76 23 54 46 88 95 20 71 33 28 0 40 72 14 86 70 12 59 44 98 44 65 2 37 47 5 29 69 60 14 27 3 20 16 94 9 29 45 14 17 59 37 92 98 71 30 66 84 29 23 88 1 6 48 64 10 46 71 86 82 90 76 92 57 63 92 10 53 34 60 46 23 21 44 35 58 26 100 90 5 6 8 40 13 97 22 24 100 37 51 22 86 14 84 60 99 87 81 34 81
55 55 15 85 35 74 68 7 85 85 89 65 85 77 40 66 35 29 86 50 94 56 30 49 1 76 9 40 75 49 85 12 45 50 90 40 70 27 8 49 12 32 18 61 93 86 57 85 8 75 49 86 84 14 91 39 91 15 97 76 56 4 45 50 82 7 3 92 82 72 28 94 10 26 78 6 39 99 63 37 69 44 24 10 9 77 26 50 15 6 68 78 81 33 61 92 29 25 82 27 15 72 70 24 91 30 43 53 97 5 4 31 44 56 13 84 34 12 68 93 45 10 52 23 22 4 55 13
39 38 31 94 25 33 57 66 90 98 77 39 34 10 74 63 68 17 52 52 58 90 85 14 52 97 63 60 26 71 74 15 21 33 92 0 66 24 42 92 7 1 98 29 50 70 76 55 48 17 45 86 20 43 34 53 4 56 30 10 2 5 77 45 52 48 78 41 33 13 24 11 95 57 47 67 18 25 58 73 52 2 10 53 78 61 51 49 86 92 65 68 39 29 97 3 57 78 22 86 11 41 0 54 56 8 8 90 0 25 34 70 35 42 49 51 75 90 15 100 71 32 53 66 25 50 4 57
95 34 49 80 36 11 50 65 70 68 49 90 6 3 20 6 56 7 5 81 71 62 94 98 96 24 23 53 27 18 85 61 12 81 62 87 25 95 55 36 98 87 59 35 51 18 44 29 96 23 40 42 38 78 21 11 18 48 3 97 75 30 44 27 75 16 79 75 37 71 90 19 66 47 10 74 96 73 76 100 26 90 62 10 98 30 75 94 74 44 58 11 34 53 90 66 30 39 49 72 87 19 78 68 46 55 41 31 53 73 35 40 64 37 78 36 89 65 31 13 82 34 5 20 59 51 61 78
8 22 40 67 91 20 49 20 70 10 63 87 6 31 84 32 62 30 63 47 12 81 27 70 56 44 88 47 21 80 14 11 73 37 81 54 37 34 34 28 8 91 63 12 97 97 24 4 49 65 52 80 3 85 11 49 65 64 22 26 34 10 96 82 19 94 67 12 25 93 22 91 23 69 62 91 84 81 20 63 57 52 84 23 42 77 13 99 53 37 70 28 6 19 8 76 72 52 66 99 84 66 63 14 47 18 24 98 18 1 26 21 14 86 99 15 37 8 21 50 19 58 16 93 62 78 61 26
27 91 48 15 2 9 89 35 67 52 70 92 86 19 31 29 30 38 89 78 73 34 40 84 61 63 73 39 61 5 46 44 91 14 42 51 72 93 20 60 5 37 1 39 46 64 21 8 21 78 3 18 30 13 81 89 100 25 29 32 46 94 36 4 66 47 94 27 66 26 63 27 41 61 62 13 69 21 84 59 48 36 44 1 40 71 8 13 9 20 10 14 32 18 68 2 96 32 81 94 7 19 46 97 55 61 76 59 53 2 92 89 0 100 35 45 75 99 88 62 58 17 63 28 76 64 86 94
27 88 56 92 39 28 51 88 17 41 57 34 99 12 41 61 1 91 64 27 40 60 47 38 57 53 18 9 96 2 6 5 34 68 21 94 10 35 24 86 2 89 69 46 50 6 99 62 10 5 95 47 72 28 42 100 51 86 72 30 11 45 37 29 88 40 1 56 64 23 11 90 78 12 75 41 77 35 96 86 86 0 44 0 32 99 75 72 86 35 79 18 55 50 50 17 52 79 98 39 19 72 33 61 53 71 50 10 30 10 71 4 52 40 3 6 12 33 44 26 48 84 30 66 41 47 13 34
36 100 56 8 80 26 25 89 67 66 48 52 4 38 27 26 21 100 21 47 33 75 51 58 51 39 84 27 43 71 14 2 28 45 82 6 32 13 18 48 71 58 95 26 6 33 34 98 17 15 69 98 20 38 33 56 27 8 7 93 24 45 29 10 92 53 94 2 80 66 81 12 54 41 0 87 97 27 15 70 53 99 92 29 72 57 24 16 25 67 35 15 79 55 24 46 38 60 96 47 63 100 99 87 56 48 5 9 73 34 10 39 53 5 17 42 79 15 40 71 60 93 14 31 92 95 6 20
4 0 58 73 10 87 89 4 30 38 73 0 58 72 88 79 21 15 50 97 30 6 95 26 26 9 62 56 10 65 37 29 69 73 42 32 88 93 86 3 21 58 51 4 27 8 37 88 89 50 50 85 63 63 70 28 63 54 37 24 4 57 88 23 31 60 74 81 1 72 19 33 62 81 15 13 80 35 79 92 40 98 99 25 82 88 16 93 84 90 0 42 95 46 69 30 6 96 60 98 96 60 73 46 21 16 76 83 80 54 82 29 55 36 55 66 47 67 11 96 96 72 91 23 79 71 32 75
17 4 51 17 22 60 64 50 33 41 2 90 3 2 28 22 26 6 31 51 90 62 10 40 48 69 3 30 57 98 41 20 30 33 79 1 84 55 74 11 11 53 52 81 96 88 39 67 60 9 81 82 15 68 97 38 98 58 42 33 21 56 50 48 87 51 45 90 96 88 27 84 48 92 38 80 99 92 91 41 55 56 90 59 53 46 12 36 7 82 29 81 14 40 20 13 82 70 52 83 84 23 26 60 96 76 40 74 86 23 69 37 24 9 66 3 62 12 65 33 69 81 16 81 39 72 47 17
43 79 11 79 1 56 36 80 60 9 90 92 6 32 14 30 4 43 5 1 22 91 76 98 47 18 32 26 24 100 15 11 47 51 31 8 82 28 15 93 96 74 60 4 63 45 7 88 37 64 25 25 79 61 74 82 88 50 60 40 26 32 5 95 41 74 16 14 42 56 79 44 56 46 38 9 6 27 74 9 0 41 34 41 36 91 98 66 80 11 44 24 91 59 30 37 70 18 15 77 94 8 60 53 23 82 95 6 24 31 55 72 15 43 70 99 72 25 5 69 13 96 2 57 53 87 84 29
74 26 74 74 62 18 72 5 100 49 1 51 78 77 57 74 74 11 81 74 11 48 2 60 27 5 73 6 28 25 52 96 56 74 5 18 28 88 16 17 97 65 86 80 46 77 5 80 71 70 38 93 37 59 100 24 83 100 9 19 43 18 44 63 24 90 38 9 29 87 43 36 68 12 33 36 40 65 89 43 89 46 52 100 2 61 94 39 64 52 5 87 85 28 83 60 35 37 76 14 87 80 54 48 61 97 85 33 89 71 11 82 20 55 65 86 88 14 12 69 99 93 51 30 72 35 39 76
6 67 63 1 4 52 11 30 49 50 91 58 4 62 98 76 51 65 33 93 43 3 50 72 80 38 22 23 91 45 6 13 44 55 8 44 44 86 73 67 57 100 61 76 13 99 5 76 38 58 67 38 51 85 28 55 5 69 74 2 98 25 15 97 95 83 5 66 10 45 64 12 89 97 60 6 70 24 90 38 85 5 51 52 46 0 21 10 80 94 16 12 60 76 13 51 45 73 13 60 55 79 92 90 89 2 77 74 96 3 12 80 45 39 92 68 78 35 36 0 69 65 21 7 12 95 92 63
19 21 68 55 12 55 81 31 38 100 0 87 11 55 66 3 26 37 8 60 36 94 84 19 59 37 91 29 63 50 78 76 90 0 17 82 25 20 57 87 79 32 73 30 59 74 48 97 85 73 22 38 87 1 57 10 28 25 23 57 50 73 42 44 46 48 58 87 37 97 22 14 53 67 84 58 70 48 77 65 83 73 94 45 0 26 81 22 86 30 59 79 40 27 66 12 50 31 30 86 71 92 8 32 86 88 29 54 8 56 57 61 54 81 8 87 28 76 74 25 27 99 68 35 55 2 23 59
85 95 8 26 43 52 49 85 93 74 29 71 88 0 61 24 44 60 28 28 34 30 27 22 29 13 31 49 92 81 99 23 41 88 52 20 33 98 73 46 72 79 35 94 51 20 23 81 69 96 51 62 76 46 77 65 53 22 32 93 14 91 45 44 55 69 56 29 84 94 17 28 70 64 92 22 44 40 13 88 88 10 67 64 76 61 4 62 55 39 27 75 9 79 9 5 62 29 90 76 91 46 15 98 76 57 62 16 4 93 24 69 80 10 23 65 40 35 1 55 44 30 79 69 2 20 40 56
11 55 75 45 95 96 49 94 25 75 6 77 14 85 76 31 12 78 24 7 69 30 46 58 41 22 15 52 12 92 22 85 68 11 44 50 59 100 77 61 29 32 22 33 72 37 95 4 12 58 1 11 12 25 97 90 54 56 36 66 64 14 93 56 25 70 10 77 44 84 85 45 3 84 69 37 18 59 16 24 57 100 56 38 84 97 15 50 20 63 70 7 2 22 92 37 63 11 83 36 81 11 49 35 7 19 58 58 32 39 92 80 5 47 34 82 24 11 47 77 1 57 42 18 76 33 55 26
93 85 60 61 66 61 95 43 74 87 93 13 29 33 79 68 83 95 40 40 23 79 72 82 11 41 33 100 76 23 37 97 26 69 38 2 49 85 94 86 5 77 10 77 68 3 15 8 70 23 61 35 79 14 59 10 57 37 43 56 48 88 23 44 34 96 57 14 59 38 21 14 18 28 69 49 38 55 39 4 79 23 9 14 64 63 6 35 50 60 54 6 34 15 60 56 18 65 34 100 44 64 62 44 66 99 33 37 6 87 54 61 5 52 95 44 60 9 91 41 72 52 86 18 39 85 43 9
17 62 1 5 12 80 2 88 11 92 14 70 17 43 72 46 26 29 75 73 52 100 52 23 66 21 64 77 43 92 96 97 52 42 64 56 3 13 4 2 67 40 75 87 22 81 85 87 12 1 26 92 9 26 28 62 84 14 35 38 31 25 98 5 40 63 59 71 45 16 34 39 54 52 78 58 96 32 94 60 53 85 80 33 50 60 0 81 64 88 37 66 28 13 13 71 22 0 3 69 48 20 71 96 44 54 41 84 72 91 42 64 25 40 89 94 92 99 38 91 30 16 46 38 33 68 62 8
76 12 13 8 50 41 76 48 98 81 38 22 42 17 41 47 82 55 42 33 20 16 36 72 53 38 79 72 84 65 22 49 93 41 38 12 66 91 35 13 60 39 31 94 8 75 31 76 40 34 76 69 50 75 46 80 32 54 2 94 78 44 82 96 99 6 75 18 88 35 96 96 71 48 24 20 58 50 70 13 67 88 89 36 60 84 31 26 8 15 71 54 47 67 21 13 74 3 57 87 21 69 14 61 99 58 77 5 98 34 13 45 62 66 62 50 23 87 50 11 98 28 70 53 35 68 4 8
13 20 89 2 10 20 95 64 49 8 36 79 40 29 43 100 63 26 48 68 25 51 31 35 53 33 10 50 65 16 12 98 93 28 33 70 56 53 41 62 64 98 35 48 20 71 70 86 55 9 1 12 54 41 80 92 17 54 49 80 23 2 42 44 37 32 95 58 38 30 64 91 64 59 44 28 96 53 87 70 7 52 68 70 24 35 100 6 69 7 5 16 14 19 79 58 90 81 67 15 15 33 2 65 19 80 43 60 3 63 69 92 71 70 96 18 82 9 24 29 21 18 84 54 14 88 52 3
36 46 10 63 70 81 100 52 24 4 58 14 14 88 91 17 6 50 26 19 91 64 21 1 59 7 60 58 19 37 77 60 4 28 49 95 98 46 27 93 67 63 22 53 2 100 84 46 11 41 47 8 76 3 11 76 87 30 27 71 25 57 88 57 100 27 13 18 73 93 68 93 73 29 17 79 74 39 48 75 4 96 62 64 87 46 95 12 80 40 89 87 17 76 27 78 85 11 54 72 30 75 72 43 43 5 56 31 55 81 6 80 46 62 74 60 8 40 83 28 50 97 33 20 37 47 25 53
22 9 43 49 79 6 43 98 29 22 69 49 62 70 8 9 15 41 37 29 99 75 85 21 17 91 24 1 0 22 30 52 29 77 84 65 41 15 33 9 42 85 7 74 8 66 82 40 22 90 80 22 68 6 24 15 96 27 9 69 70 100 31 98 61 48 63 99 91 63 25 11 59 21 43 14 90 90 96 6 11 17 24 35 57 78 6 83 71 50 74 94 96 35 71 10 11 28 84 72 45 24 40 36 66 44 81 2 26 53 40 97 33 5 21 0 21 78 59 47 81 59 52 27 87 86 75 75
3 39 45 45 24 65 17 80 1 92 49 55 38 54 50 17 38 38 9 83 47 3 85 38 11 3 77 15 50 78 13 42 0 74 67 44 66 7 55 94 96 99 24 79 32 50 81 91 42 6 58 2 73 59 57 91 17 5 89 42 21 23 7 82 71 30 85 44 73 69 34 97 19 59 69 71 89 3 26 62 83 49 65 63 45 91 22 54 80 83 86 100 3 87 64 70 75 31 42 69 11 79 53 11 22 22 70 95 96 35 88 97 72 60 39 7 45 56 83 31 5 5 29 53 61 57 64 64
40 86 35 31 22 6 97 25 15 99 99 28 15 16 20 26 78 15 7 83 81 100 85 45 0 30 64 75 53 52 9 76 57 94 97 21 71 3 100 37 41 77 26 46 66 75 63 84 76 84 69 26 21 32 54 69 29 52 86 99 25 54 22 68 62 10 0 84 41 19 88 60 62 85 64 6 34 61 82 50 84 96 46 29 56 72 74 96 27 73 24 41 41 76 66 49 77 77 68 63 81 2 81 87 95 87 30 10 71 38 58 63 75 39 42 59 39 32 69 27 49 91 81 20 34 32 90 89
68 72 27 65 79 67 98 34 32 0 8 63 79 66 26 68 74 2 99 17 88 6 37 72 37 37 41 65 4 98 34 68 92 72 11 49 35 16 66 89 82 77 25 72 99 0 59 28 20 5 29 69 22 91 53 98 12 34 13 58 35 79 79 46 33 2 45 40 96 41 63 30 85 69 91 21 67 58 31 50 70 28 18 62 46 38 89 24 30 100 37 6 81 38 61 0 28 17 24 5 1 92 93 53 23 66 95 42 51 100 1 60 75 53 60 55 56 64 34 71 22 74 20 69 86 61 5 79
7 41 37 45 88 62 98 72 41 10 95 60 56 77 31 32 76 96 95 11 52 64 2 80 39 91 14 60 2 8 85 60 26 88 94 21 16 25 4 56 17 55 59 9 40 61 70 44 53 63 92 81 64 95 73 93 5 79 86 33 3 54 57 66 24 18 4 71 30 7 42 81 55 27 4 53 65 2 63 34 31 94 29 71 24 1 16 99 12 95 54 4 27 100 75 32 26 90 71 43 80 39 22 35 56 6 24 74 91 8 65 61 97 58 77 91 5 97 54 12 96 60 26 98 94 75 2 47
79 9 15 94 22 21 19 91 74 44 70 35 77 18 76 38 94 11 86 88 95 70 72 83 74 35 37 59 43 14 64 43 94 5 69 47 41 38 100 21 61 16 29 11 54 62 85 89 30 0 81 94 1 64 66 94 81 53 15 28 48 27 74 21 94 79 88 39 73 3 97 16 88 38 59 28 41 16 66 59 73 29 87 57 42 29 8 44 52 95 22 77 82 4 32 100 64 64 59 89 39 35 43 81 21 35 11 95 93 42 10 5 77 42 98 62 48 40 79 74 76 94 82 3 95 49 32 17
42 10 87 60 66 57 88 21 46 68 79 57 66 21 96 9 36 65 42 87 24 13 15 71 64 81 86 96 46 50 29 13 78 35 46 89 38 61 89 68 78 64 3 4 14 79 70 79 74 1 92 95 59 10 37 93 18 54 21 51 76 76 63 80 99 34 60 89 70 32 5 68 21 89 41 26 67 0 17 87 22 15 0 23 24 84 10 7 90 93 12 36 1 17 73 23 11 56 13 64 51 0 98 49 43 28 50 35 36 65 71 17 35 3 21 39 26 23 22 39 56 33 42 58 15 71 94 82
79 11 84 61 6 58 10 66 39 88 1 89 43 44 74 12 95 21 88 32 3 79 39 37 3 12 58 45 20 18 50 67 63 39 86 69 95 26 52 73 70 49 54 58 4 20 19 46 48 2 67 33 85 1 64 90 57 14 29 88 48 39 67 36 40 41 48 54 54 36 13 79 97 93 9 64 6 96 4 46 43 90 82 42 97 17 9 16 73 49 53 6 93 89 39 88 28 12 56 38 28 49 41 5 18 72 40 8 5 92 67 71 22 70 74 44 88 38 14 78 88 68 72 78 33 72 50 20
71 98 87 90 63 90 4 85 7 21 25 62 80 7 31 4 50 77 100 74 78 35 3 34 33 45 13 32 89 58 23 22 7 84 35 81 22 63 65 26 48 52 57 32 41 67 10 36 1 6 28 29 17 29 49 14 1 25 9 73 5 82 86 38 5 51 77 63 5 71 79 32 36 4 62 92 5 91 78 89 46 62 49 34 11 70 60 69 4 76 100 63 46 18 97 91 68 58 87 5 52 53 4 75 27 1 21 22 18 90 94 42 31 43 48 90 83 93 21 37 30 68 80 68 70 58 86 30
5 88 90 21 47 62 10 21 94 21 44 53 29 89 76 60 22 42 77 97 66 44 75 62 53 35 73 70 53 6 97 73 60 23 68 28 81 57 49 95 12 96 33 14 74 63 20 54 15 70 46 47 10 42 78 86 100 84 46 33 32 91 0 80 83 53 4 15 9 1 30 7 90 70 38 8 24 10 100 11 2 96 98 75 80 5 64 91 86 53 6 9 21 91 21 74 32 46 46 54 36 15 41 34 44 60 77 11 18 7 75 100 7 87 36 49 93 23 64 64 96 2 24 30 85 76 92 79
97 15 40 56 93 29 83 29 74 22 97 87 22 56 24 97 77 90 18 92 93 55 81 28 100 99 91 36 17 70 86 19 67 80 86 64 78 22 26 72 1 99 81 25 75 19 17 97 45 82 79 32 97 75 62 68 27 72 71 60 48 83 23 16 69 27 92 20 22 67 86 0 41 7 96 1 96 26 71 15 53 26 98 67 31 7 96 61 26 44 97 14 50 6 50 75 9 6 20 11 54 93 80 2 86 71 4 18 73 44 17 66 95 2 38 38 92 47 6 98 87 14 50 98 74 14 16 29
55 9 74 57 85 49 7 91 28 21 37 78 61 69 21 29 6 4 82 33 16 69 31 71 26 57 26 78 21 83 62 21 19 26 54 31 92 95 5 9 95 56 82 30 38 48 41 41 1 80 75 95 13 82 71 64 91 44 41 52 39 93 53 33 83 58 73 4 96 82 4 57 94 57 3 16 19 43 44 29 52 10 73 47 40 13 55 0 90 44 62 22 27 80 36 89 20 26 80 82 100 67 82 67 18 93 20 99 34 79 62 2 48 18 25 83 73 6 40 91 85 11 56 85 62 66 53 99
35 13 49 24 17 23 21 46 99 97 71 39 78 76 59 31 74 32 26 16 54 41 67 16 45 24 73 88 30 13 75 54 30 38 4 5 37 68 4 34 98 54 1 42 38 53 96 67 27 0 75 70 34 70 43 69 44 38 31 20 84 12 26 62 77 85 96 88 41 65 40 51 7 62 18 36 30 10 48 99 48 1 30 63 58 11 13 96 39 28 71 60 73 3 1 21 98 69 79 89 46 10 23 37 38 69 60 26 32 35 1 72 42 32 50 61 78 57 73 4 55 77 98 84 65 30 95 82
50 100 91 4 24 25 67 15 86 54 57 24 69 13 66 19 91 59 50 68 78 79 17 2 72 17 38 76 67 57 64 36 47 4 40 35 94 26 66 78 86 52 63 100 26 5 63 16 38 60 14 40 93 66 75 62 33 27 14 62 49 56 3 39 16 82 14 21 89 43 63 51 15 86 21 84 83 76 73 79 29 8 64 12 2 75 77 58 50 1 67 75 94 85 21 51 98 21 28 81 50 50 86 70 52 72 47 38 3 21 39 26 84 98 42 11 91 43 12 94 92 51 61 50 82 42 53 73
77 50 83 31 75 98 12 89 39 76 14 64 50 71 90 18 99 68 55 48 11 37 51 2 76 9 70 47 38 39 55 52 95 45 39 81 94 3 78 29 46 66 78 37 57 3 29 15 79 69 29 29 48 11 41 65 5 67 55 69 51 89 95 100 89 77 72 62 52 11 76 8 67 60 83 33 87 96 87 92 64 39 96 49 92 95 100 12 51 50 40 77 79 76 81 81 77 42 30 40 0 99 4 27 16 24 0 71 53 17 38 99 92 40 85 8 1 88 23 2 66 50 60 31 60 40 78 94
7 6 12 97 98 89 36 82 97 4 17 41 22 23 17 44 5 10 21 32 21 56 95 49 49 75 69 71 30 79 40 75 22 29 54 55 26 94 29 64 26 52 21 28 52 38 98 0 53 17 91 84 10 64 49 100 23 46 52 36 51 63 69 30 49 97 61 48 18 3 37 46 73 68 4 47 0 92 60 49 50 47 72 59 34 9 71 91 38 18 65 14 58 4 60 1 70 46 83 22 89 22 60 1 86 76 2 69 84 16 76 91 72 67 80 66 100 34 8 85 32 15 45 52 23 98 8 80
55 53 39 94 47 50 82 65 27 93 43 1 100 33 33 68 8 0 42 77 16 24 89 27 62 43 86 22 0 21 99 90 13 53 53 100 27 2 29 95 7 19 99 27 25 62 14 6 46 23 76 80 37 29 90 9 74 34 75 33 14 49 49 30 66 20 63 37 15 20 15 85 84 24 18 20 90 54 85 8 91 87 73 33 59 72 37 17 52 29 70 45 67 41 19 9 2 16 47 65 68 41 26 69 24 91 0 26 22 88 95 69 98 92 20 79 66 0 34 30 13 56 71 47 30 88 98 5
70 32 27 90 97 34 76 82 48 82 100 56 34 10 31 67 27 86 24 99 70 76 41 61 29 8 58 29 11 4 52 20 29 93 52 91 39 94 92 2 22 46 84 70 47 17 51 24 100 79 68 27 26 28 23 85 47 96 96 44 42 32 30 100 30 23 52 17 34 99 0 31 100 27 26 51 26 40 91 67 4 58 11 40 77 16 87 39 58 65 4 79 8 31 53 36 37 24 88 25 14 57 29 18 15 92 9 29 46 74 92 15 57 76 25 0 5 58 45 87 38 73 31 37 3 87 26 44
13 92 87 1 65 26 17 42 63 55 30 59 46 84 75 88 94 70 96 15 20 94 76 7 0 51 16 70 86 57 48 19 60 83 87 13 10 78 88 21 93 97 19 23 73 5 94 63 20 36 30 47 80 60 1 21 82 45 31 81 62 48 96 98 2 98 67 9 28 41 2 6 50 41 0 17 45 72 2 84 74 23 4 2 77 21 3 81 21 46 79 51 44 62 43 68 48 42 4 25 53 57 60 4 8 13 86 58 51 93 4 24 55 13 44 45 41 84 22 53 91 36 63 5 27 30 28 23
73 70 5 34 11 46 60 48 47 84 54 47 87 62 12 32 84 28 40 81 97 70 24 79 60 15 50 86 74 30 50 57 59 69 49 33 53 48 72 32 14 72 24 20 99 52 26 32 63 20 75 76 63 1 88 42 78 88 74 82 61 14 41 66 58 63 5 45 73 48 28 97 73 38 88 82 10 71 23 70 88 55 78 71 50 45 19 29 53 87 66 30 92 93 46 6 0 57 7 54 23 42 35 6 97 48 94 66 4 33 97 91 3 48 58 65 40 5 99 33 89 0 84 68 3 57 7 80
73 42 91 55 100 44 3 14 86 42 30 46 63 68 32 86 77 53 65 33 80 77 43 98 83 61 15 57 77 66 53 11 100 90 91 41 6 81 92 55 63 51 93 34 99 36 88 72 37 12 97 75 0 74 7 22 38 6 0 25 8 95 58 87 29 54 39 74 24 22 38 17 22 92 12 68 73 20 91 12 87 88 66 63 91 88 69 2 21 39 2 56 87 19 44 91 31 61 48 80 72 95 10 19 27 98 9 84 80 57 76 97 59 53 19 24 41 21 79 30 92 23 28 84 86 33 58 22
48 2 67 2 91 35 77 59 57 26 66 44 35 71 16 35 18 73 75 98 96 62 64 29 68 13 33 71 78 26 41 63 7 22 59 25 64 98 49 65 77 17 33 89 76 25 54 9 90 32 11 70 7 76 69 82 83 79 37 2 22 66 22 75 86 98 42 34 89 92 33 31 85 51 14 99 35 34 60 66 73 63 16 35 50 26 9 98 66 78 62 51 41 45 68 52 90 56 27 19 46 43 38 45 46 51 57 61 15 29 85 9 33 83 51 5 19 79 99 1 14 47 84 59 71 19 49 84
63 83 50 27 4 99 89 65 39 35 17 68 12 20 92 34 47 31 71 59 48 47 22 94 95 39 97 68 1 92 36 80 18 34 98 44 69 1 18 28 65 67 70 95 35 74 63 47 46 21 93 59 41 81 51 72 58 89 99 90 93 84 79 62 12 33 96 96 6 15 76 78 54 24 16 6 43 87 92 77 91 81 61 65 72 47 69 17 71 12 91 57 7 73 13 13 51 10 27 50 25 64 50 48 44 6 45 6 43 18 51 34 43 18 87 14 47 26 34 14 73 43 59 59 27 73 15 80
51 66 48 29 47 75 24 31 61 84 26 56 78 76 16 52 24 73 90 75 42 97 100 99 56 39 37 79 44 33 89 80 78 99 54 67 75 73 30 47 51 92 48 96 35 55 62 56 56 91 76 86 43 34 22 68 17 45 90 56 48 45 30 29 85 91 25 68 92 49 37 59 8 64 29 37 47 47 6 6 4 50 83 14 15 9 40 97 79 6 42 79 75 9 62 34 30 40 86 79 80 76 14 12 3 14 72 31 48 95 41 37 17 87 38 25 86 59 68 44 59 1 23 43 89 42 5 34
93 35 63 2 8 30 18 69 73 90 55 32 84 72 70 72 59 89 6 42 14 49 17 61 49 86 30 0 34 34 93 52 26 8 81 50 76 70 25 61 93 97 34 2 88 93 32 98 5 0 92 82 53 57 61 27 98 62 44 4 79 93 53 60 17 77 40 4 83 40 58 31 93 80 53 60 70 76 37 20 8 68 57 10 17 11 97 55 70 60 46 25 25 30 2 47 90 88 95 20 31 8 86 34 69 64 59 85 33 61 46 6 44 74 63 87 49 73 27 19 90 42 6 78 86 3 39 37
31 22 66 73 87 95 51 90 65 18 93 11 83 87 34 75 44 69 69 45 64 46 55 62 6 82 0 35 26 34 44 82 9 61 72 77 30 60 10 64 47 50 89 6 18 63 39 83 30 18 4 70 17 76 5 47 96 9 58 82 36 77 22 62 75 87 95 48 44 63 30 0 60 22 82 39 25 94 81 48 72 1 82 86 25 24 43 26 73 21 52 77 68 8 84 70 50 8 40 35 84 33 26 46 68 62 54 67 46 88 1 5 15 8 76 26 32 38 19 93 14 96 39 72 4 22 25 31
45 91 94 40 52 87 99 96 6 99 55 43 52 74 85 36 36 14 2 56 4 37 69 41 88 37 49 66 63 83 23 72 21 7 29 63 61 87 76 29 60 29 33 51 94 57 20 95 22 55 82 44 70 87 12 86 50 27 28 81 90 88 94 29 13 23 1 99 27 16 84 5 18 64 6 78 86 9 87 6 17 40 19 16 85 89 41 10 76 74 22 69 97 50 31 74 73 17 73 5 52 99 92 3 84 18 37 65 40 79 10 0 4 43 40 94 6 62 71 18 29 23 19 21 83 90 82 7
99 19 89 52 9 51 51 70 61 78 91 18 24 93 7 11 3 90 82 48 72 39 43 51 78 52 36 97 71 17 49 3 17 96 75 31 48 67 82 71 39 70 56 68 18 12 37 79 46 57 65 38 7 90 38 21 18 77 55 16 59 57 93 95 64 77 62 59 62 58 76 46 38 83 82 55 77 91 41 23 1 43 65 29 38 50 91 34 36 82 8 94 16 25 72 65 36 69 71 39 19 58 52 48 100 59 22 95 0 67 59 50 43 3 84 1 79 20 90 89 22 32 85 47 35 17 53 92
81 49 37 42 90 91 69 69 99 95 84 75 83 74 53 30 66 34 97 31 76 74 84 14 79 0 41 91 87 85 69 93 58 27 9 87 19 25 45 95 65 84 46 94 94 50 30 35 47 86 38 33 38 53 96 76 52 87 12 68 39 54 33 93 5 9 35 41 21 100 39 42 72 46 70 2 36 25 90 93 22 88 79 45 88 54 53 42 62 6 20 39 80 69 16 47 79 81 21 15 3 5 43 94 80 10 60 43 77 83 36 27 35 74 55 97 87 92 49 12 46 51 11 72 19 39 68 70
56 31 0 41 80 63 99 47 33 34 18 71 87 54 24 85 78 50 58 97 31 63 96 17 7 78 69 48 88 79 36 80 88 36 90 58 20 91 59 95 72 41 100 2 82 68 3 76 99 99 30 39 55 82 6 7 46 1 84 86 65 85 2 43 45 34 12 5 47 44 40 52 21 86 34 76 10 90 55 69 99 84 97 52 87 14 1 85 89 90 27 68 37 78 13 11 44 6 43 87 14 6 55 84 81 47 5 42 42 51 23 45 33 4 74 71 96 88 5 84 4 21 22 57 28 79 91 13
3 80 57 50 17 79 30 75 12 78 58 29 67 7 94 22 35 11 100 88 88 28 75 32 19 85 54 79 51 74 8 86 46 69 64 68 100 30 48 39 89 51 51 83 64 9 79 46 77 98 86 57 52 46 53 99 47 3 97 30 68 93 20 16 30 69 17 33 47 46 98 69 92 57 49 66 15 12 89 57 16 94 61 77 3 80 10 9 57 36 27 56 6 42 3 59 61 57 69 91 16 29 83 18 27 41 26 39 87 94 13 14 84 4 87 67 93 21 89 96 24 8 89 47 17 40 3 70
66 85 0 10 55 4 48 4 84 47 7 9 57 10 91 0 58 19 81 10 89 25 28 73 9 7 62 7 16 19 25 6 46 71 39 9 79 84 52 32 89 9 50 12 73 98 14 19 10 81 70 95 65 48 98 12 63 53 99 12 9 92 50 83 94 12 76 39 21 49 66 74 32 14 69 68 65 8 95 33 73 8 58 63 82 97 5 54 23 28 22 29 32 46 6 93 22 82 8 87 92 46 83 44 23 77 69 43 15 90 96 32 73 50 51 52 12 1 51 40 68 49 98 40 0 51 0 83
27 28 48 50 80 27 48 21 15 91 51 13 83 73 90 47 31 47 58 70 0 8 57 88 67 69 95 18 47 77 30 66 85 31 85 53 76 88 79 67 29 85 91 63 83 63 27 49 88 24 2 5 86 22 38 87 49 43 85 3 40 94 92 42 96 67 52 6 58 80 57 63 81 27 27 93 65 9 81 38 20 36 23 7 33 75 52 67 7 73 81 79 45 35 5 40 93 83 51 0 34 32 21 76 1 2 29 94 74 80 75 8 37 68 91 57 35 4 91 90 47 37 57 66 11 21 35 89
19 32 38 53 53 81 99 36 70 65 25 27 28 6 27 13 19 88 54 48 43 62 46 83 9 8 56 57 24 81 26 9 57 36 71 22 66 19 60 86 68 66 19 78 42 44 76 32 69 28 60 94 72 68 27 23 43 81 44 42 58 81 100 14 5 80 87 31 94 18 29 68 9 67 12 71 77 65 10 67 78 81 75 2 6 23 10 34 33 54 78 95 27 11 34 46 21 100 6 28 44 96 32 54 62 75 88 1 42 28 27 57 39 20 46 54 46 34 34 64 31 73 100 54 100 76 41 36
75 9 5 3 97 21 85 42 82 47 85 63 64 56 92 37 7 77 60 11 44 33 49 46 6 34 61 77 11 76 59 95 63 83 4 31 80 53 37 69 36 77 5 75 98 90 50 95 99 36 15 24 94 12 91 45 15 1 53 71 11 32 34 23 78 65 65 94 43 61 35 17 35 82 31 30 9 5 92 62 77 59 87 44 5 44 81 34 78 49 33 75 3 33 64 60 23 22 70 79 53 76 36 4 88 80 48 30 66 22 53 80 51 51 65 94 97 24 28 43 28 38 16 82 90 23 87 77
32 12 46 57 23 19 32 8 38 55 41 64 71 65 5 94 85 65 6 11 77 32 40 4 78 68 66 41 11 78 5 47 24 93 31 59 95 29 11 27 55 24 3 91 59 86 21 15 52 82 7 28 75 44 13 51 48 19 52 83 50 58 86 65 96 85 20 0 59 83 46 90 68 54 85 0 81 78 94 100 39 46 88 73 91 3 34 30 81 6 78 2 36 84 24 64 19 9 29 46 94 16 88 96 90 43 7 25 51 39 95 0 60 71 84 13 0 2 87 71 30 90 97 7 43 18 95 92
82 81 22 48 66 93 63 64 21 62 67 80 71 4 15 92 50 43 99 35 14 94 3 80 51 99 9 69 29 43 59 50 24 96 38 25 33 55 1 57 10 16 1 21 24 91 33 24 43 36 39 11 77 46 28 10 8 74 13 24 30 100 21 53 18 59 73 27 28 47 37 8 51 42 33 52 85 40 3 14 89 30 1 12 73 59 58 29 22 64 57 15 56 66 53 59 85 68 32 87 17 19 73 59 49 84 89 63 22 46 89 48 84 1 18 14 63 58 83 65 17 33 29 84 54 98 61 82
47 90 70 99 6 41 9 63 56 76 63 42 57 14 11 26 62 83 21 39 26 17 18 48 28 26 49 71 3 31 85 38 91 14 25 99 20 65 60 33 29 11 78 91 44 4 82 15 38 28 21 60 70 96 2 20 100 16 42 70 67 28 45 87 94 24 96 88 33 58 6 63 39 100 0 44 44 99 44 97 59 25 50 79 5 62 9 32 67 31 70 48 23 4 54 27 93 70 57 22 97 53 15 51 62 93 15 56 19 61 90 49 84 31 14 64 72 36 30 88 81 74 73 94 45 40 74 21
58 1 60 60 0 45 73 37 84 93 95 35 84 24 46 41 45 24 40 91 8 57 11 98 75 83 58 91 96 40 69 87 2 8 76 67 49 60 26 30 33 64 16 66 81 57 42 45 66 91 4 50 51 27 89 59 33 54 17 30 3 76 44 35 64 5 19 77 43 68 60 30 17 60 12 21 78 2 92 72 81 52 19 87 83 57 6 67 44 40 38 9 52 11 79 17 92 35 82 17 85 15 78 6 21 51 79 92 59 24 55 54 68 91 70 4 95 44 42 24 59 34 23 27 26 4 2 55
0 81 7 49 75 63 38 86 79 41 65 37 100 27 18 80 40 24 38 11 76 25 11 83 53 9 4 17 57 35 76 35 5 29 56 12 72 67 15 83 4 8 66 60 38 20 49 21 65 75 48 86 83 32 78 12 43 36 22 95 99 69 15 61 17 76 3 46 50 41 2 75 34 43 100 66 96 80 67 0 48 88 99 89 32 41 43 7 59 22 6 17 10 16 49 73 50 82 89 51 76 65 66 64 57 10 6 76 64 26 97 57 80 6 82 29 40 9 11 18 17 3 21 24 23 28 48 82
57 75 8 95 55 63 66 2 89 66 47 96 73 10 66 15 44 36 87 14 24 27 34 85 12 10 47 86 52 52 99 43 87 96 89 88 30 75 72 76 40 76 19 71 21 31 21 91 24 69 26 76 78 59 55 65 98 1 54 1 29 60 46 49 96 94 3 42 19 52 19 94 89 83 97 60 22 66 19 99 38 17 51 19 75 40 45 29 2 64 83 42 11 32 42 19 2 70 32 59 66 18 98 23 50 10 1 71 56 43 0 91 36 81 79 56 54 51 69 52 30 13 19 40 76 19 65 83
89 29 72 38 26 25 40 33 50 49 58 2 20 18 12 37 59 96 83 48 95 54 69 0 90 30 75 53 24 24 13 50 90 15 88 22 52 31 18 97 26 77 74 94 33 94 78 35 33 78 98 72 70 46 50 23 44 58 88 46 78 59 71 92 37 98 42 15 98 85 99 15 40 34 51 71 65 40 45 95 21 46 14 0 93 31 55 39 97 84 5 49 7 90 80 92 95 91 78 73 16 88 41 4 45 59 45 3 83 65 83 14 73 41 56 99 79 41 66 43 53 64 86 30 60 31 14 10
9 39 27 48 62 3 23 63 96 49 24 31 67 20 92 44 32 32 82 0 30 87 66 31 94 6 77 76 87 20 31 68 56 99 26 96 39 10 79 1 83 81 44 90 1 45 61 90 55 73 40 78 100 52 59 7 86 39 84 57 31 0 89 17 60 43 14 25 61 64 52 90 84 58 55 48 0 87 78 53 71 16 74 49 15 80 86 60 73 16 13 1 55 35 45 21 94 9 68 63 83 42 13 69 25 84 66 73 16 33 7 6 26 26 16 8 13 7 65 2 74 64 4 47 55 57 83 49
0 64 92 55 87 27 14 75 69 57 21 12 11 8 30 65 40 22 39 76 39 26 24 13 50 53 43 79 19 72 53 63 3 39 10 9 5 9 30 96 77 100 89 99 6 19 86 71 73 74 53 89 85 54 64 72 28 77 21 2 43 10 53 77 37 63 20 50 85 57 100 74 96 71 18 4 79 31 2 100 6 25 61 48 20 38 76 92 52 96 16 38 8 63 34 64 31 19 30 8 39 41 60 43 92 10 74 25 47 2 40 51 73 92 0 18 12 96 88 20 17 16 52 59 70 94 33 66
56 42 41 93 35 67 59 9 67 10 77 41 49 100 38 54 61 35 42 100 93 23 74 34 42 69 72 33 99 9 23 24 9 64 81 99 94 17 59 34 30 72 23 40 46 83 97 32 3 68 97 97 39 16 85 66 89 91 4 97 24 34 20 4 75 38 2 94 71 35 54 96 13 25 36 21 77 5 15 47 43 3 94 25 95 43 3 35 87 37 67 47 45 12 84 87 86 20 76 77 77 34 42 45 9 17 34 59 41 6 99 34 45 72 30 10 79 4 40 95 97 1 93 10 3 45 63 42
88 6 79 78 47 65 43 52 20 41 5 19 71 97 25 10 90 51 80 28 14 53 67 26 94 97 68 94 55 92 77 47 13 16 81 4 82 76 43 39 37 41 46 27 56 30 85 19 74 52 61 5 78 55 65 58 77 34 28 5 77 7 5 6 24 25 18 25 5 78 46 39 14 63 92 20 96 75 38 48 68 65 81 93 92 83 47 45 4 86 25 71 31 36 81 92 59 67 6 58 30 25 26 41 51 79 3 34 41 25 10 63 42 86 38 29 92 15 27 51 54 94 20 76 72 17 55 24
12 34 74 9 97 33 45 25 38 26 11 94 24 56 57 39 47 40 19 87 47 68 95 61 76 28 16 9 36 74 69 24 38 37 26 13 36 16 5 92 35 42 20 1 15 53 43 1 64 22 34 26 100 69 27 57 4 44 52 25 49 17 38 51 60 94 39 86 59 32 5 72 56 57 30 8 94 46 40 54 15 58 84 83 31 31 67 61 91 64 34 14 81 34 89 80 16 92 81 11 4 72 33 1 8 18 29 11 57 85 64 59 6 90 10 54 100 95 78 72 74 36 94 93 39 88 60 51
92 98 61 47 55 23 20 81 48 35 28 63 6 54 36 71 28 82 33 78 43 39 39 32 23 65 50 27 3 37 87 39 59 81 11 98 8 59 3 58 57 49 30 43 30 67 17 18 90 85 73 64 29 72 60 71 29 90 67 87 70 2 42 64 56 19 57 98 75 52 17 67 26 0 90 13 39 56 91 41 82 13 64 63 24 5 91 93 98 56 52 20 14 11 67 31 74 77 86 34 5 51 95 26 38 55 56 93 27 52 94 84 1 94 85 3 85 21 93 47 58 1 72 68 80 33 91 43
75 42 48 19 16 21 22 54 49 11 17 20 58 86 63 57 8 44 41 25 96 88 31 88 7 87 20 3 57 24 38 90 88 100 11 24 66 71 48 77 1 56 31 80 4 16 61 78 8 4 73 47 98 60 34 30 69 87 67 28 71 21 27 76 67 22 20 36 37 91 77 28 18 87 40 96 11 15 14 0 1 59 11 37 70 9 5 78 89 58 22 75 63 53 21 40 69 43 43 74 35 27 70 68 72 85 60 63 83 72 34 22 59 74 24 45 25 92 35 5 76 99 16 58 69 67 2 63
49 4 15 27 58 82 54 55 13 91 42 95 96 97 48 59 27 35 81 40 100 12 67 48 53 47 66 41 34 2 41 9 50 20 15 63 84 10 89 20 52 25 6 91 63 3 20 46 70 91 5 41 50 44 25 48 79 16 17 6 20 82 42 24 39 27 69 73 60 35 0 47 41 90 22 86 95 28 75 26 28 1 50 54 14 25 37 76 49 56 46 82 17 18 24 29 6 66 3 30 83 47 36 21 61 2 56 65 75 96 40 50 54 26 16 2 87 46 49 31 70 23 98 70 12 100 14 67
