62 57 97 12 30 86 93 54 26 19 84 49 49 98 17 80 50 4 91 65 65 68 27 60 86 52 37 66 91 30 12 98 55 90 35 28 94 60 36 56 13 51 46 87 93 27 86 33 100 14 86 76 75 44 7 36 33 49 78 27 70 30 63 92 86 36 93 59 93 50 37 7 9 4 27 45 16 83 73 96 8 82 92 36 73 1 22 90 37 26 99 43 48 86 85 39 24 85 36 68 79 27 16 26 93 32 44 49 84 11 52 31 12 100 58 32 66 87 70 26 68 3 1 7 55 53 57 24
100 88 26 25 16 27 68 77 10 27 92 7 80 73 51 29 13 34 18 46 9 10 20 32 61 69 79 56 95 56 85 17 48 40 7 13 0 79 46 84 47 84 84 58 96 27 61 2 20 43 66 100 80 5 14 14 60 79 23 62 94 81 79 55 60 22 59 5 96 60 12 29 28 58 10 52 84 10 13 73 15 50 45 58 44 73 9 64 35 15 91 97 95 95 18 38 45 8 55 26 82 93 33 96 32 57 13 47 56 7 23 92 27 41 77 54 79 89 66 8 60 56 43 55 1 71 15 12
63 14 21 28 24 92 67 2 3 93 59 38 39 51 34 92 36 67 97 98 19 26 26 45 83 18 56 55 9 56 89 23 41 10 81 7 51 58 75 44 6 100 71 4 20 56 65 26 45 86 61 40 60 15 30 95 97 5 2 60 32 64 27 63 54 33 84 34 85 96 93 52 49 78 98 22 56 0 61 1 18 15 34 61 82 76 18 74 76 54 100 7 60 83 78 21 59 99 84 0 16 99 42 74 41 41 29 92 77 50 74 59 59 70 49 38 100 26 42 86 60 62 34 6 27 7 92 91
28 92 35 3 64 33 53 65 32 53 67 37 86 37 14 19 70 88 67 8 1 97 30 28 61 11 77 59 14 51 68 50 98 72 33 88 52 57 20 58 13 100 49 50 13 97 71 43 78 24 59 84 80 56 94 55 67 9 89 60 80 53 55 99 87 0 38 15 92 97 34 97 93 23 18 34 38 40 98 24 89 35 83 50 49 32 15 61 44 84 77 49 6 32 12 97 33 52 56 5 92 69 16 70 73 17 75 37 68 15 3 60 80 77 43 24 21 26 58 2 99 66 34 82 68 95 93 2
59 72 58 94 71 18 26 61 74 91 59 44 77 66 77 21 92 52 50 63 38 78 76 96 0 4 5 78 45 95 66 5 89 23 58 25 64 68 12 2 16 19 33 88 78 16 74 6 47 27 28 25 94 25 45 38 15 21 70 91 2 19 15 54 72 49 31 47 34 62 95 16 87 40 90 99 13 86 14 21 90 91 96 60 49 92 85 42 9 28 42 60 7 52 80 26 48 87 60 20 36 76 91 83 67 95 20 96 51 30 77 79 26 29 47 3 61 17 71 64 12 2 36 44 43 94 7 14
54 30 16 36 28 53 46 8 67 52 12 82 94 12 95 88 36 100 19 50 52 0 15 36 14 80 32 38 1 38 80 59 40 47 38 25 0 52 37 77 38 76 12 91 97 68 47 72 83 22 58 19 12 74 88 7 53 100 51 10 99 32 20 60 61 46 9 61 14 15 14 41 12 9 11 63 70 27 4 0 87 46 29 99 87 26 12 6 4 13 30 51 42 83 6 46 42 24 42 25 29 7 14 57 92 70 100 75 47 38 48 49 8 19 33 25 21 62 17 21 100 9 0 5 86 97 93 9
23 37 13 8 70 86 47 34 28 92 8 100 73 16 49 50 88 8 0 67 98 4 100 34 98 25 8 95 31 96 14 69 8 52 16 98 85 1 54 55 54 51 54 83 67 54 63 92 59 91 24 44 96 99 28 3 70 82 93 79 23 21 62 7 92 49 65 97 44 36 72 77 13 65 69 89 31 86 78 87 62 20 97 55 32 65 7 1 34 49 18 45 88 27 31 26 94 8 40 80 23 69 38 9 57 79 8 27 32 33 77 13 17 8 98 36 16 52 42 4 20 46 28 34 34 90 29 41
1 51 95 34 36 3 64 69 56 93 67 81 64 16 51 31 46 40 45 29 60 35 27 31 8 89 48 0 67 74 69 40 61 94 96 67 49 73 48 42 4 39 40 14 54 91 42 1 75 75 59 19 43 47 73 3 81 2 77 34 90 80 28 38 65 22 67 79 39 96 34 94 74 41 41 55 83 53 17 11 23 80 71 74 49 63 56 91 19 5 34 87 85 49 34 59 27 50 57 93 42 44 30 18 95 12 7 46 4 23 82 77 79 82 65 91 68 46 44 36 20 39 28 32 98 88 38 28
57 56 88 53 2 34 45 36 50 44 15 13 96 84 94 13 12 23 63 43 44 9 35 45 11 58 1 51 49 8 56 78 86 87 45 79 92 53 55 36 36 99 75 72 60 13 41 82 98 95 94 2 99 44 44 46 68 37 47 65 93 60 29 33 55 55 66 86 53 51 13 81 99 21 32 70 33 46 64 73 84 10 19 93 20 26 41 80 80 39 60 82 65 39 81 53 64 12 96 66 8 32 2 45 95 66 99 14 42 99 100 31 20 26 84 23 1 64 30 100 29 68 86 0 13 65 1 41
6 88 69 37 78 8 78 42 81 61 61 66 99 86 72 83 32 34 29 82 76 19 47 66 91 74 91 89 21 96 19 80 2 20 34 9 76 94 74 80 84 64 10 77 80 33 9 78 6 0 86 4 68 97 99 19 92 20 12 50 38 6 43 76 21 72 33 95 97 82 19 76 90 89 12 40 10 48 3 93 6 41 73 19 43 16 94 38 7 67 65 4 43 80 85 19 27 61 61 100 74 42 91 29 28 53 85 9 66 96 28 82 60 14 74 56 38 20 39 85 85 44 39 58 12 20 17 27
22 43 3 21 27 62 41 32 10 98 61 28 37 54 66 100 71 14 50 55 92 87 31 8 26 16 10 12 27 56 59 62 43 13 38 2 55 38 24 90 80 31 29 3 100 76 70 27 6 17 95 61 19 20 51 51 72 62 43 1 38 58 7 69 87 87 96 90 73 20 76 82 25 72 16 83 57 38 19 4 82 23 65 38 59 49 13 57 82 50 45 70 13 12 84 33 92 42 97 34 77 62 45 11 86 54 47 9 32 29 54 38 45 88 89 4 59 25 22 91 100 30 74 37 80 78 86 3
82 29 48 51 39 65 86 18 96 30 56 87 39 47 35 46 63 87 70 21 2 42 84 38 71 18 99 50 2 100 45 46 96 87 71 80 67 94 68 76 31 38 73 80 90 12 9 14 6 31 86 37 12 44 23 1 31 97 17 39 71 41 6 99 18 83 70 27 2 18 12 98 5 31 17 28 55 57 81 78 4 45 35 15 82 22 22 76 77 80 58 11 11 1 4 54 95 100 56 90 5 92 16 20 54 68 47 69 98 58 71 65 63 4 52 87 99 49 68 37 15 85 64 34 44 52 59 46
8 16 81 54 82 23 29 65 37 72 9 62 49 53 29 54 52 36 40 94 91 14 50 29 1 47 7 97 40 61 7 53 13 53 93 80 34 92 56 69 1 15 78 62 98 90 65 95 29 68 62 6 21 70 65 89 73 98 51 94 45 6 50 52 34 59 69 89 18 9 80 37 61 39 94 31 92 36 59 82 22 16 62 42 23 55 19 35 77 88 94 17 76 68 37 53 78 94 5 75 26 69 40 1 32 60 93 24 46 18 96 49 23 55 99 32 6 88 89 68 42 49 10 79 82 79 66 78
86 82 14 79 34 9 4 50 58 57 76 84 35 50 80 29 40 24 17 78 30 100 9 89 21 88 41 97 47 64 24 93 30 64 76 98 50 55 89 75 86 99 17 44 16 66 42 22 89 78 38 53 2 43 11 75 57 58 1 51 59 26 71 46 17 17 70 13 96 45 71 57 32 59 34 75 51 69 85 98 9 48 35 9 25 46 30 3 54 34 76 8 42 53 97 67 67 45 94 58 81 77 91 72 5 77 46 1 15 20 60 16 66 46 73 85 7 93 33 96 3 93 38 39 71 84 61 65
100 63 26 6 50 96 45 56 12 87 69 33 4 44 54 74 96 41 76 81 60 94 65 10 45 94 21 40 10 53 3 88 69 91 11 61 50 65 29 68 89 82 35 97 2 5 0 67 70 86 41 84 16 18 28 58 49 78 40 26 26 93 70 17 27 77 84 39 44 94 7 10 49 37 40 48 76 6 98 19 14 72 92 78 50 79 62 34 77 17 1 77 70 20 75 93 18 21 52 12 76 71 1 9 61 61 90 61 59 17 25 23 8 80 1 79 66 41 50 71 17 95 72 34 89 78 79 69
87 37 96 87 77 18 42 91 0 15 69 83 76 31 38 11 33 87 33 88 66 56 92 71 41 66 60 81 21 24 4 62 52 8 8 5 96 93 96 15 39 62 45 74 15 82 44 14 41 0 48 64 28 85 4 66 30 40 18 33 46 87 3 7 79 54 25 80 70 3 63 75 42 73 62 49 63 56 35 41 72 50 87 22 10 83 90 55 90 62 74 60 73 51 56 74 61 17 70 85 14 11 20 80 95 69 32 63 43 36 7 84 88 3 97 48 44 66 0 61 71 67 36 37 74 90 88 71
41 6 8 49 28 12 27 45 76 31 57 69 68 98 24 10 93 86 65 31 87 78 96 82 9 69 61 67 40 95 94 68 53 10 68 78 81 30 75 61 98 25 41 58 34 74 36 12 97 39 56 96 64 76 71 78 7 65 76 31 20 38 7 63 18 11 19 66 38 35 42 37 52 76 69 63 60 15 51 46 45 31 61 38 32 33 78 26 26 96 42 47 48 80 75 93 43 38 25 73 58 65 58 60 94 19 42 82 72 8 92 58 75 64 91 63 99 54 12 19 35 24 91 52 18 4 78 35
31 42 92 40 73 41 62 19 61 68 84 33 61 17 99 42 45 69 96 36 69 47 27 84 27 17 60 89 21 66 28 10 65 58 82 78 82 93 49 60 2 26 96 25 27 100 90 70 2 3 49 88 10 90 85 81 91 91 71 96 89 63 12 18 2 10 31 11 36 29 75 25 8 47 19 66 91 37 70 98 71 93 80 12 49 21 97 34 18 2 0 55 0 91 100 31 42 12 93 68 85 67 43 60 77 75 88 46 16 3 90 43 84 14 72 41 77 79 70 0 6 13 36 18 100 19 43 57
39 39 53 31 61 98 55 47 55 95 6 98 62 87 28 70 15 58 47 56 96 12 7 69 93 18 57 17 45 22 44 68 18 95 40 0 63 13 76 95 83 5 96 63 79 47 53 79 42 29 72 68 73 68 85 61 75 20 88 59 90 96 100 89 43 24 8 100 97 39 64 24 42 24 63 35 14 60 3 99 74 28 0 68 62 12 44 6 41 70 64 36 73 18 88 20 11 79 44 53 21 91 78 83 43 57 3 75 46 63 57 62 52 69 25 87 8 67 62 87 55 50 51 88 7 16 73 27
10 61 12 65 92 34 17 16 49 93 26 37 95 57 79 42 80 46 30 52 51 15 8 36 4 92 19 77 75 64 40 17 26 31 30 44 29 44 46 34 2 37 15 70 13 76 28 35 24 38 32 85 69 47 43 28 49 39 41 49 18 14 18 96 54 54 15 80 30 94 40 73 65 36 79 20 63 43 43 48 75 26 77 71 67 83 31 81 95 70 98 80 40 79 36 75 25 98 19 57 3 43 87 80 84 29 61 57 52 62 80 59 49 85 30 98 34 30 6 80 99 41 91 28 0 60 0 54
61 24 11 52 69 65 47 28 0 38 25 55 32 27 68 46 23 80 26 95 78 26 11 90 5 18 21 20 89 39 67 60 58 93 10 47 25 89 67 26 3 46 53 31 96 13 91 0 32 84 34 86 97 38 51 41 7 97 4 37 93 84 75 55 26 42 0 80 86 30 49 84 77 13 42 20 24 65 73 64 70 22 62 34 53 87 72 20 77 80 26 62 74 36 4 4 18 1 60 14 69 33 40 7 19 48 8 88 76 45 95 84 24 42 34 37 70 99 2 57 52 1 29 36 76 27 58 18
93 79 43 54 100 60 51 22 14 54 1 20 55 20 19 2 8 11 45 42 43 72 56 17 94 21 46 36 5 44 13 44 88 30 10 98 65 1 85 19 87 21 28 97 54 19 78 89 68 36 19 89 88 46 10 27 27 57 92 36 10 80 53 71 73 92 71 12 8 63 38 36 46 37 65 20 44 88 95 5 78 11 79 97 63 16 31 40 30 21 100 12 66 67 31 51 39 80 16 87 52 68 6 88 56 8 34 42 7 93 11 54 49 62 23 46 64 48 79 30 1 97 92 37 59 9 67 34
34 26 60 88 53 84 62 31 52 55 36 12 49 71 84 19 92 77 5 82 28 37 64 59 68 48 21 23 81 88 59 22 4 82 100 7 88 86 69 89 54 68 26 14 46 59 6 27 60 28 99 24 74 47 45 11 82 46 50 46 79 90 61 89 9 48 93 15 40 44 41 67 57 97 30 70 88 22 44 4 47 66 22 92 52 75 47 67 56 55 31 23 91 28 23 100 55 91 16 89 82 53 71 63 89 94 42 90 45 49 27 79 64 54 85 47 29 73 20 66 52 99 23 99 98 9 83 38
91 100 10 30 57 55 28 7 79 33 5 94 63 100 90 86 1 12 29 96 28 65 88 24 75 87 54 62 0 55 24 7 89 39 98 88 26 59 65 91 54 53 63 78 16 23 95 77 11 7 59 8 81 9 27 37 18 99 1 96 47 14 93 22 30 11 60 25 45 68 65 90 15 58 59 53 98 96 81 12 36 50 96 57 51 68 51 25 88 87 67 92 36 86 40 15 64 77 67 42 8 28 88 19 14 92 53 58 56 57 18 80 54 31 20 19 3 14 18 48 70 96 33 71 27 5 55 10
15 47 2 98 61 81 97 13 5 40 6 15 74 75 63 92 13 38 86 46 43 19 34 86 15 16 4 59 11 44 62 99 29 8 66 19 96 87 86 24 27 57 88 65 28 41 82 59 44 52 65 17 89 3 63 90 1 80 12 13 59 97 9 12 87 57 68 88 69 66 78 28 32 24 54 32 90 17 3 65 58 70 13 79 95 8 89 65 39 19 23 93 64 85 83 88 44 18 57 8 97 24 70 14 12 46 73 80 3 57 56 82 97 61 43 70 77 60 88 30 63 47 54 53 28 57 79 70
62 13 50 47 23 26 2 43 70 67 100 25 11 44 15 23 99 42 20 9 8 17 15 35 27 19 54 17 45 96 10 39 94 55 57 60 59 78 23 16 19 20 56 39 21 100 9 79 77 12 93 94 62 94 8 22 26 27 95 1 89 22 60 80 34 80 12 26 4 7 62 96 100 47 60 19 49 75 41 71 28 20 7 24 17 46 3 51 17 37 88 87 36 10 43 68 59 77 64 97 54 5 72 96 19 68 65 0 46 21 97 75 6 13 47 11 84 6 58 97 57 26 18 11 57 27 13 98
21 90 66 89 17 5 89 81 11 60 46 77 23 70 98 86 65 24 100 49 88 99 3 7 94 34 41 13 51 92 38 4 12 84 73 59 86 57 8 17 88 29 98 68 10 17 51 12 69 5 75 56 75 37 62 81 96 38 44 79 33 55 35 51 41 78 27 53 17 30 98 29 35 74 9 52 93 2 72 1 68 71 93 23 46 98 23 88 26 18 58 24 77 58 62 45 6 47 52 7 95 96 46 28 78 18 84 14 60 15 30 32 40 9 13 70 38 0 90 83 76 7 28 13 41 23 0 90
41 64 73 89 85 23 87 25 54 40 40 2 69 57 50 88 5 15 71 61 3 53 14 5 57 35 63 1 20 21 9 60 55 59 75 53 50 89 96 91 18 60 54 20 76 8 56 39 34 21 92 69 9 21 79 91 63 85 42 55 72 93 87 17 32 3 89 9 72 8 87 39 93 100 20 32 60 46 3 82 25 43 38 72 63 87 84 73 22 87 42 92 1 61 77 52 32 7 80 71 33 44 62 85 43 61 82 77 4 66 5 4 18 71 44 88 21 94 29 70 50 79 21 68 38 93 58 54
97 63 36 14 64 65 46 83 78 80 47 86 42 24 25 44 40 93 9 43 29 56 99 23 61 13 48 58 51 13 95 87 74 83 19 83 54 49 80 98 34 66 78 79 97 46 40 21 16 6 84 89 13 24 91 84 81 94 60 34 98 46 47 23 4 11 52 4 67 17 70 3 42 81 32 70 79 94 3 48 14 65 71 6 33 100 45 94 85 91 32 80 13 95 13 7 99 32 68 89 79 61 57 36 100 8 75 42 84 27 79 44 97 1 67 66 47 81 97 38 31 60 11 2 64 53 56 29
75 80 33 71 57 68 13 86 37 91 8 36 76 30 40 53 63 95 48 73 20 1 89 68 66 29 27 18 72 37 60 39 17 81 92 63 95 23 55 99 5 22 42 46 41 31 72 37 0 85 85 66 32 84 33 88 11 96 96 60 8 95 16 92 70 39 52 24 20 32 79 25 49 86 13 52 91 76 42 39 60 14 81 12 65 24 46 79 29 90 3 95 95 36 1 55 74 41 2 73 28 46 57 75 34 72 83 2 5 78 34 27 10 36 5 7 23 33 100 62 1 15 56 1 24 29 10 9
47 9 59 42 17 87 20 53 1 68 77 31 96 79 94 98 18 4 81 44 38 62 25 58 22 61 32 84 8 99 54 66 7 47 79 23 54 36 61 68 65 79 71 17 28 88 61 0 27 66 23 56 34 26 22 52 2 43 8 19 6 88 15 47 66 23 43 40 72 59 59 55 82 9 59 56 45 67 21 53 78 40 53 30 6 82 89 26 54 99 54 99 35 70 98 72 71 84 37 56 31 24 31 6 17 7 63 69 43 21 8 10 91 58 81 22 11 61 27 95 53 39 58 49 72 82 2 74
19 9 59 37 52 55 39 14 65 41 52 56 84 45 22 98 11 63 1 11 84 96 4 69 18 16 67 70 41 39 29 35 83 65 69 82 64 17 9 21 84 38 80 23 96 66 3 52 36 34 30 24 4 3 46 36 67 25 90 17 55 80 4 73 100 16 100 12 75 35 22 16 58 88 66 51 98 47 51 1 87 73 39 96 75 22 61 95 15 8 72 48 96 80 69 41 58 53 30 95 84 8 79 6 84 70 79 2 65 53 70 24 71 12 13 68 89 46 33 99 98 68 5 33 5 38 61 68
39 8 71 55 42 57 66 69 100 59 17 44 75 13 55 66 93 53 39 30 19 39 2 67 58 54 47 35 69 37 58 26 79 51 60 87 65 6 65 75 49 77 78 38 83 70 13 17 77 25 36 89 46 54 19 100 94 83 33 86 41 93 71 38 96 70 86 67 23 64 31 27 58 82 64 10 69 33 13 75 17 44 96 14 81 27 22 53 8 97 7 34 70 54 82 28 41 1 17 14 21 34 46 76 68 59 44 28 31 90 76 28 35 23 31 22 10 42 53 64 81 100 7 56 26 100 20 68
77 56 88 65 10 53 43 2 88 68 77 49 48 38 96 37 59 16 28 25 37 8 91 29 39 95 66 98 68 39 54 21 40 38 90 25 3 76 69 64 44 54 70 13 6 62 66 29 86 46 47 93 66 72 99 96 62 22 3 24 40 49 16 48 39 12 60 35 84 42 18 62 36 61 24 82 39 19 41 23 23 100 53 72 25 39 23 82 79 80 74 94 77 13 53 18 4 93 43 80 82 56 47 34 60 67 48 75 47 34 60 35 61 9 67 96 37 7 96 4 23 40 28 5 38 96 37 70
34 42 34 13 48 85 77 21 47 61 93 90 60 80 43 20 43 0 10 40 13 66 60 67 97 70 66 73 57 25 93 59 62 98 78 94 91 70 56 74 24 0 93 62 42 89 55 21 100 23 43 9 75 2 39 27 15 69 75 37 74 75 75 43 54 71 12 95 18 27 46 69 27 15 24 30 45 32 73 87 64 50 17 1 28 30 90 57 64 30 19 47 22 46 73 28 59 12 33 38 99 82 86 11 10 31 67 45 69 13 15 71 65 65 99 64 29 2 59 42 37 84 26 32 5 24 9 78
93 40 31 61 4 2 60 69 30 30 52 54 67 34 81 93 15 40 74 38 77 49 71 51 50 75 77 45 21 6 99 60 72 10 24 39 0 70 11 24 62 29 54 24 61 87 80 48 35 80 49 58 17 12 13 3 41 78 98 12 39 89 65 50 46 49 99 76 83 73 83 0 99 41 89 77 73 36 41 86 43 85 73 65 90 65 79 7 40 51 28 39 96 71 54 72 16 19 99 57 67 5 72 33 76 47 65 62 58 37 18 27 13 7 17 16 78 55 85 37 98 70 89 86 16 83 100 31
88 62 2 95 57 35 88 51 42 79 7 75 91 67 29 54 33 8 52 44 30 6 75 68 11 82 49 46 45 26 97 86 71 25 17 2 27 90 52 64 60 21 99 12 89 42 29 12 29 94 73 65 27 50 62 97 83 19 4 25 4 46 13 75 17 42 42 72 88 89 64 100 57 20 55 41 52 66 90 75 92 23 21 88 51 65 100 9 69 35 60 79 65 73 86 48 4 30 2 35 66 38 78 18 100 83 28 71 76 68 77 55 35 34 98 60 62 60 81 6 61 54 0 94 41 97 53 94
57 35 11 63 33 18 82 96 19 5 77 34 78 81 63 21 54 32 99 20 50 63 32 46 68 88 23 58 68 26 64 62 83 37 31 92 85 76 51 59 96 38 81 16 99 25 3 87 21 5 75 17 28 50 87 34 86 95 13 79 69 64 38 27 44 56 44 9 94 45 43 93 60 39 13 47 19 21 30 69 45 61 51 35 20 15 97 39 38 7 48 83 69 98 59 30 10 97 33 6 89 72 57 97 19 31 39 14 82 87 21 56 99 60 35 93 79 81 33 86 4 69 87 64 32 57 15 74
49 90 24 22 73 30 72 8 3 21 46 41 96 6 65 48 9 7 19 38 48 16 35 10 22 66 3 23 52 43 87 68 61 70 35 20 29 44 89 18 30 41 35 78 77 60 1 40 29 3 1 93 91 93 95 23 73 84 93 47 59 20 70 76 52 56 44 90 70 70 77 45 96 1 74 32 47 36 57 34 53 55 72 20 42 19 3 67 77 8 42 79 12 56 9 26 59 93 6 83 6 16 97 2 16 58 41 12 28 90 22 3 57 41 48 43 6 10 70 83 41 28 40 62 13 15 23 25
4 35 23 40 59 88 55 98 58 93 42 71 26 81 14 86 87 79 45 54 93 3 57 40 38 13 59 17 4 7 79 94 35 25 24 15 60 72 70 86 24 36 43 99 12 15 37 59 26 74 93 42 98 42 24 73 90 25 38 15 90 91 70 75 29 79 62 65 60 12 11 54 62 43 72 85 34 76 5 12 57 70 85 11 81 72 64 47 32 78 72 84 64 17 15 66 89 28 67 26 26 94 36 99 22 16 80 93 85 54 75 36 59 22 12 14 96 73 39 72 28 17 64 87 80 17 54 93
97 15 3 1 76 48 42 95 74 31 68 38 61 32 40 3 70 26 66 48 14 69 76 26 24 65 93 24 10 79 33 32 24 32 60 93 42 34 18 90 11 94 37 82 64 43 61 37 90 80 14 55 1 75 99 50 84 3 38 52 57 41 87 19 39 17 35 75 74 43 4 36 75 54 35 89 39 5 68 43 39 29 87 36 91 91 86 75 47 35 22 8 15 13 39 62 0 98 58 59 88 74 91 68 35 95 68 5 35 72 93 81 96 16 36 24 0 55 98 80 15 41 7 69 21 1 12 76
81 19 8 90 40 38 83 83 87 39 71 3 32 92 38 51 90 46 3 32 22 59 23 32 36 79 44 75 24 76 8 3 80 63 4 65 73 3 53 45 79 93 5 67 15 9 82 7 43 82 65 10 90 81 40 41 50 30 9 50 2 67 4 36 98 36 85 25 48 54 44 55 14 52 24 94 72 51 15 87 96 96 40 27 42 11 92 75 71 31 65 32 42 32 93 96 65 27 27 33 59 71 67 34 26 35 27 97 7 84 50 9 75 91 24 43 6 74 33 49 86 68 33 57 54 0 52 87
1 33 71 51 93 57 17 53 17 56 47 16 66 17 92 9 29 99 78 95 11 92 9 11 95 18 27 56 0 9 18 44 63 46 90 11 71 11 48 70 78 76 26 80 10 59 16 21 1 14 42 6 44 60 30 74 7 53 4 68 41 52 68 10 50 89 86 60 44 58 67 8 37 3 31 93 20 2 83 89 51 22 76 59 47 25 72 63 74 94 100 42 99 90 79 13 72 63 96 77 29 45 52 90 22 49 87 44 31 37 10 96 70 12 51 1 57 40 14 89 38 85 91 49 14 69 96 36
8 87 12 42 63 3 93 60 19 12 44 22 21 62 93 21 41 89 46 97 78 55 71 71 63 64 35 16 18 47 47 96 59 87 93 24 10 53 85 42 72 92 39 32 7 48 11 46 47 39 13 42 33 91 57 73 43 83 9 38 53 39 66 38 50 96 42 67 75 86 14 55 21 39 85 92 16 11 58 26 3 65 27 21 22 6 74 32 88 12 86 9 48 22 18 79 70 79 93 62 70 65 0 83 15 30 56 37 2 63 44 7 98 66 32 34 82 56 12 71 61 75 48 3 53 20 85 97
30 39 15 69 63 14 89 79 55 8 67 67 44 7 95 42 21 88 4 26 91 3 62 56 55 68 6 43 82 80 6 67 86 44 62 11 11 48 69 28 8 16 83 31 13 9 98 90 48 94 57 90 15 60 36 18 25 66 52 39 83 28 48 20 72 96 49 86 31 17 83 3 9 33 23 55 62 20 64 40 34 69 3 97 18 82 88 47 54 86 50 62 90 25 36 67 14 31 59 51 98 8 52 9 74 71 93 81 45 66 11 96 57 1 87 18 94 17 22 49 46 37 32 46 62 89 71 55
56 90 58 58 13 91 33 32 8 64 75 75 30 60 98 36 53 8 26 64 15 92 70 13 51 31 28 100 7 54 88 89 72 82 66 38 3 40 20 70 71 98 27 56 7 54 74 87 94 38 90 99 56 64 36 37 15 4 68 71 63 6 53 19 21 99 34 51 81 17 77 1 20 23 22 8 22 33 50 57 52 81 25 66 14 94 64 67 3 72 52 24 53 13 77 86 82 40 18 32 37 64 85 38 87 12 38 0 3 25 21 52 17 52 16 14 46 79 9 55 2 31 64 76 40 98 31 3
10 66 52 69 40 35 22 44 96 36 92 53 55 20 70 32 26 93 62 23 7 75 38 45 5 89 43 31 61 70 13 37 73 55 52 1 52 99 57 10 85 41 13 60 73 99 60 60 79 4 44 41 29 38 22 95 44 4 38 94 46 81 54 49 14 26 94 63 58 67 31 100 97 21 77 84 88 12 74 79 41 97 60 47 10 98 67 99 59 5 25 95 58 90 29 69 71 37 46 30 80 21 2 34 77 28 27 25 37 30 11 36 52 46 36 72 100 16 5 16 27 64 96 42 83 23 56 67
35 100 77 62 70 80 76 32 45 100 3 98 100 10 66 9 71 92 46 64 78 37 51 30 95 57 16 81 43 16 58 91 8 50 56 74 56 83 50 83 96 90 23 83 56 36 53 7 48 48 2 48 13 93 16 14 24 93 95 36 64 80 47 0 52 67 27 63 60 27 98 98 78 33 91 21 4 43 25 72 1 86 24 39 57 69 64 95 59 39 8 49 46 76 76 64 94 80 5 48 44 15 24 83 44 36 14 49 85 43 75 27 61 60 45 5 80 64 21 86 94 0 11 48 13 27 70 24
30 82 86 11 89 90 88 0 5 26 64 72 14 79 13 31 12 82 97 92 84 96 55 23 93 86 73 84 59 33 34 22 80 8 71 71 5 39 41 37 52 7 13 90 59 31 77 98 5 94 32 54 81 7 16 7 63 63 19 3 20 83 74 63 3 25 41 75 47 5 61 82 17 73 93 83 34 100 76 62 99 93 22 95 85 24 43 73 94 4 54 48 41 46 49 93 12 71 19 0 75 50 96 76 45 83 51 48 25 99 74 85 40 64 98 4 7 42 68 95 51 51 68 61 80 90 52 66
69 74 42 8 7 58 82 93 61 74 64 78 11 60 67 90 8 11 22 5 26 31 76 2 49 37 65 89 40 77 14 58 80 39 48 63 14 71 32 27 47 61 55 78 43 88 37 88 93 53 58 67 30 2 11 59 69 93 83 52 61 88 3 83 82 34 19 78 62 56 60 68 24 42 31 53 81 11 35 22 72 68 50 90 64 95 34 38 18 48 93 13 76 58 14 4 17 70 37 32 2 65 85 12 36 92 88 51 3 35 61 38 97 71 3 32 90 24 45 46 49 49 94 84 75 9 52 86
5 58 17 72 19 72 62 84 5 29 69 97 29 45 28 43 64 54 54 100 10 48 8 66 73 0 45 52 77 22 15 30 69 100 70 14 11 66 1 38 62 69 2 82 45 47 43 19 68 5 95 80 79 31 7 52 36 60 81 26 90 75 24 24 21 71 94 46 63 9 13 73 75 17 45 86 89 97 34 98 46 2 94 41 33 90 92 12 34 25 41 69 53 87 94 38 43 11 39 47 37 72 64 79 87 48 73 45 93 97 38 47 94 58 1 43 87 4 93 37 70 4 92 99 74 66 15 36
24 90 36 18 31 84 1 39 25 28 88 62 23 10 32 97 44 55 87 41 41 84 67 21 0 48 36 20 77 61 83 70 90 48 83 26 0 64 27 43 81 53 62 19 16 52 23 6 19 82 21 6 60 18 9 28 19 94 70 37 38 40 24 85 56 8 78 25 20 75 96 60 23 97 38 73 68 24 15 25 77 57 38 36 95 27 86 53 63 8 36 79 42 88 14 42 42 89 6 93 96 48 95 78 21 78 29 53 58 61 0 51 27 73 62 50 35 96 10 51 51 82 83 37 91 89 99 86
13 37 70 38 22 66 27 72 39 0 7 1 31 53 98 63 82 80 44 11 15 32 40 75 83 74 65 36 96 31 49 33 43 55 37 7 98 23 3 89 33 80 27 27 8 52 46 24 38 14 15 27 82 23 75 10 12 48 5 0 94 96 49 61 32 64 6 71 73 71 31 35 15 13 42 90 55 51 14 1 62 31 67 12 8 37 54 46 60 71 1 20 75 32 34 67 32 32 59 57 100 41 51 20 34 64 17 3 48 8 62 3 6 56 19 100 46 60 14 46 19 18 99 24 39 19 90 48
47 77 15 73 74 23 8 65 14 88 32 80 65 19 16 88 60 63 19 39 88 46 9 24 60 84 99 42 96 85 84 88 98 90 88 82 11 20 64 61 4 20 87 72 7 93 43 74 69 80 20 25 21 35 38 59 58 63 8 76 55 32 55 2 20 12 37 23 60 91 80 6 100 90 60 97 45 83 86 60 20 92 98 32 19 20 87 31 95 4 94 30 2 70 22 89 8 93 22 87 2 96 72 46 68 97 10 9 25 89 8 22 62 89 46 13 66 76 49 82 13 40 93 86 64 82 30 30
59 96 93 14 32 79 73 27 7 61 88 1 74 41 8 3 18 59 8 52 27 69 71 47 38 43 17 93 77 19 80 73 9 66 32 31 87 45 32 3 84 89 89 53 27 89 91 62 17 57 20 97 93 81 57 27 28 38 5 44 68 86 56 34 91 37 18 17 15 66 88 69 3 46 63 87 50 41 83 38 2 76 55 19 88 89 80 91 57 100 59 5 97 31 50 33 49 60 65 53 16 57 80 81 17 90 59 4 28 15 81 13 61 73 88 64 37 36 50 39 51 40 7 83 99 9 68 64
93 17 14 53 0 84 65 90 9 32 86 20 41 33 3 58 37 24 15 9 84 70 85 94 71 56 84 90 69 13 6 58 55 60 12 70 18 71 74 75 41 33 14 48 69 88 67 36 96 36 74 56 32 79 2 57 37 50 65 47 14 5 52 83 59 44 63 82 26 70 7 100 79 23 32 53 27 31 84 99 68 19 40 4 83 91 22 4 72 96 16 82 4 22 41 100 2 7 71 61 6 66 32 100 53 26 33 85 30 67 32 32 48 83 65 79 58 17 24 17 16 35 76 97 97 81 40 95
41 80 60 15 67 7 94 56 30 4 33 13 72 22 96 100 43 64 20 78 78 2 33 76 100 83 77 62 96 20 99 29 85 24 19 81 59 50 22 75 36 43 80 85 18 67 72 66 1 2 49 12 66 17 14 100 15 3 94 94 74 49 44 100 66 14 83 91 65 48 52 79 47 61 23 67 42 39 39 18 65 27 99 95 11 79 52 47 11 62 14 73 13 95 27 52 93 79 71 59 88 27 47 42 23 77 89 17 1 54 10 39 27 79 79 14 48 6 36 50 33 72 95 23 94 50 32 69
96 49 74 37 36 43 56 98 99 57 65 90 97 19 32 6 92 48 85 41 100 12 2 56 3 56 29 0 100 70 71 49 100 2 61 61 1 14 57 67 68 75 73 48 39 36 74 5 98 54 30 40 72 8 82 6 89 80 51 99 59 52 53 17 22 14 57 30 49 49 83 17 80 44 76 50 28 99 63 80 41 30 56 83 10 81 36 4 37 15 81 77 80 40 65 7 30 0 84 9 54 44 49 8 34 47 0 15 72 16 82 56 37 23 81 32 73 69 32 69 76 83 24 26 62 83 25 63
88 73 39 73 87 71 91 78 53 23 46 62 27 13 32 73 43 96 18 71 0 97 73 45 7 97 65 4 74 67 44 47 25 51 0 93 53 40 62 37 48 89 87 86 1 65 72 84 19 81 17 57 70 98 35 86 93 16 10 64 66 56 76 79 18 50 72 39 35 23 93 76 5 95 43 49 82 85 18 62 21 32 24 88 11 22 62 70 81 33 79 50 90 61 59 65 62 66 52 100 0 41 27 84 32 63 77 41 26 89 80 90 98 64 37 6 74 82 89 94 84 0 59 2 15 15 84 71
67 59 44 0 2 21 58 5 75 9 45 53 86 37 71 70 5 91 86 70 91 3 35 84 92 27 70 83 20 93 95 78 63 11 24 17 50 16 46 48 80 10 62 87 77 20 77 26 22 84 99 26 21 85 30 95 48 25 64 43 78 11 70 50 34 79 21 87 83 24 62 94 57 8 67 42 24 57 65 67 21 57 71 98 68 33 21 67 89 38 23 83 87 64 78 22 9 14 76 12 26 76 55 26 42 49 48 17 31 1 30 58 19 49 74 29 97 67 35 16 70 3 32 58 31 28 48 94
85 94 89 65 31 79 70 62 43 45 3 73 34 36 70 100 20 95 5 77 98 2 14 4 78 24 59 33 14 100 41 77 62 34 82 11 66 39 92 34 8 68 84 83 100 95 64 15 59 19 19 3 87 2 99 98 74 40 95 88 22 8 7 24 22 93 43 46 12 41 77 42 16 80 11 82 66 80 22 5 56 100 86 72 83 11 0 35 62 81 38 7 99 98 45 41 87 19 84 2 23 95 74 23 18 79 13 99 61 11 100 79 84 75 40 50 85 53 75 35 2 36 52 51 10 3 78 66
29 55 84 16 50 43 1 23 4 58 1 25 68 98 47 89 29 30 58 75 31 9 51 24 64 98 80 12 62 11 64 50 33 59 83 60 28 48 12 88 24 52 56 96 27 7 63 78 94 87 15 71 24 1 8 87 96 70 43 21 34 76 94 2 84 1 90 62 35 28 48 85 25 47 34 98 28 96 79 56 85 74 20 20 35 86 96 63 76 49 39 32 35 46 54 98 6 30 37 35 39 2 13 22 85 24 75 13 65 66 48 94 56 4 46 88 40 77 31 68 45 20 36 28 78 31 11 13
15 98 58 84 21 31 80 88 23 66 65 47 78 52 36 43 98 98 50 35 7 25 27 63 8 5 85 13 100 24 93 0 62 61 7 96 87 90 36 19 79 88 36 71 38 36 74 44 75 8 24 16 81 29 42 41 27 4 48 45 50 78 90 55 10 16 33 68 49 71 100 99 98 75 21 9 44 89 88 27 59 63 56 74 78 86 67 37 19 62 23 25 82 67 26 10 28 61 67 96 74 96 13 45 83 6 3 72 89 4 23 62 56 81 35 0 21 82 78 54 40 75 17 38 72 3 19 41
50 65 27 87 25 7 73 28 58 53 67 48 10 2 10 75 14 24 90 16 13 100 47 6 42 40 64 70 51 38 60 19 86 3 71 39 6 15 95 81 98 60 39 57 22 16 90 4 52 75 45 4 23 19 54 51 15 42 44 44 35 84 27 45 66 62 31 19 100 21 22 68 31 37 26 97 50 50 11 5 63 32 77 58 99 71 60 70 39 5 85 15 94 17 93 63 36 2 75 61 6 58 78 52 47 75 48 70 7 26 36 80 13 6 50 96 68 86 16 100 14 27 10 99 42 14 19 93
90 76 25 36 21 51 5 18 5 19 99 87 66 27 32 55 12 79 85 48 70 61 61 92 42 76 85 29 93 55 53 40 3 16 26 42 62 84 73 21 88 19 37 11 13 73 15 1 17 68 48 52 65 95 25 9 83 31 70 30 48 64 0 52 29 26 67 2 39 26 91 4 85 100 70 7 47 76 85 54 96 82 35 37 79 65 60 23 22 93 40 99 90 93 51 96 49 5 2 9 23 63 54 99 52 56 0 67 87 13 55 39 2 69 38 100 98 75 100 80 63 0 86 8 11 26 69 73
6 69 16 46 6 19 49 57 13 32 5 45 55 8 41 43 10 52 17 31 85 17 15 2 47 82 62 68 11 9 33 63 90 16 8 95 33 24 100 49 84 8 68 73 14 16 55 19 84 3 10 100 92 66 79 34 4 53 36 16 31 57 51 63 42 12 16 10 59 96 50 76 88 99 45 66 98 68 22 33 81 92 90 19 25 53 7 65 36 73 8 16 16 53 16 60 65 28 5 92 11 36 29 90 24 38 1 59 75 42 90 55 62 77 90 70 68 8 86 52 22 90 2 19 35 71 47 6
45 56 58 41 78 50 5 27 91 38 87 68 99 68 4 6 21 44 75 14 94 23 43 57 66 41 58 19 3 4 23 48 70 17 25 29 31 69 30 13 97 32 33 69 24 85 61 71 31 16 83 90 64 63 70 57 91 5 92 20 8 0 49 28 16 86 85 51 81 69 41 58 56 31 23 80 19 66 84 25 44 41 43 29 62 80 87 60 43 48 5 28 75 27 74 13 75 89 51 75 22 24 10 37 15 88 75 84 31 73 10 50 34 85 70 35 36 47 22 57 53 84 45 45 96 9 7 95
55 33 38 26 64 23 63 47 54 49 7 34 17 95 41 80 36 7 25 69 8 42 45 98 93 65 86 25 31 77 96 5 69 18 40 97 64 86 3 39 18 53 72 93 6 62 60 99 52 76 30 69 1 35 70 52 63 20 34 10 12 32 22 21 13 55 79 13 84 11 45 30 1 95 82 79 47 45 87 23 24 54 11 52 59 89 47 62 45 25 52 84 15 74 70 73 71 9 59 80 67 60 11 57 54 28 67 98 91 52 36 50 79 73 24 30 20 52 68 65 81 42 96 66 33 38 69 37
47 1 83 33 48 98 11 35 70 24 57 69 31 84 39 91 30 0 83 60 57 14 48 17 14 6 49 38 56 60 56 84 19 48 97 74 25 78 24 43 4 93 63 73 73 24 0 52 94 33 65 34 53 83 53 24 64 9 7 8 81 55 2 96 91 54 42 87 6 46 8 63 42 76 52 60 57 50 93 57 88 18 26 4 61 43 21 36 94 94 10 98 65 51 23 75 29 70 36 92 42 89 41 49 19 90 13 13 57 45 86 7 17 27 84 79 30 19 80 79 77 49 36 4 4 82 32 26
28 44 86 22 33 4 69 30 2 13 94 15 54 62 42 10 45 1 47 24 34 23 87 51 22 46 10 62 28 84 29 27 73 46 63 38 29 80 84 26 53 29 26 51 24 60 77 55 3 7 85 1 21 56 20 66 1 80 4 98 48 31 80 70 80 98 90 92 32 22 31 74 81 64 78 89 37 26 65 18 2 98 37 7 51 67 46 14 0 45 17 91 22 79 23 63 15 55 47 30 91 10 24 29 53 27 42 78 94 1 100 90 10 93 30 61 59 12 27 78 0 91 49 69 47 94 66 3
22 46 85 95 1 86 61 46 22 81 79 42 81 24 1 88 63 58 3 73 5 59 61 62 64 40 93 62 20 41 49 3 47 20 67 5 100 26 18 34 79 65 59 53 100 43 47 59 76 96 76 14 22 53 12 13 1 19 41 66 77 24 91 95 62 53 81 24 90 14 15 59 84 66 62 45 72 50 50 48 19 84 51 34 7 76 79 58 87 19 24 30 22 74 2 50 68 35 81 95 67 5 85 19 72 35 83 75 26 20 92 3 72 18 71 54 46 92 54 20 82 8 24 52 71 60 29 81
4 40 27 61 78 20 46 68 20 49 13 82 27 67 65 62 56 66 97 3 64 17 19 71 9 0 83 68 17 89 44 24 71 85 29 75 69 52 87 76 26 55 76 31 12 31 19 67 28 60 13 91 86 22 34 40 40 8 56 11 83 90 36 36 47 30 87 99 48 85 86 72 95 91 63 27 42 66 1 60 50 76 100 74 0 39 55 42 55 56 65 71 60 79 71 36 75 16 58 100 29 33 66 0 45 62 93 68 65 14 33 21 76 74 3 10 41 14 92 61 26 12 60 49 89 90 22 34
58 25 42 54 21 63 98 73 16 48 38 75 84 12 29 64 95 23 63 36 23 1 14 41 39 47 36 86 48 8 19 37 92 15 71 31 69 52 32 87 86 44 41 6 10 95 71 92 47 77 5 17 76 23 7 80 98 5 15 83 100 42 71 68 88 96 93 49 74 84 79 94 5 61 32 62 55 82 97 72 77 66 10 46 22 83 74 51 39 40 26 96 53 99 88 4 81 58 33 53 68 69 87 72 6 91 35 41 100 80 82 69 6 32 90 97 25 35 80 75 33 95 98 24 78 54 72 26
39 80 7 66 57 69 60 55 41 0 8 43 10 88 59 33 23 45 3 24 18 84 86 75 19 54 14 68 10 75 84 48 59 32 12 22 30 20 28 80 63 94 7 4 35 86 3 12 99 45 52 40 60 30 89 83 35 29 81 87 38 59 51 30 21 87 38 76 31 83 28 79 10 68 20 7 68 70 25 52 97 85 7 7 47 52 49 69 81 88 16 89 37 29 63 7 6 84 63 95 100 31 24 79 99 93 13 75 97 56 89 84 65 54 24 31 47 38 56 18 68 86 62 53 6 50 21 62
2 44 90 88 69 34 37 80 10 33 62 29 36 8 39 43 48 42 52 95 27 40 18 67 77 65 17 57 70 21 30 80 99 45 13 31 5 11 69 43 63 90 54 100 86 67 61 66 74 46 90 88 65 26 58 5 71 38 14 97 13 5 27 52 83 60 51 51 40 7 16 19 78 14 76 100 17 96 74 85 2 87 51 22 25 46 63 64 74 96 71 42 63 25 97 29 54 1 8 3 97 51 36 97 85 7 38 82 28 30 27 8 85 33 71 28 13 0 5 15 11 60 63 65 96 31 49 52
99 40 80 23 95 54 37 12 39 29 87 35 48 24 30 27 68 5 46 19 71 52 23 26 49 78 89 23 50 7 25 98 56 5 40 53 2 5 23 23 35 60 52 89 44 15 50 36 66 17 26 61 8 7 71 6 23 47 49 90 42 73 95 76 47 76 16 91 37 1 97 68 62 67 53 54 50 20 15 25 28 63 73 71 44 83 20 21 7 49 86 32 54 98 7 3 19 86 8 8 49 69 48 93 25 24 68 18 63 0 78 77 39 81 29 37 49 59 15 52 35 62 30 48 82 76 53 95
32 79 24 20 87 61 70 40 51 44 25 68 58 44 21 67 33 90 61 91 37 97 63 43 24 61 53 76 98 47 94 98 50 53 37 99 7 44 84 21 15 25 36 97 74 83 62 81 83 38 75 27 92 78 8 63 61 11 23 58 38 77 76 50 10 81 82 29 39 92 44 93 17 37 10 78 49 34 58 89 19 26 79 28 92 95 36 28 82 49 90 93 1 81 51 77 39 90 82 54 24 68 36 50 59 64 41 90 29 75 44 39 24 75 78 85 96 9 64 64 14 12 19 25 9 50 40 5
94 19 4 52 42 54 22 96 93 85 46 44 93 1 80 85 12 27 16 97 46 90 32 67 57 65 53 65 75 43 75 29 5 68 28 70 17 94 58 50 37 46 78 87 43 65 21 84 93 46 60 5 59 84 73 33 44 8 16 49 2 16 81 13 1 88 26 29 38 56 76 71 43 100 85 5 60 84 2 42 56 58 51 30 85 69 86 31 48 53 46 54 29 63 36 27 0 29 58 18 28 38 83 89 47 63 85 25 12 1 45 22 32 5 37 12 39 40 66 97 4 29 11 59 63 74 77 42
17 74 32 21 95 28 22 79 41 94 46 63 93 24 9 99 9 79 43 93 75 11 50 5 43 39 50 95 90 86 73 90 39 15 56 67 31 44 17 85 82 73 48 30 93 99 42 18 67 49 86 98 68 11 62 13 3 19 55 36 57 17 90 95 24 25 28 52 94 20 72 76 59 36 57 11 91 8 25 28 22 58 87 19 61 3 24 30 91 25 91 51 53 88 50 26 19 67 91 10 70 44 62 91 12 57 44 18 45 6 62 83 32 62 77 53 66 96 70 59 55 44 20 96 90 24 76 23
80 100 88 68 13 84 85 87 87 99 17 81 3 63 0 16 77 11 21 44 55 38 41 47 30 87 27 26 21 54 8 80 37 66 47 65 14 9 87 97 82 26 27 51 23 29 48 0 92 80 70 67 39 21 98 93 83 9 47 62 34 22 4 63 2 54 38 67 98 25 63 73 50 91 25 12 34 5 68 58 87 26 34 19 43 80 78 65 38 89 99 99 75 16 38 59 88 58 86 87 52 92 30 28 27 58 59 66 5 19 98 0 14 14 86 70 33 41 69 52 51 80 93 34 100 60 18 58
23 42 59 77 26 10 65 64 74 94 22 19 75 93 82 22 20 53 52 99 31 13 27 49 3 36 62 52 85 44 9 94 30 41 88 16 24 92 62 70 71 84 6 99 98 41 90 11 80 5 21 81 92 10 77 78 54 82 20 11 44 58 5 53 61 51 14 60 32 93 12 3 47 11 73 46 100 25 87 31 15 47 95 71 100 25 25 41 35 3 24 63 77 30 65 17 45 68 39 15 2 19 70 80 85 76 28 10 12 44 92 70 1 92 39 67 56 65 91 88 29 37 43 40 24 94 72 66
56 52 7 84 86 68 83 65 79 21 25 7 49 42 9 4 18 39 86 28 60 74 42 31 86 33 95 41 22 70 29 42 8 61 21 95 75 80 65 94 63 90 21 54 96 55 33 29 51 47 67 12 71 83 22 18 95 21 22 88 98 72 35 59 33 87 24 4 100 56 72 15 38 74 5 6 39 9 77 94 49 0 24 11 70 80 21 57 31 53 69 4 19 60 93 89 66 89 10 26 35 8 87 26 77 97 51 83 17 57 6 87 29 2 69 59 5 76 18 51 17 75 62 79 12 89 43 1
42 1 8 52 94 38 71 77 28 25 98 18 62 98 88 9 60 27 4 1 33 52 55 98 91 86 98 5 69 96 99 79 97 34 56 33 94 50 62 90 60 42 90 37 47 34 81 9 39 96 95 20 73 42 73 31 64 81 26 15 34 92 20 20 9 80 17 36 17 25 4 14 78 91 53 90 12 53 54 0 81 51 41 45 31 61 45 89 17 22 18 85 68 54 7 83 30 87 57 12 10 40 23 8 77 32 26 3 100 70 54 75 50 13 2 13 70 34 41 19 84 60 16 96 55 56 66 13
67 99 85 44 98 3 31 76 66 24 88 11 70 62 19 69 61 80 79 93 77 9 55 62 32 12 78 49 8 36 44 24 99 30 31 3 55 65 17 97 97 5 16 16 24 7 54 49 42 92 21 51 44 98 33 22 14 62 2 19 92 62 89 17 13 8 25 96 80 56 31 27 65 94 8 64 9 3 12 65 0 22 60 84 23 63 24 83 5 51 44 40 52 41 69 51 71 83 35 71 96 98 45 15 46 37 21 30 30 30 73 44 22 35 29 93 85 53 8 24 11 48 51 21 86 57 19 1
95 4 78 27 54 67 87 16 76 4 58 75 5 94 58 19 39 80 50 23 42 33 5 71 34 91 81 33 41 20 79 54 48 1 54 16 3 3 14 67 92 62 98 12 69 40 15 9 95 41 95 50 4 23 95 77 38 30 13 95 55 78 93 91 14 27 65 66 18 46 55 87 92 24 28 13 51 59 40 21 41 87 59 56 78 23 89 16 10 11 9 87 29 100 98 16 87 73 73 13 96 65 97 41 83 58 16 93 66 88 87 45 81 34 7 59 54 29 53 5 13 35 62 75 71 66 14 38
0 14 83 55 53 60 68 92 17 95 54 98 15 67 31 66 62 49 20 63 72 67 29 25 78 78 29 57 6 90 20 23 11 98 8 0 87 97 37 53 50 24 15 76 25 0 90 4 49 68 66 66 80 29 89 19 80 30 95 82 95 8 92 68 35 17 11 49 98 35 14 94 49 38 72 42 46 39 42 48 55 8 55 81 43 20 53 84 56 96 70 66 46 86 61 24 85 4 37 70 47 59 20 10 97 13 97 71 9 28 25 28 15 50 97 16 21 40 35 36 74 36 63 13 73 69 15 63
62 74 21 64 81 72 99 57 76 17 72 45 44 7 27 32 21 60 2 13 56 48 30 46 9 53 90 63 82 32 9 93 4 80 14 41 78 90 66 0 47 55 87 92 27 21 13 95 54 91 89 61 26 89 75 37 77 2 50 8 91 75 75 55 36 35 32 74 43 1 1 70 43 61 34 18 87 76 92 24 94 64 36 6 51 71 71 56 57 93 11 13 67 70 61 5 60 31 9 99 80 29 43 71 23 10 63 33 36 99 73 35 19 45 30 87 25 81 7 13 30 72 56 28 81 34 25 69
91 27 74 89 83 13 52 18 6 39 99 29 40 90 10 56 12 18 44 7 99 35 10 54 91 36 75 8 74 49 96 85 38 4 76 53 43 41 86 37 73 78 58 20 36 2 92 7 33 78 94 14 96 41 91 69 7 0 90 63 94 6 14 24 90 94 23 33 66 98 13 20 73 70 86 44 79 51 17 18 86 86 98 87 8 36 90 39 31 74 18 70 0 65 86 63 72 59 11 58 75 55 93 12 33 62 67 43 95 83 59 55 30 54 86 45 60 60 59 49 46 46 70 63 64 37 72 97
53 1 52 68 56 54 66 23 77 50 82 20 76 36 44 14 50 14 75 19 7 9 26 100 38 5 84 10 84 51 95 74 25 38 74 23 65 28 51 98 75 98 42 8 92 7 17 98 27 91 21 1 27 55 75 29 68 36 36 33 55 43 16 72 92 9 81 26 33 16 43 52 4 40 76 68 36 29 56 16 81 84 82 87 94 77 4 60 40 78 13 54 95 96 31 65 58 95 53 83 31 80 91 96 11 0 45 36 94 60 42 79 79 96 18 31 40 100 71 59 27 33 62 13 77 31 28 23
79 18 4 48 13 81 66 89 82 48 95 87 10 19 77 6 4 72 66 6 94 41 72 89 35 77 3 49 31 91 70 76 30 74 9 19 6 35 95 16 69 45 25 58 81 31 52 35 39 37 92 96 8 96 83 0 18 63 56 17 53 1 75 45 40 23 69 68 86 16 30 2 19 64 29 19 74 20 40 77 94 22 12 56 13 60 8 30 3 50 22 70 66 61 85 66 45 61 62 89 93 7 32 74 4 28 58 59 37 72 65 96 29 27 66 22 30 65 73 57 34 56 87 3 47 12 66 86
4 15 78 96 76 37 87 52 84 57 45 67 55 86 29 55 90 61 10 14 99 87 2 67 84 85 78 78 54 30 55 9 10 11 5 26 4 27 21 44 90 97 2 34 31 97 56 33 82 50 46 46 42 24 45 24 60 95 35 95 87 5 26 62 13 80 22 93 38 64 80 61 24 30 61 89 35 46 49 88 52 74 99 4 38 23 79 32 10 3 49 45 28 36 15 69 92 49 88 83 73 72 44 48 57 98 24 75 16 56 38 81 28 23 86 7 31 67 24 41 18 37 34 28 72 84 38 40
88 55 30 100 2 84 84 67 29 0 76 43 29 33 80 86 99 82 83 53 16 19 84 51 72 2 43 95 64 74 75 14 62 77 40 21 33 81 94 49 27 19 76 77 36 23 66 0 21 73 42 49 33 59 50 89 44 84 43 66 43 21 33 72 50 76 19 97 9 93 51 57 32 72 66 97 26 6 97 56 70 97 35 44 25 3 33 10 29 94 40 75 86 1 56 9 34 63 73 67 52 67 70 96 0 95 94 41 37 12 30 83 79 23 23 95 53 95 72 88 79 48 99 23 13 22 75 52
48 13 62 83 83 68 32 59 90 28 99 51 27 31 83 95 20 48 52 1 100 0 48 12 59 56 1 52 13 98 62 13 31 67 89 85 97 14 14 66 44 57 65 36 54 89 17 0 19 7 29 92 22 48 97 54 91 72 74 97 51 19 41 77 57 7 50 81 44 35 76 26 36 90 34 71 35 13 87 37 98 88 76 24 81 75 82 64 21 34 94 29 60 79 95 19 67 38 57 83 73 8 21 92 59 57 12 46 47 100 85 21 23 51 49 49 68 44 99 6 62 88 15 10 26 44 24 17
16 57 51 6 34 52 33 15 8 91 35 88 75 30 24 67 86 68 7 51 75 72 11 74 87 36 53 62 87 48 44 69 62 33 87 37 22 19 85 56 86 8 39 50 99 66 67 46 49 62 18 22 81 94 84 10 91 41 47 24 47 42 61 92 89 94 18 54 47 93 77 22 56 56 47 85 100 52 59 85 98 29 70 46 91 41 12 0 19 50 23 92 88 59 89 13 49 24 10 82 68 42 32 99 59 86 64 20 34 68 6 5 50 29 98 71 7 52 14 67 18 73 98 34 87 35 82 58
42 29 61 46 30 16 79 9 44 57 53 15 62 54 43 32 40 93 6 46 84 60 30 29 54 20 36 73 97 79 32 4 1 1 6 82 63 100 86 66 92 14 87 85 4 85 41 82 3 67 14 95 0 27 62 70 23 59 79 29 71 72 93 0 60 81 77 75 75 99 57 19 84 73 13 0 34 85 86 79 21 3 96 30 45 75 43 98 67 55 67 65 15 73 23 79 89 65 38 36 20 34 46 60 12 61 70 7 53 27 84 92 76 26 97 35 26 29 41 52 35 43 71 72 54 19 39 75
75 97 5 31 93 88 99 24 17 32 32 70 33 67 11 95 61 1 33 52 98 40 83 34 65 16 28 6 78 80 6 30 85 46 55 8 47 27 37 48 3 68 53 70 18 31 60 17 6 59 24 4 62 31 52 54 35 96 14 9 90 59 41 77 24 33 71 95 63 50 19 26 96 52 44 39 90 13 14 51 21 48 65 26 68 44 11 58 38 39 50 51 25 51 95 73 48 81 17 8 92 73 71 89 23 61 58 3 85 76 6 43 53 75 80 64 60 27 30 53 93 88 79 72 28 24 5 5
6 33 90 16 54 8 79 12 19 70 70 2 53 41 28 84 64 81 45 6 58 98 28 2 71 12 84 66 17 42 35 67 41 46 81 39 53 82 10 22 52 69 80 82 64 18 89 9 93 94 90 1 23 48 34 52 81 73 4 26 98 88 73 47 50 13 99 61 23 7 17 83 62 95 16 26 49 78 31 5 65 60 27 24 79 79 26 100 76 11 97 18 30 29 64 36 60 87 34 64 51 37 91 22 37 9 5 72 100 1 86 54 18 18 50 100 89 0 51 22 98 84 86 64 85 77 91 87
85 33 76 30 21 66 87 50 60 23 84 55 64 53 0 84 52 40 2 17 98 1 88 21 18 28 34 82 80 58 60 71 8 31 6 100 23 81 22 29 24 0 99 77 32 9 91 25 53 99 90 92 86 2 98 45 1 15 69 3 73 12 69 44 99 63 87 95 5 94 9 16 24 43 82 61 89 91 36 9 42 25 5 20 89 43 20 79 5 89 58 46 37 74 11 62 4 5 18 39 4 57 30 86 82 91 32 6 53 49 8 37 68 93 83 82 100 40 11 2 6 52 45 96 31 73 66 37
89 30 56 39 67 27 53 61 9 95 84 64 84 18 65 20 91 63 40 40 35 98 1 48 58 97 61 43 4 87 18 90 78 30 70 92 7 10 14 57 83 51 47 33 15 94 79 98 44 50 51 50 87 45 64 100 6 29 37 74 74 19 72 64 37 51 26 98 89 94 45 97 44 28 99 27 42 3 7 87 13 54 66 98 60 23 2 18 81 39 89 66 8 20 52 41 86 85 47 55 54 84 0 45 48 30 45 47 11 48 21 16 37 14 33 20 12 74 75 79 25 73 37 43 69 6 74 19
78 79 19 61 94 35 28 76 80 83 71 68 68 88 41 20 88 89 39 54 41 75 45 67 56 77 33 48 99 89 64 52 1 22 90 71 8 61 80 97 41 57 62 96 29 9 74 14 65 61 40 89 92 39 38 87 83 52 15 85 72 95 15 26 85 25 75 23 47 53 88 64 43 54 72 31 57 2 47 40 87 42 53 65 100 35 46 60 26 1 11 66 21 68 64 99 43 46 16 18 25 19 52 98 66 13 39 85 15 47 87 85 81 55 69 69 75 99 51 39 64 30 5 20 24 38 21 65
98 31 24 4 27 45 31 58 99 64 11 85 31 16 53 34 71 27 26 98 27 67 54 76 40 40 73 2 33 54 49 61 77 15 38 84 25 56 10 33 42 23 86 9 13 82 84 79 42 28 8 36 65 37 95 7 73 37 25 72 71 54 37 61 88 62 57 86 8 7 62 81 17 43 53 45 61 8 2 8 63 8 61 62 24 88 76 91 17 32 58 99 63 14 30 71 32 33 40 34 100 50 31 99 17 35 98 100 41 82 67 59 77 27 40 63 93 77 77 30 43 32 23 10 5 24 100 27
64 98 69 76 46 51 42 19 25 45 37 17 18 59 12 95 97 6 48 14 46 13 3 83 79 16 27 100 3 69 47 50 20 33 75 76 69 85 18 6 34 69 70 0 88 55 29 63 65 43 59 40 18 73 31 52 51 66 74 66 41 78 100 3 64 11 42 1 82 19 46 28 50 54 46 44 54 77 55 21 10 55 72 36 20 12 86 34 59 88 34 57 94 19 37 77 67 93 25 8 70 47 33 83 17 11 67 5 62 2 12 6 15 2 19 100 21 72 41 84 4 90 38 19 69 85 66 77
2 81 88 87 74 24 48 88 25 76 82 93 60 5 5 72 2 25 3 91 15 98 2 57 90 43 72 26 59 50 6 7 46 27 53 33 98 37 94 26 89 11 80 15 48 21 29 35 70 83 48 80 16 28 24 90 5 67 85 0 48 9 12 13 84 48 4 28 21 10 88 59 19 98 8 51 36 98 36 31 82 38 21 49 4 67 59 74 95 77 62 82 41 40 15 62 100 94 5 60 74 59 19 21 15 30 54 55 73 44 47 36 100 56 68 5 97 11 70 2 26 35 65 36 11 34 69 56
31 39 31 93 43 7 37 58 18 32 52 3 33 10 82 0 8 33 50 96 83 8 6 25 20 82 15 0 95 10 34 64 80 28 19 92 10 69 82 40 70 82 94 20 0 58 18 48 52 52 59 67 33 69 78 91 15 97 43 55 9 20 49 36 14 87 66 40 54 19 91 91 78 87 23 6 70 58 85 94 91 63 3 81 84 29 21 7 18 34 77 30 28 26 72 68 29 5 77 90 54 19 36 48 53 35 35 44 91 57 53 19 100 85 72 48 30 20 10 57 98 35 63 87 31 16 98 34
68 26 62 72 57 17 11 83 87 31 65 49 94 61 74 67 38 13 37 27 50 74 43 59 91 69 32 17 17 22 52 21 34 26 54 73 6 29 13 51 51 73 75 55 80 87 0 99 74 34 0 59 47 71 80 20 94 21 59 57 28 40 70 93 97 67 98 36 73 46 3 61 65 14 99 46 77 10 63 99 17 85 8 8 91 68 98 77 22 82 69 25 33 22 32 45 17 51 68 25 84 74 74 16 34 40 21 28 82 39 30 48 24 22 82 76 1 53 19 70 66 43 3 32 57 100 1 37
45 9 59 94 48 7 44 100 53 48 83 78 33 74 47 70 21 63 80 9 73 58 60 97 7 94 1 17 35 84 49 7 86 86 37 26 83 34 83 41 28 22 42 97 19 80 4 49 43 76 81 97 4 59 19 60 98 32 72 95 83 27 37 2 22 30 56 41 100 75 39 54 52 8 42 38 28 4 46 92 98 40 59 12 0 37 59 86 71 0 15 22 19 98 33 88 31 20 77 28 97 79 46 54 37 11 30 52 49 66 7 28 1 88 12 91 19 95 84 79 13 9 4 78 9 46 47 68
18 19 56 61 8 100 68 87 31 32 14 91 12 96 22 74 45 11 91 77 17 64 50 6 5 17 43 65 58 85 100 67 94 67 18 73 26 59 71 33 59 96 4 70 73 86 67 17 27 98 41 76 44 0 77 31 11 28 90 20 26 96 74 5 81 41 18 23 46 76 58 55 19 41 93 60 78 50 39 32 24 49 11 13 69 9 79 96 14 17 89 86 64 13 9 79 51 85 10 95 82 3 82 57 96 82 23 63 5 60 34 66 24 68 82 88 54 22 4 89 70 37 71 50 95 41 1 96
48 30 9 89 51 90 19 86 62 53 22 16 83 37 95 37 98 36 21 9 92 62 66 40 63 55 55 52 19 41 50 50 0 67 26 77 44 72 0 43 12 32 32 90 46 67 89 41 64 82 58 97 30 42 40 55 22 1 54 59 10 19 14 25 72 66 88 94 6 5 93 43 100 85 94 73 53 19 66 82 97 4 26 85 89 81 54 79 35 88 20 97 18 54 9 61 56 81 15 74 46 93 9 45 6 36 37 53 93 23 1 96 59 34 14 32 26 40 87 0 89 58 94 67 69 95 18 51
40 46 3 70 3 2 71 93 0 85 24 88 88 31 21 1 9 10 26 73 72 24 78 23 43 21 14 43 44 24 74 40 19 6 61 86 90 69 18 41 11 32 94 65 59 61 20 58 36 17 87 24 42 4 25 8 64 48 82 49 16 26 54 53 13 88 63 81 26 72 98 81 94 54 64 89 16 80 20 98 98 55 39 90 19 59 23 45 91 76 9 94 34 95 53 47 62 94 17 30 7 68 43 85 12 25 30 94 12 97 90 36 61 57 73 33 7 78 22 98 28 53 55 82 96 38 61 79
95 78 84 55 38 36 72 50 85 22 95 81 52 76 39 78 36 16 39 63 32 58 89 81 73 84 15 77 71 93 24 43 41 80 76 37 94 38 86 73 43 33 91 76 3 84 81 70 22 84 87 44 74 18 30 48 94 51 64 51 82 33 76 77 88 25 5 41 19 99 68 38 9 24 93 22 30 90 89 90 41 15 97 89 13 71 54 32 89 39 88 80 96 29 13 91 70 36 25 62 55 23 1 82 76 82 41 83 89 34 27 13 48 21 2 82 45 24 11 6 93 64 31 54 77 57 18 96
13 30 30 93 98 82 79 71 91 95 37 20 48 92 53 12 33 99 3 75 37 1 25 93 89 43 72 12 52 61 86 43 80 66 69 35 21 91 27 86 73 32 27 14 9 58 77 33 36 2 0 89 25 53 56 66 75 67 71 53 64 13 99 1 20 14 13 0 38 58 97 50 79 52 22 20 16 30 65 76 46 21 60 48 13 93 26 62 5 75 27 95 46 8 41 63 77 0 99 64 47 63 65 5 26 67 99 48 96 96 6 50 84 43 61 25 58 91 51 17 14 80 30 93 48 24 93 87
16 81 58 66 93 34 35 61 67 83 52 22 19 23 55 1 36 45 47 82 40 91 54 20 49 16 21 99 44 98 61 27 51 83 28 57 39 62 56 50 22 28 16 52 34 12 93 46 6 78 54 57 97 53 56 49 86 69 91 42 65 91 30 76 93 22 54 20 33 70 25 7 67 81 37 46 15 45 9 39 82 7 4 15 47 46 23 64 24 5 7 58 48 33 81 90 53 8 86 11 5 27 56 77 3 56 24 86 85 14 73 27 16 83 90 43 96 77 18 45 61 49 59 95 3 33 20 54
13 98 21 39 59 49 93 42 53 70 40 1 79 74 42 90 3 1 14 72 73 27 4 61 8 82 95 86 73 22 24 9 84 65 31 93 71 8 54 86 45 10 45 91 97 87 72 43 23 57 23 78 56 66 61 37 98 33 92 20 29 41 91 49 51 62 69 82 44 36 31 81 50 31 48 42 19 96 30 57 83 26 96 22 87 35 83 68 17 57 83 41 78 93 26 98 20 22 61 96 41 29 31 96 70 88 32 9 46 97 9 37 30 32 20 21 4 3 90 18 51 61 29 21 60 60 59 80
56 20 50 59 58 11 99 47 57 16 6 45 37 100 73 90 30 87 40 90 80 40 85 72 34 70 83 96 91 39 44 91 97 16 81 16 64 40 65 87 41 68 15 62 67 88 7 14 15 71 77 27 25 46 93 11 84 55 2 68 70 26 95 58 84 11 9 53 67 70 78 75 59 82 47 83 96 33 41 84 57 93 54 97 77 41 50 59 24 12 94 77 56 90 72 82 0 97 25 63 16 88 100 62 24 77 37 14 72 54 56 76 50 92 73 91 51 48 99 67 28 69 92 69 85 33 37 49
76 10 86 33 34 37 15 71 29 86 30 53 25 13 86 39 91 76 15 14 6 21 73 66 80 69 10 96 43 69 65 11 45 22 44 69 80 21 7 73 66 45 45 3 98 95 29 69 27 51 39 26 81 14 90 51 39 61 7 24 31 90 8 91 70 61 9 31 10 27 38 60 26 47 57 36 16 98 9 13 31 5 95 100 31 24 29 70 91 56 92 65 8 13 68 86 18 62 77 27 8 19 6 33 39 63 18 91 48 1 0 35 93 54 28 33 87 4 16 19 10 95 5 79 89 29 11 39
68 65 54 35 78 34 7 67 46 87 34 10 98 47 86 28 18 86 95 24 33 58 65 95 33 80 6 45 25 50 28 11 32 69 52 88 59 70 34 88 8 17 38 1 50 25 50 52 64 16 66 21 82 64 23 93 14 25 85 27 84 58 32 72 56 28 84 18 94 9 14 86 65 67 61 84 88 81 14 70 99 91 26 67 62 21 6 72 90 59 89 80 26 66 71 33 56 3 48 72 3 14 89 50 15 97 96 96 85 89 59 58 73 57 67 60 75 52 44 18 97 86 80 46 91 41 17 12
64 0 27 46 51 72 25 69 83 90 19 31 54 86 62 52 50 15 28 82 35 26 33 43 60 66 36 27 13 34 95 87 86 56 74 54 47 52 48 85 4 46 86 27 92 30 28 76 3 49 10 57 94 19 17 89 34 55 12 86 83 5 24 21 32 39 35 93 6 63 21 49 10 48 72 82 11 25 96 29 93 21 59 51 36 9 69 98 92 30 47 43 94 99 66 51 59 47 10 28 23 95 27 27 54 19 26 27 46 69 65 61 51 59 33 17 86 87 27 88 15 63 69 19 9 8 55 71
16 68 71 28 88 9 63 80 63 78 71 98 36 98 77 40 68 72 69 33 38 66 75 22 12 99 39 63 60 87 62 49 38 11 48 0 24 53 88 18 82 22 73 15 87 63 81 3 43 49 60 47 22 74 3 95 8 71 0 87 0 86 84 47 11 16 90 84 5 36 9 74 33 53 73 47 11 93 10 77 67 64 5 28 9 79 56 30 45 90 28 0 17 75 51 22 81 73 41 12 53 14 2 7 0 45 48 67 40 61 58 96 13 28 76 92 22 90 46 46 33 99 82 18 60 49 10 48
36 35 73 63 82 67 39 30 66 94 27 67 23 70 19 41 52 12 39 17 24 4 1 55 15 38 1 16 50 86 52 12 69 13 92 48 65 74 20 3 68 20 79 71 62 8 4 79 40 79 41 53 36 85 41 60 75 54 65 38 53 1 72 99 41 53 30 48 40 91 49 13 50 10 15 20 95 28 16 32 75 96 83 71 51 88 46 99 23 62 85 95 90 4 94 15 64 65 60 70 72 95 11 57 28 43 8 16 16 17 66 35 76 20 50 51 87 89 34 74 70 38 16 34 82 27 10 67
44 2 47 32 88 51 56 3 42 23 50 78 93 4 91 86 48 61 36 9 14 26 23 71 1 58 24 0 37 22 29 52 85 64 63 82 1 95 85 69 40 9 15 36 66 54 99 47 27 82 90 53 33 76 67 55 43 98 94 8 26 95 68 62 84 33 71 74 84 92 17 97 72 67 62 84 82 91 28 8 78 17 85 23 37 3 45 28 66 86 74 4 13 7 11 70 82 24 35 78 48 52 86 52 77 54 42 40 28 23 96 68 5 27 87 21 36 91 98 28 5 43 28 71 67 53 71 64
44 86 41 16 78 60 80 93 54 12 56 93 49 52 21 73 19 93 33 23 8 5 72 93 95 49 93 54 30 64 23 63 30 43 39 58 50 10 22 53 32 73 29 42 95 81 47 43 89 99 83 88 31 32 86 61 76 55 19 100 7 22 81 79 57 83 92 89 59 8 18 58 77 68 15 91 1 22 0 32 60 41 50 41 83 32 5 73 93 28 50 19 63 15 32 25 19 23 16 92 95 35 17 3 2 40 34 77 94 61 14 88 56 63 30 91 14 54 34 77 29 12 2 89 86 10 89 11
38 29 34 75 40 11 66 57 58 46 64 73 16 77 28 97 92 49 51 58 35 70 49 99 22 43 44 11 63 53 11 84 99 59 79 47 7 98 87 89 14 87 72 76 61 37 41 58 3 77 48 29 100 37 20 24 32 55 89 22 76 83 13 41 47 81 40 68 65 83 4 29 91 43 28 51 49 77 17 1 73 32 31 97 69 82 79 98 82 5 46 82 16 67 40 7 15 15 74 12 39 87 5 83 52 65 92 4 89 7 9 49 87 10 6 85 48 77 56 43 13 93 22 42 52 27 23 10
1 24 78 85 3 11 77 78 45 31 52 49 3 89 1 1 59 86 26 32 57 67 85 76 90 94 43 49 46 42 42 19 78 25 30 71 10 7 70 33 38 73 68 53 45 65 100 51 27 62 28 93 85 33 33 49 12 51 64 36 2 81 7 14 55 8 71 41 43 93 93 25 33 84 35 94 86 20 77 15 10 98 66 60 36 99 33 7 12 60 65 58 81 10 2 89 76 54 68 68 46 78 81 45 44 42 52 22 9 37 69 59 70 36 94 76 70 37 5 10 30 99 71 22 15 39 19 45
30 26 95 47 35 84 98 87 57 50 2 63 96 79 20 8 69 54 50 30 59 31 52 43 62 22 12 86 6 25 88 64 62 48 65 43 67 38 55 20 50 9 54 99 68 2 53 82 2 74 22 6 37 59 80 55 68 38 93 56 7 31 31 94 41 35 79 100 70 51 21 73 94 29 59 86 63 30 44 89 22 98 82 64 11 96 78 72 78 14 94 49 88 0 16 77 86 43 50 12 12 72 57 86 78 54 10 21 2 51 1 2 1 76 94 87 83 58 46 33 57 24 3 96 90 52 93 43
83 29 86 29 35 72 65 85 59 35 37 77 51 78 41 2 61 52 0 4 10 15 59 83 72 2 39 97 70 35 95 61 28 38 49 13 80 96 65 87 65 53 13 80 74 82 30 66 68 22 51 23 13 43 92 35 82 33 81 27 21 19 36 93 68 100 36 72 82 37 0 97 77 80 77 94 17 63 76 83 94 64 62 50 73 88 14 11 30 82 28 63 18 65 67 74 18 49 67 7 64 59 50 65 80 100 97 58 56 77 98 29 84 79 99 99 23 69 10 4 94 63 51 47 85 50 50 31
96 93 31 37 29 34 76 2 24 59 51 46 61 98 86 27 50 40 51 20 97 87 96 87 35 9 11 82 68 76 72 94 83 29 13 39 13 61 55 99 48 81 47 18 1 58 14 29 38 60 94 57 27 8 0 11 13 57 24 0 53 3 5 6 11 22 98 28 9 65 66 48 83 82 61 71 1 15 96 95 53 46 84 42 77 22 89 91 24 87 90 88 40 1 76 64 48 83 65 58 17 54 64 99 83 7 76 30 97 69 71 15 64 93 28 94 52 74 24 41 35 18 53 51 92 83 8 24
23 45 60 24 98 14 85 92 5 44 16 26 45 20 60 38 33 22 1 62 76 98 93 22 59 70 20 78 54 90 78 73 4 25 18 26 50 22 27 0 59 45 43 66 75 84 59 70 82 26 98 60 52 67 91 58 8 18 17 69 7 48 12 29 76 91 36 22 34 14 99 92 82 74 78 85 45 25 28 81 53 64 22 18 18 80 10 10 97 76 82 100 23 14 94 8 62 53 26 55 39 96 81 80 65 22 17 83 86 39 19 19 52 80 36 29 52 51 93 40 22 25 65 49 57 73 16 87
88 45 23 99 4 35 83 13 18 82 20 79 83 74 5 63 72 60 87 38 78 80 71 88 86 73 61 61 44 57 74 96 92 17 68 67 22 43 54 84 27 85 13 2 64 97 44 44 34 35 38 27 47 53 82 61 77 63 84 13 56 82 34 16 70 41 78 100 49 96 81 32 26 68 61 70 46 72 73 11 83 52 21 21 59 37 7 61 11 70 1 71 11 75 80 65 3 11 37 82 74 43 76 6 3 84 67 79 78 21 10 37 60 66 7 43 57 18 17 7 13 94 24 86 1 46 72 20
