89 37 78 83 60 10 25 91 41 41 65 81 17 87 76 90 13 59 77 23 11 79 85 63 74 82 13 82 7 68 57 24 68 18 84 41 28 68 65 62 21 82 60 32 35 35 51 41 89 63 50 62 52 62 18 92 59 32 5 78 90 74 33 37 10 86 1 11 40 69 31 16 100 81 68 10 65 76 21 10 28 33 60 72 54 2 92 63 79 68 77 50 57 34 80 48 55 8 80 84 24 22 6 6 23 25 71 44 49 36 26 22 57 89 53 93 44 46 48 1 62 98 92 82 25 11 71 17
19 50 99 42 18 48 30 29 32 47 39 24 15 75 66 72 14 41 46 51 74 1 49 10 70 25 5 20 4 98 34 94 8 6 46 62 91 47 40 73 93 83 5 83 13 21 96 76 90 43 54 32 88 43 31 66 87 56 94 89 40 67 63 36 15 100 49 75 46 38 0 95 82 20 70 9 14 20 8 11 36 59 19 22 32 45 26 26 41 82 95 42 73 76 62 26 39 40 79 21 73 18 89 18 87 11 89 37 33 34 52 40 0 21 79 70 98 96 9 62 72 84 78 41 78 79 41 6
93 19 24 54 25 90 20 55 58 74 61 68 40 56 12 82 60 41 65 96 53 0 70 81 31 18 7 98 47 29 71 14 59 60 67 17 69 5 7 9 10 16 66 66 26 29 84 45 12 10 16 28 73 72 80 26 78 98 82 70 100 21 83 4 16 3 6 28 14 23 22 18 39 29 30 90 28 82 86 4 42 56 49 78 70 68 18 72 57 100 99 39 93 26 74 9 100 92 61 4 85 5 18 68 30 27 85 65 45 47 29 33 27 86 79 98 95 85 90 35 79 20 87 94 56 63 88 46
34 41 16 68 71 62 39 40 35 58 75 20 6 94 24 16 6 19 97 95 41 82 5 78 85 59 73 93 5 30 22 28 6 19 10 81 53 6 70 48 17 0 73 0 2 16 40 26 12 43 63 33 16 66 50 78 7 31 82 47 8 82 60 62 7 51 51 40 80 88 14 92 68 53 64 51 66 51 76 38 24 86 93 31 87 94 86 57 56 21 63 8 88 48 89 47 80 51 16 27 76 73 53 73 78 19 76 28 15 84 18 70 62 15 57 69 46 34 6 88 26 70 58 1 18 46 41 61
2 57 96 14 44 62 91 27 90 49 49 36 50 36 100 39 69 94 8 59 11 0 22 8 70 64 99 45 70 33 91 73 81 56 83 4 58 29 45 90 7 42 48 39 75 99 58 13 30 84 87 8 54 92 7 33 90 15 28 74 56 45 71 20 40 76 42 84 60 30 69 2 12 74 43 70 39 62 83 59 46 43 87 66 31 63 30 58 59 58 41 11 44 49 20 16 92 45 24 10 68 96 75 24 8 50 6 63 43 94 39 67 41 14 71 79 34 74 27 0 67 68 31 94 70 15 38 68
2 69 86 87 96 92 88 21 4 55 12 21 91 53 79 13 35 24 13 4 14 29 47 4 91 18 97 60 38 95 82 77 71 21 98 94 19 46 48 54 96 52 76 67 8 52 83 76 8 52 16 75 70 98 47 36 20 42 29 36 10 93 93 49 68 83 27 14 48 89 96 77 44 20 37 53 8 44 76 4 65 40 94 31 83 98 58 21 22 52 71 82 93 47 43 9 27 54 61 21 14 35 3 76 96 77 18 43 59 4 61 13 91 39 96 29 73 89 96 5 42 72 75 35 55 91 76 67
98 20 15 45 34 90 43 45 28 91 23 10 96 33 24 82 42 59 36 72 42 90 84 16 54 63 99 17 19 34 87 83 31 31 85 81 15 76 14 33 35 63 37 19 62 81 2 50 33 95 53 42 98 82 82 89 18 49 22 65 77 61 51 61 55 59 40 40 74 0 45 39 42 25 11 99 42 100 13 27 77 51 8 13 35 67 27 55 41 52 44 99 100 68 80 66 35 29 100 69 65 41 61 33 57 70 18 31 17 54 86 59 35 47 99 36 2 38 51 29 19 81 67 6 22 60 90 98
82 11 52 57 21 96 53 95 22 33 41 73 34 81 84 69 23 87 15 54 86 83 4 68 20 36 55 78 23 95 39 70 99 11 55 35 39 94 52 19 61 79 82 84 17 80 30 98 46 33 37 62 77 89 64 73 41 40 86 7 97 32 78 69 92 56 75 98 36 7 98 33 70 69 36 45 48 63 26 84 61 97 96 77 34 88 76 21 6 33 74 88 100 80 89 52 98 43 15 90 92 77 46 78 31 26 81 75 57 87 36 37 11 81 39 6 20 1 44 31 46 46 56 72 20 47 52 96
100 83 42 39 30 82 15 1 70 28 61 86 14 82 70 27 49 15 81 48 67 91 32 80 9 30 77 21 88 10 69 44 98 14 5 66 84 56 26 58 33 54 96 5 38 1 26 58 56 51 89 90 86 9 1 75 27 62 75 67 4 73 61 13 36 7 89 27 23 82 44 15 86 27 85 44 64 99 70 91 92 94 85 76 35 21 69 25 8 14 0 38 53 60 80 30 46 0 87 10 83 92 31 94 88 88 20 87 99 22 39 61 80 47 74 77 7 65 62 48 23 91 34 25 21 1 16 19
86 31 10 63 42 89 57 86 24 46 51 74 73 75 13 72 77 92 11 23 100 5 95 32 17 100 34 62 11 73 47 98 92 37 22 65 40 1 83 9 50 77 40 33 68 90 84 11 53 35 44 0 31 79 79 41 6 92 88 9 94 99 67 49 59 43 2 10 17 95 11 44 54 93 70 31 90 38 84 19 19 38 85 21 98 43 52 6 82 36 27 3 7 54 39 4 68 93 1 32 74 49 39 22 72 53 62 85 74 17 50 74 68 37 58 88 23 61 76 92 49 57 41 93 52 77 73 37
9 58 33 64 75 54 76 82 83 95 59 19 69 75 20 60 24 46 15 28 45 32 79 14 56 50 63 79 77 29 85 100 22 67 19 47 62 52 66 2 92 88 85 55 89 76 83 32 14 65 22 61 48 76 10 38 85 82 5 7 40 70 24 6 57 73 4 11 80 86 47 68 59 84 87 70 12 42 2 17 43 18 79 26 14 2 76 64 19 44 54 43 32 17 12 52 54 75 90 62 41 26 6 20 84 98 41 98 83 70 3 45 49 36 85 22 66 67 33 6 67 55 67 78 21 53 69 19
90 17 38 14 77 46 70 63 34 34 39 35 49 45 21 25 85 45 96 0 84 85 51 20 36 82 64 96 83 14 10 17 59 65 4 60 21 75 4 95 32 91 48 76 50 45 7 15 55 23 29 67 90 24 97 43 79 45 26 13 35 62 47 11 65 66 56 20 18 20 3 57 15 100 7 90 1 34 82 100 92 64 30 13 73 93 9 42 18 6 85 31 3 7 57 13 79 53 63 95 62 14 25 51 26 86 6 74 22 13 33 94 91 45 50 51 35 33 72 23 74 78 53 98 84 38 98 29
69 0 11 97 55 99 87 65 39 29 33 4 42 95 26 96 69 38 52 39 1 18 7 6 75 43 9 22 35 48 25 76 38 86 84 87 75 18 64 26 51 38 97 55 68 38 4 99 1 80 63 21 27 55 72 99 69 36 37 30 9 27 51 80 63 71 92 23 15 62 26 51 44 97 89 29 75 32 51 3 4 31 53 53 47 50 65 96 88 63 62 96 5 84 65 46 6 96 48 46 45 52 41 7 7 86 27 21 21 15 91 5 91 27 96 35 29 21 79 19 35 19 64 27 64 4 12 48
62 81 29 45 73 72 42 73 67 61 0 88 48 77 46 17 52 39 88 80 20 97 30 78 9 8 14 58 45 74 92 13 81 49 65 22 22 41 36 15 11 82 85 83 42 45 62 18 73 42 82 72 6 5 26 3 7 30 81 54 31 28 74 37 26 26 90 13 18 36 75 22 55 42 77 74 52 15 96 83 70 49 80 71 33 50 14 74 61 38 2 26 93 8 82 52 72 50 27 2 23 20 31 68 97 59 27 80 58 85 33 1 31 19 5 36 35 97 4 6 60 87 90 71 19 81 50 63
30 0 100 54 40 20 43 85 17 77 54 99 7 86 73 83 84 14 76 33 96 24 72 17 41 99 65 2 24 81 84 77 33 69 63 48 3 14 91 43 70 83 55 55 66 9 3 74 24 3 75 54 47 88 60 6 63 82 97 83 99 71 67 13 0 82 45 28 7 94 40 33 87 97 38 100 89 88 83 31 42 35 67 57 1 40 45 12 9 92 35 50 45 80 93 32 60 30 73 16 82 10 60 24 95 98 54 65 63 24 12 54 86 23 14 23 59 33 20 59 12 52 18 38 3 24 85 94
64 52 27 49 9 26 37 33 55 41 68 42 92 94 75 83 67 88 97 62 6 77 41 6 81 25 99 26 39 14 9 70 44 93 31 5 24 17 94 15 92 65 78 7 72 59 35 41 22 23 29 63 66 52 37 62 68 61 85 56 100 70 39 100 11 41 68 93 84 47 32 56 54 90 2 10 37 46 76 37 52 81 62 39 98 75 80 61 53 33 71 70 37 94 38 13 49 22 80 94 88 23 34 3 80 19 48 75 45 74 22 77 63 13 7 46 54 7 35 66 61 1 32 82 26 82 78 14
56 92 52 98 39 30 36 4 31 17 42 24 97 47 77 35 69 36 41 18 88 69 25 15 58 43 33 15 84 98 95 20 16 19 37 36 54 73 28 20 24 96 16 32 74 2 71 72 65 46 3 29 10 88 2 19 93 44 49 94 14 80 85 33 48 84 88 25 70 32 1 35 59 11 61 49 5 10 89 10 15 63 76 56 70 11 57 35 37 41 35 3 61 78 78 69 90 42 78 21 18 36 19 58 22 4 82 60 17 4 55 89 88 55 59 7 84 35 52 26 50 49 87 76 82 92 34 78
50 89 56 12 22 30 100 37 88 14 42 93 41 66 47 5 67 59 16 21 57 51 9 96 37 30 73 41 99 73 38 99 75 85 94 54 83 76 48 46 44 2 1 45 53 30 12 14 49 81 97 57 15 51 69 47 93 62 60 73 100 97 0 64 71 75 26 46 33 43 90 74 3 89 2 68 21 58 44 38 13 95 52 99 94 78 61 79 10 40 10 63 54 93 98 12 47 48 90 87 21 30 63 21 61 89 28 3 27 85 89 64 10 22 100 7 81 67 84 2 15 51 73 85 8 80 22 7
86 43 92 97 78 83 87 75 3 39 36 41 28 74 21 100 58 35 44 94 8 78 27 4 23 5 11 38 35 26 98 74 55 5 64 23 54 64 99 47 72 89 0 95 21 81 9 35 21 17 16 35 1 36 39 92 53 79 98 0 60 54 70 72 22 52 97 15 86 63 82 27 100 34 24 72 92 87 52 41 71 7 2 84 5 2 100 50 5 54 3 55 31 96 71 19 82 88 12 40 75 97 10 36 47 36 98 57 85 47 39 61 86 76 56 50 8 56 43 48 62 93 23 8 20 95 57 21
37 67 58 14 13 66 84 22 8 42 96 85 34 68 50 52 39 38 0 38 74 4 17 93 11 75 67 8 87 58 42 75 71 32 67 64 26 44 67 59 42 45 82 71 18 37 40 48 91 9 48 6 33 72 90 69 35 78 49 18 33 89 87 58 76 72 8 44 6 31 30 92 45 66 23 90 32 16 68 100 68 2 8 27 58 50 61 15 49 19 46 28 78 39 10 53 97 18 80 46 52 62 63 43 55 98 38 82 23 85 46 11 86 83 18 45 57 89 26 61 74 33 49 52 67 6 88 20
34 33 36 98 56 11 13 73 92 68 65 2 11 15 56 54 50 47 19 81 87 52 74 99 28 84 55 28 44 48 5 47 37 65 78 24 60 63 2 65 56 71 94 43 3 62 35 33 1 24 28 80 51 20 25 18 16 74 16 48 28 8 72 5 8 60 6 31 8 40 3 63 74 18 42 85 61 52 12 44 50 26 97 19 88 52 0 40 39 33 69 43 42 69 19 86 73 51 100 81 49 57 59 36 98 15 9 58 96 88 25 10 42 97 76 24 39 52 69 79 95 23 9 4 61 1 87 82
66 56 57 56 43 5 95 98 49 71 0 77 11 53 21 38 54 1 57 2 74 42 65 1 13 29 87 28 97 86 7 74 71 63 99 22 58 72 73 79 23 89 23 4 87 64 27 98 84 89 45 34 28 8 67 27 75 66 50 63 77 24 95 32 83 25 69 75 62 70 76 25 97 62 69 59 62 19 21 45 40 62 34 100 72 69 25 43 57 5 35 81 0 93 11 94 26 0 94 49 9 83 65 23 100 18 51 25 32 71 24 40 24 40 92 42 83 30 63 64 70 21 47 7 39 88 2 82
62 43 6 85 19 56 62 69 59 32 5 33 13 17 100 76 11 78 38 24 20 63 94 50 26 45 11 25 21 71 71 68 41 36 27 54 48 20 81 5 38 90 79 75 53 89 42 31 26 76 76 91 37 28 1 58 27 83 17 28 71 13 25 53 57 11 12 7 61 19 79 45 46 82 72 97 10 26 2 35 16 71 6 61 23 29 49 22 45 40 77 48 16 45 32 42 78 6 63 48 58 43 24 81 79 25 50 88 5 41 8 28 20 54 65 17 25 7 46 33 93 74 92 67 26 56 6 17
38 10 60 34 33 51 15 50 29 38 100 47 20 13 47 28 64 78 49 7 60 98 6 83 30 17 13 1 83 78 77 30 83 88 95 68 88 31 17 100 28 18 80 78 28 64 46 62 93 83 54 96 39 3 36 37 81 0 80 7 82 21 56 31 98 76 32 8 13 69 89 25 24 96 40 1 68 66 20 36 93 78 47 24 55 24 44 46 21 49 33 89 67 15 46 82 99 73 62 86 23 8 83 78 24 0 15 57 59 0 45 71 45 46 9 76 77 62 85 77 51 98 30 60 94 79 22 35
4 30 55 22 61 33 78 56 40 68 89 53 22 80 0 8 40 71 13 28 40 94 55 18 31 62 20 80 25 91 52 74 34 63 70 70 87 89 51 19 96 89 72 15 3 88 71 87 63 48 77 82 17 20 19 76 38 25 17 39 31 25 85 42 22 8 99 10 70 55 10 61 44 4 82 7 48 12 46 16 94 20 10 51 41 73 62 76 87 68 54 53 79 20 19 34 25 58 30 43 68 82 68 69 6 37 43 58 65 3 24 91 20 76 13 57 16 36 31 87 35 31 10 36 22 12 39 52
15 45 57 37 3 61 77 73 91 3 2 86 84 53 33 35 72 83 61 21 17 94 13 83 27 82 70 25 99 30 84 80 90 2 59 98 35 48 11 54 31 33 53 36 66 65 63 53 77 68 39 52 68 58 95 100 46 37 45 76 9 100 38 92 13 78 32 3 91 56 68 38 75 70 65 16 5 89 87 45 100 31 45 8 41 57 86 91 70 40 32 8 78 65 10 87 2 21 68 60 85 65 15 50 54 1 54 36 23 29 80 96 89 97 20 87 16 65 73 76 50 82 77 36 32 93 32 45
7 20 33 82 82 5 69 52 75 48 98 18 49 99 42 60 1 73 96 84 15 66 96 32 17 40 80 59 92 60 47 53 5 87 11 29 35 27 42 78 57 16 87 85 58 41 74 55 20 80 71 84 98 91 17 2 5 50 38 25 44 83 56 77 61 50 39 44 31 72 87 81 89 66 85 75 33 64 26 51 94 53 53 16 33 84 84 78 76 67 46 13 27 75 55 13 28 36 100 97 24 26 84 49 70 19 99 99 53 80 76 30 16 48 54 85 72 12 55 7 97 40 72 52 75 36 51 12
86 93 20 79 66 20 23 34 29 11 59 3 62 13 66 21 30 20 68 52 20 9 12 75 14 17 21 60 91 78 49 51 81 21 90 92 92 7 22 78 6 52 94 69 75 30 75 24 59 41 3 33 48 88 42 70 18 81 74 55 60 78 43 10 75 0 12 31 13 44 16 14 5 97 65 11 26 20 20 81 39 86 73 88 4 21 64 90 62 18 24 22 85 30 49 66 96 10 49 88 88 95 79 15 3 55 26 23 88 8 24 8 49 94 100 7 64 100 66 81 45 0 43 82 60 71 6 60
94 16 25 10 64 40 6 3 7 52 70 82 30 91 6 72 26 35 76 6 12 44 22 31 21 56 14 77 72 21 92 3 67 52 69 99 77 0 54 74 68 18 1 68 22 51 49 51 57 46 11 82 96 7 11 38 62 74 70 71 3 13 62 72 96 33 69 43 79 29 17 23 35 6 35 81 5 17 48 90 23 5 6 100 50 64 89 71 82 85 84 94 30 100 75 68 9 98 72 2 24 30 1 12 0 64 54 28 5 24 73 64 83 13 96 85 53 40 21 25 85 71 76 56 55 70 89 94
97 13 70 96 60 10 43 46 95 98 17 90 89 49 49 65 40 13 0 48 90 16 50 55 12 75 7 32 69 62 17 71 49 46 11 57 56 46 80 79 63 8 67 43 15 26 6 44 54 12 13 4 8 33 74 52 4 15 48 89 10 81 42 75 42 94 21 82 54 62 79 70 90 2 57 68 83 60 95 30 1 81 25 34 98 92 35 7 97 63 100 99 97 68 84 32 96 15 29 99 92 87 40 8 12 37 69 85 90 52 92 76 9 47 82 98 7 3 58 89 64 24 31 25 78 15 18 77
95 90 83 29 33 19 59 44 20 61 59 65 90 35 78 50 79 46 13 69 67 30 9 92 40 22 40 28 27 7 31 71 87 74 1 45 18 79 1 20 59 44 60 8 36 78 74 52 41 22 41 81 11 4 37 20 81 45 10 6 95 97 12 83 86 19 78 43 13 87 71 25 30 97 34 65 86 27 77 43 44 47 75 21 36 12 10 61 55 98 10 60 28 71 16 26 10 60 19 84 82 44 51 31 75 89 100 87 56 70 60 28 99 76 91 85 63 84 76 63 38 15 51 58 90 66 5 89
25 52 44 20 57 1 41 94 28 52 62 20 36 21 1 59 86 40 9 64 100 77 56 5 86 21 13 62 39 31 22 99 62 61 14 84 69 58 70 68 9 91 53 73 33 27 79 91 42 77 75 67 43 51 87 39 68 10 71 83 47 35 42 69 98 21 48 95 3 25 35 87 10 61 15 43 23 41 92 50 81 0 41 13 79 88 37 19 72 68 18 27 43 62 20 20 54 88 19 1 86 8 17 62 16 66 54 91 47 4 86 31 37 42 62 14 20 94 2 6 49 94 92 17 91 90 30 12
19 21 87 3 59 98 90 67 0 98 6 20 74 69 71 67 22 65 10 67 48 3 71 31 65 21 30 22 32 74 81 17 55 33 85 78 92 37 3 52 8 42 37 80 77 65 4 64 88 46 17 71 57 90 75 18 72 10 95 39 61 62 69 8 93 0 80 47 42 73 67 40 54 37 60 92 10 30 36 43 11 39 59 88 92 99 11 21 3 5 91 52 29 77 44 21 16 99 84 94 55 12 97 57 42 37 86 30 96 96 22 46 12 27 68 93 6 36 36 3 63 55 26 36 50 23 66 28
5 14 63 42 86 24 68 2 56 87 83 51 87 65 96 12 70 32 70 95 40 44 50 1 44 44 62 3 69 73 54 19 58 36 80 54 10 25 7 94 23 0 13 16 60 9 75 21 31 80 25 24 42 89 41 39 96 16 100 70 97 67 16 100 40 96 93 29 41 33 71 47 0 91 12 66 62 30 100 75 83 46 75 26 18 47 16 16 93 38 4 92 39 32 80 88 18 87 17 52 27 43 79 38 73 2 65 14 52 36 94 78 54 72 27 72 34 65 42 86 58 23 85 90 33 82 66 69
89 28 53 6 59 39 27 26 73 55 37 99 89 18 35 26 87 19 7 86 29 83 56 4 14 37 86 80 41 99 63 81 51 13 68 73 17 57 59 57 82 94 73 51 89 45 9 51 57 26 83 27 58 3 58 75 56 15 28 49 38 26 11 57 10 67 83 60 40 83 82 4 50 24 68 16 95 14 75 82 69 6 90 19 80 53 48 53 16 7 5 51 15 23 57 25 27 18 43 48 90 80 36 18 94 46 83 73 45 94 45 96 80 19 100 24 64 87 29 24 62 99 22 37 29 49 47 43
32 23 29 44 40 38 54 77 26 100 69 88 25 60 83 50 75 41 11 41 90 94 37 39 41 17 87 7 92 15 25 53 49 93 21 0 70 19 97 8 13 24 59 77 80 53 7 69 24 13 3 50 26 42 96 49 29 65 47 73 61 74 42 33 19 9 94 93 98 3 79 68 5 60 12 42 11 94 84 9 84 92 27 39 63 88 30 4 29 53 52 26 56 93 27 78 100 18 6 85 6 55 11 93 32 16 88 98 77 50 28 58 4 71 59 82 100 57 10 20 32 4 88 27 44 45 78 96
98 36 64 21 59 88 63 31 69 63 66 88 94 39 52 99 35 43 14 35 82 29 82 75 36 58 64 72 19 17 5 84 44 66 83 15 10 91 39 44 94 85 6 18 86 75 70 42 86 67 67 12 56 61 66 96 59 71 21 64 20 27 5 12 37 5 16 18 54 14 12 38 88 54 24 52 71 17 30 38 88 71 31 49 22 7 4 57 74 94 16 74 6 28 17 14 26 16 13 59 79 55 2 26 67 44 88 80 50 100 21 39 23 28 32 9 51 51 53 29 36 75 26 8 66 28 32 63
27 63 28 99 6 60 77 93 9 12 80 20 10 92 33 79 1 7 88 47 7 27 73 6 8 0 63 55 33 59 4 80 19 73 10 82 7 33 4 71 24 36 47 38 60 45 17 81 55 89 19 88 80 99 78 14 37 3 80 79 85 23 65 30 4 70 29 10 92 38 54 96 47 48 42 18 13 100 50 36 38 62 79 12 69 13 83 36 25 75 21 22 87 25 13 58 76 31 94 14 76 86 51 46 73 20 52 21 67 11 51 48 51 47 64 48 93 89 31 16 93 99 53 100 58 23 77 63
18 41 33 71 64 94 18 16 90 25 56 36 71 74 38 86 97 74 50 80 78 75 3 45 71 7 82 15 48 55 9 25 58 80 38 58 6 63 27 77 9 64 41 43 51 61 79 60 59 42 47 41 37 76 59 61 14 18 56 17 26 50 34 34 73 1 34 27 99 33 47 44 38 49 38 3 19 27 68 19 97 47 42 95 67 59 62 64 71 85 39 44 90 92 84 71 7 85 13 2 96 74 29 33 2 18 84 5 18 65 11 58 3 54 58 53 59 41 82 16 53 37 52 33 53 91 86 88
72 35 96 39 66 65 27 34 30 2 9 53 9 91 65 88 32 22 4 60 72 37 35 10 89 40 75 91 16 79 83 77 92 1 17 73 62 49 87 41 1 56 18 61 58 8 75 47 48 33 80 46 50 95 76 70 77 97 19 97 87 14 32 9 84 31 23 57 61 23 65 81 98 81 53 48 9 82 47 41 7 24 61 9 66 8 53 14 22 72 71 63 75 8 32 84 18 16 69 69 58 95 88 12 30 2 23 71 49 47 49 28 76 20 76 35 7 90 19 89 43 75 14 27 47 21 0 59
33 14 41 89 59 84 46 10 41 83 91 64 28 96 8 89 32 18 37 11 27 96 47 21 54 12 50 42 85 93 15 52 41 43 53 95 33 73 49 4 79 86 78 79 36 66 75 56 5 92 90 80 2 36 17 48 94 33 51 90 0 70 0 27 49 4 84 91 26 71 93 9 30 63 98 33 0 15 44 86 12 82 46 89 55 5 94 38 25 26 72 26 94 97 14 82 83 5 31 83 32 6 17 41 90 83 82 54 52 53 83 57 19 55 78 37 47 30 96 77 77 65 77 62 97 7 12 18
40 36 13 24 64 25 75 31 1 99 91 42 94 25 16 48 100 67 59 68 44 7 89 17 1 1 81 25 94 20 42 54 62 21 73 75 9 36 95 85 91 59 61 18 46 37 12 37 95 55 98 41 83 58 82 31 27 87 41 66 95 53 93 48 95 63 2 61 31 65 16 72 42 63 59 94 5 74 96 87 93 24 82 91 63 39 69 55 70 94 62 84 89 51 62 66 0 77 44 55 37 17 93 3 64 93 78 31 26 48 59 47 18 14 21 71 98 68 12 97 68 45 20 16 46 39 15 53
1 97 1 84 4 97 25 65 1 49 75 86 95 31 78 41 4 89 72 75 5 40 37 86 16 69 2 98 0 35 70 60 61 80 62 54 8 55 70 68 1 33 84 75 95 76 43 7 0 52 75 49 32 29 99 74 44 22 64 68 45 80 93 36 2 95 0 16 93 96 44 69 60 46 34 59 57 71 72 24 81 14 97 76 18 8 1 40 38 27 61 89 51 5 32 73 7 57 61 1 96 50 69 98 55 9 44 20 44 5 37 91 39 50 69 92 83 20 15 29 6 24 9 81 56 99 95 54
2 46 83 39 3 35 71 84 24 21 90 90 40 77 5 13 19 42 72 67 7 9 14 50 79 70 17 30 79 4 53 48 65 98 1 39 34 23 72 37 71 100 78 95 50 96 25 32 12 14 83 22 86 98 82 71 27 1 77 16 44 79 31 19 95 48 36 31 11 50 89 51 8 50 69 24 5 44 94 43 72 23 31 80 77 22 33 88 15 68 90 9 15 30 28 70 22 22 51 94 33 73 56 94 97 98 95 95 76 68 42 60 69 29 53 75 0 44 73 9 70 93 62 58 95 1 12 69
58 71 58 7 8 11 69 89 87 73 29 53 21 37 61 8 73 33 87 73 56 67 5 93 81 76 66 8 12 43 24 21 77 82 73 73 8 51 68 58 63 96 90 10 82 95 13 89 65 97 38 19 88 84 13 53 19 91 23 18 55 23 82 49 72 50 11 76 56 43 89 43 19 78 25 60 80 31 90 46 35 47 44 87 84 97 49 95 100 25 74 38 28 31 55 41 89 78 65 56 6 1 18 26 1 30 28 86 52 46 50 34 33 12 85 20 39 41 2 19 71 6 52 77 38 57 27 98
19 6 19 24 87 52 12 1 88 78 7 85 2 31 68 87 56 36 48 25 25 42 49 85 96 50 27 43 51 58 41 63 75 9 25 76 28 24 85 39 56 55 54 53 14 22 37 89 82 55 17 9 99 48 31 76 71 50 9 39 80 99 0 19 27 85 3 94 34 53 64 67 9 6 17 17 45 27 46 85 95 57 80 35 35 89 94 23 80 97 47 23 32 84 36 50 52 43 75 17 64 95 52 17 5 66 97 57 90 20 10 21 5 73 51 61 80 16 19 41 98 6 80 27 95 65 12 13
17 23 90 85 22 84 18 86 84 11 62 80 52 91 38 55 67 4 22 99 89 4 53 2 100 34 25 46 15 69 39 26 3 11 78 89 32 75 27 88 62 92 93 58 91 81 28 34 96 98 96 50 44 26 50 7 14 9 62 82 49 31 60 97 60 46 3 76 12 50 65 1 27 3 55 4 39 20 96 84 70 80 5 29 3 63 27 25 49 15 57 88 0 99 35 23 10 99 8 74 38 88 5 67 78 2 10 82 23 6 31 15 80 42 56 72 24 51 93 53 30 62 73 39 0 21 46 87
79 9 89 82 7 57 78 38 2 31 51 62 37 19 55 86 58 24 86 52 81 61 49 90 5 32 96 66 50 14 22 62 39 23 25 46 91 76 97 35 27 82 22 71 2 91 34 44 13 67 48 91 90 94 14 55 10 23 79 53 88 58 90 4 85 17 21 28 16 66 96 69 66 79 35 58 24 58 35 97 89 11 80 10 73 21 43 91 83 98 97 28 66 18 6 49 52 37 88 6 11 93 38 75 98 89 76 14 100 85 66 90 59 28 20 40 20 95 62 82 82 54 59 85 16 43 94 43
0 16 74 51 41 48 79 15 18 93 66 16 51 31 26 78 79 25 57 1 18 92 47 47 19 51 58 100 20 17 45 75 44 98 42 48 70 11 78 58 18 78 20 55 14 84 43 7 4 91 86 51 56 25 84 89 27 82 52 43 72 21 71 53 42 56 52 56 25 55 33 30 69 96 55 19 22 77 79 97 0 72 25 30 91 2 55 18 15 92 11 92 11 17 20 94 5 45 62 45 76 64 67 1 71 9 61 98 70 2 31 17 24 97 89 75 23 3 61 30 10 95 100 58 53 74 64 90
63 75 5 73 55 24 58 87 33 98 94 40 7 80 3 44 56 69 37 28 6 80 21 21 73 27 50 30 78 13 2 76 8 56 47 69 95 4 26 6 31 91 98 1 97 11 99 46 76 26 59 91 59 38 85 33 86 94 46 100 96 37 54 91 13 39 48 96 29 65 12 39 82 25 44 39 6 38 80 1 87 14 96 94 36 50 18 63 17 28 34 83 69 2 8 65 83 15 82 53 59 62 24 92 69 66 68 3 18 2 96 63 50 53 94 47 26 34 33 99 34 38 29 76 32 44 28 34
40 47 54 17 75 78 18 28 21 13 55 43 72 90 72 39 35 24 9 55 58 9 95 66 81 32 33 3 48 20 80 81 59 71 80 98 37 86 89 23 68 7 66 99 15 71 58 34 14 14 95 53 59 83 35 22 67 7 33 65 60 94 77 0 28 17 23 59 97 64 79 32 25 91 67 55 97 23 84 65 71 79 47 64 14 7 81 28 77 4 20 74 44 76 23 66 90 0 65 90 56 86 41 95 10 26 2 8 26 94 67 7 16 58 66 99 55 47 23 78 38 33 24 24 85 41 73 80
79 74 34 50 82 90 22 81 1 16 78 56 52 24 65 45 30 53 44 45 23 0 28 95 73 30 60 100 33 34 9 63 75 46 31 14 87 24 21 73 17 40 43 44 31 70 41 21 3 25 100 36 2 9 58 91 29 51 93 85 40 84 53 19 78 24 19 7 97 78 11 25 41 85 29 95 55 70 78 99 65 73 6 37 47 88 36 95 42 96 20 37 46 36 23 51 71 27 36 29 89 74 70 93 7 6 79 64 66 44 9 38 17 78 63 81 94 35 24 36 19 37 71 98 44 71 51 47
45 90 6 70 75 94 70 70 93 12 61 6 27 86 56 100 29 63 68 55 89 8 5 73 52 55 45 6 66 31 87 75 96 66 83 60 5 61 42 93 30 73 20 14 58 31 53 98 61 7 63 4 2 37 6 65 81 54 53 50 75 2 24 31 60 65 44 25 99 18 5 28 72 55 43 54 45 100 83 63 12 20 9 17 73 2 46 4 34 70 49 30 83 44 23 23 56 10 27 57 99 2 68 89 5 21 52 7 92 19 64 5 42 0 13 27 81 25 3 15 69 99 70 67 6 93 6 30
63 4 87 57 66 13 90 66 15 49 15 93 13 10 74 53 78 47 35 97 100 86 51 77 59 59 37 66 9 97 94 78 2 47 77 45 23 72 19 91 1 43 36 77 60 52 1 7 92 71 91 58 81 17 15 22 63 63 89 37 66 83 81 25 92 94 42 59 96 83 28 43 38 78 2 33 30 55 34 25 4 42 38 57 3 96 56 23 22 46 52 28 89 20 83 82 4 37 16 54 12 83 53 98 98 63 91 2 41 10 69 17 53 45 80 32 4 76 83 83 79 38 5 65 25 53 55 91
0 54 73 71 74 56 26 74 41 31 33 89 51 35 92 54 19 10 28 88 25 85 90 17 63 66 82 39 87 94 82 97 93 50 53 58 3 71 92 96 9 28 74 58 43 7 53 13 59 4 46 7 49 100 19 79 24 87 29 14 36 90 46 48 84 99 29 97 72 92 5 86 50 51 14 49 31 62 73 52 18 8 18 96 90 44 87 95 38 64 48 66 52 43 26 90 15 47 96 60 2 63 88 3 3 88 79 10 58 100 81 88 95 54 0 19 98 43 31 92 24 67 86 13 41 78 41 80
9 16 93 98 17 82 57 26 71 42 56 86 40 100 81 15 78 9 97 19 21 20 24 95 95 48 0 54 100 93 95 76 28 32 83 6 66 6 18 53 67 59 70 89 88 15 15 52 98 88 51 53 84 96 6 12 33 16 58 82 26 54 33 68 23 16 64 65 91 10 6 41 50 2 37 71 24 97 96 96 99 53 64 36 47 87 49 32 21 7 94 15 78 50 64 89 5 17 76 25 11 91 35 53 79 28 89 67 21 96 59 4 39 35 22 53 99 46 80 70 38 32 5 44 44 13 59 95
37 58 29 89 81 1 14 1 10 85 44 0 32 42 28 95 98 5 59 31 54 73 29 92 3 81 21 77 69 74 21 3 77 60 40 56 52 92 3 49 60 0 13 79 39 67 96 23 99 43 55 83 41 14 73 24 23 36 51 47 90 78 60 95 48 15 85 48 28 61 63 58 95 74 52 65 34 17 42 54 69 21 41 85 49 24 34 44 95 54 87 89 81 4 40 61 23 9 20 74 18 80 42 75 95 79 45 88 42 64 51 13 0 78 73 78 78 0 78 47 24 3 88 60 66 20 34 71
40 86 98 0 37 9 2 21 19 34 83 50 24 33 56 28 26 49 71 55 63 15 0 63 22 19 48 52 55 55 44 71 27 93 5 37 84 76 44 27 98 69 52 84 73 25 14 83 42 17 71 57 32 95 9 27 40 45 12 67 16 55 41 69 59 9 77 21 31 9 25 1 98 4 65 99 94 64 82 61 44 18 5 56 93 54 98 22 43 86 39 47 48 23 26 21 91 84 52 88 31 77 29 38 16 6 68 40 24 59 15 9 42 38 28 25 35 82 10 74 4 52 19 19 7 5 46 5
26 26 81 37 82 46 89 37 84 56 48 23 53 39 11 12 89 91 65 85 92 16 9 60 59 52 34 78 87 62 0 29 64 100 2 20 61 35 53 58 20 81 59 55 85 61 98 98 52 95 81 72 36 67 19 69 14 32 45 51 3 46 3 24 100 9 77 58 82 38 46 82 6 45 8 50 12 56 35 45 72 29 76 50 58 99 13 99 26 40 13 78 33 79 2 3 83 21 89 37 80 94 40 80 13 39 3 59 92 24 41 30 91 85 18 19 28 26 88 84 56 34 52 38 37 23 48 13
70 77 29 89 56 35 85 88 33 16 48 88 60 57 83 3 35 100 19 87 12 36 20 88 95 13 49 45 25 22 60 45 48 6 66 59 87 48 44 82 78 68 5 75 24 81 92 38 4 15 38 40 10 21 38 55 78 32 52 71 5 41 72 6 0 3 43 75 56 44 1 6 50 42 81 14 61 60 56 84 82 61 64 94 68 7 63 73 91 61 54 97 53 31 11 55 7 64 74 99 14 37 99 92 37 77 63 9 82 56 65 76 82 51 28 21 65 29 62 80 66 72 75 96 51 73 21 86
17 53 35 71 11 79 1 23 14 70 20 33 15 47 89 31 50 11 59 38 24 30 83 94 75 68 84 81 90 3 19 58 93 11 13 92 99 87 55 80 45 94 95 29 86 62 88 35 70 59 70 65 71 7 89 43 73 70 9 1 74 25 29 0 90 74 94 1 84 1 47 9 15 51 12 11 7 52 23 62 60 65 18 77 19 21 80 99 45 46 64 22 46 95 13 23 81 2 24 85 100 45 24 45 35 40 26 1 44 71 59 70 69 81 2 69 99 44 46 97 2 5 17 47 66 32 26 15
73 7 65 6 68 24 6 33 40 37 6 79 15 29 62 1 100 46 28 3 78 8 44 61 42 24 17 50 21 6 17 74 78 69 81 86 26 17 29 56 94 2 34 88 38 86 3 69 29 57 46 9 33 100 68 32 62 76 65 62 6 41 26 86 38 10 36 90 86 32 95 37 91 87 73 58 77 54 56 63 61 15 54 61 8 38 82 45 73 62 36 56 3 0 39 18 71 25 87 61 40 82 91 16 92 93 79 30 100 3 51 16 35 13 13 45 91 47 41 85 28 38 16 26 14 55 55 17
2 8 99 88 79 32 69 30 96 22 54 44 78 49 5 74 73 86 25 72 72 6 74 67 92 53 24 71 8 35 54 85 91 36 91 78 90 2 71 29 41 34 70 70 18 33 7 61 81 74 85 76 96 95 98 18 12 7 80 87 88 29 45 96 72 98 13 56 89 32 45 77 12 41 4 46 42 29 36 61 54 26 27 93 95 13 81 84 12 60 58 47 28 65 41 31 47 65 20 14 42 4 73 9 43 45 80 79 1 40 12 21 40 97 100 62 6 72 11 75 13 88 21 89 8 3 54 90
17 56 98 60 59 71 19 45 89 29 85 91 0 12 10 99 64 62 73 1 16 81 16 1 73 32 74 14 50 59 81 63 9 92 92 49 27 63 66 27 96 39 58 60 61 52 68 0 22 97 53 74 79 77 44 18 100 57 27 3 5 85 76 4 79 57 68 49 32 76 99 77 11 25 57 10 59 50 61 42 35 65 72 68 27 56 73 48 99 25 82 7 63 54 47 29 22 49 91 94 48 64 38 45 55 51 31 64 63 50 8 84 63 72 67 59 7 5 83 62 44 70 30 84 1 85 7 34
51 32 9 58 41 17 68 84 91 78 98 98 58 50 77 95 13 67 21 56 24 77 8 64 44 68 35 14 86 49 50 51 9 51 61 29 52 46 34 39 65 62 32 75 27 23 77 30 60 8 38 1 75 86 75 64 90 38 63 4 57 27 43 90 98 35 43 99 88 78 10 3 21 27 66 9 20 96 95 61 70 36 28 79 39 63 93 92 43 95 62 49 90 15 14 9 98 15 76 20 55 37 97 21 66 9 50 74 90 49 85 90 81 54 61 81 12 91 50 1 69 78 61 65 9 6 59 82
66 85 37 13 78 91 21 49 50 50 75 3 63 48 98 52 22 40 84 49 40 27 70 50 6 3 49 47 50 73 4 85 76 43 73 5 21 21 16 44 4 24 10 7 27 25 66 7 85 8 86 45 89 83 40 55 52 36 0 53 65 35 24 87 49 16 24 17 92 28 79 5 23 89 44 60 57 18 23 68 71 0 59 20 10 51 63 40 80 0 56 24 84 11 84 26 72 58 5 25 48 56 23 70 31 59 72 42 68 36 22 64 47 81 66 18 95 87 77 62 47 30 86 26 83 55 32 84
74 6 39 64 65 86 41 0 1 76 15 73 94 83 15 14 28 80 7 51 3 15 18 74 27 76 57 94 43 61 27 15 53 34 0 30 25 51 58 98 58 6 27 37 92 34 96 59 92 63 65 26 53 46 98 86 67 86 4 60 18 73 0 9 57 5 76 42 6 55 32 60 93 20 59 82 27 42 76 66 78 17 41 63 98 55 19 23 7 26 97 67 13 19 96 12 57 51 92 26 98 42 75 79 71 82 50 56 30 91 58 33 36 66 13 83 44 75 2 53 17 93 67 47 94 18 15 70
73 84 7 92 36 98 91 79 81 12 5 47 56 52 39 38 52 28 78 24 8 77 24 34 73 91 48 91 53 44 99 4 14 39 23 29 16 50 66 59 40 60 41 27 55 91 6 40 81 49 41 71 69 38 63 2 40 92 71 24 56 61 13 48 57 77 2 44 47 60 9 72 11 89 69 3 84 29 73 99 3 30 7 93 57 29 58 26 0 16 93 67 2 95 14 38 22 20 4 32 82 5 80 49 81 31 96 98 85 35 1 81 90 5 13 10 25 17 71 80 87 86 63 96 99 89 47 69
62 49 26 96 61 65 61 26 35 94 24 45 46 72 0 86 40 19 52 73 33 100 100 93 65 77 87 0 84 9 11 12 17 35 94 40 6 24 27 12 44 95 100 78 95 93 75 92 8 7 46 87 55 6 29 60 81 73 54 72 68 73 13 88 41 24 64 65 77 15 55 63 76 59 89 0 30 10 17 7 76 17 84 87 11 8 93 81 91 94 99 76 20 69 45 33 2 66 38 19 50 79 88 21 4 69 12 49 73 40 90 33 25 3 28 72 73 62 47 66 2 40 62 74 35 95 39 36
87 28 50 40 4 95 19 46 97 81 10 37 9 46 36 79 46 95 31 9 67 52 83 7 48 65 87 17 88 78 96 55 70 49 40 53 25 97 62 95 57 94 47 58 48 36 62 61 33 22 48 34 55 47 87 43 42 83 77 96 56 66 86 66 100 41 37 61 1 27 33 25 11 84 64 10 84 20 79 62 15 37 88 54 40 79 8 59 77 42 88 50 14 52 53 81 11 44 15 70 19 78 92 100 89 59 68 36 65 83 73 59 15 15 5 46 56 36 70 85 97 10 20 53 85 100 26 42
47 21 38 86 55 62 63 95 36 78 98 22 35 98 44 94 38 86 29 64 4 86 56 87 75 5 47 78 88 90 0 94 20 1 5 19 85 11 74 47 100 25 24 49 52 9 5 66 21 41 19 4 19 72 10 62 5 54 98 65 93 50 97 0 7 5 53 79 32 76 14 16 50 79 71 95 8 59 14 41 16 47 3 75 12 41 41 27 35 92 19 23 69 65 52 70 89 12 57 15 70 73 83 38 19 71 29 32 91 52 37 54 68 64 52 27 71 84 39 4 68 89 100 19 29 35 55 63
48 19 89 1 85 11 10 35 98 44 22 68 22 65 37 46 81 94 75 27 78 32 3 45 49 18 54 30 45 18 84 96 93 93 82 60 70 63 7 79 43 28 41 19 63 24 67 10 98 85 6 56 79 3 81 40 90 85 12 67 53 87 19 75 92 59 3 54 11 71 99 13 72 44 55 26 68 96 21 30 92 51 17 8 78 6 41 73 31 29 8 48 67 35 24 59 39 84 18 7 68 51 63 71 36 8 98 67 33 43 87 98 0 91 65 31 36 60 35 93 22 21 67 77 15 64 4 72
38 53 79 74 48 56 13 31 53 82 90 82 68 2 94 89 10 80 16 20 79 1 94 98 69 2 53 14 48 55 66 21 69 84 46 36 72 96 34 85 17 60 9 96 19 52 57 15 52 33 69 55 65 80 68 39 59 17 61 44 38 50 49 67 50 60 77 63 77 91 98 73 88 78 100 84 93 63 21 10 14 82 82 68 94 35 18 25 99 49 30 66 19 63 38 94 17 3 93 95 0 81 8 64 44 81 13 0 89 26 32 48 21 34 41 73 53 0 73 26 89 26 32 25 83 83 69 31
93 44 97 8 38 40 49 4 74 79 45 87 34 81 78 61 15 1 59 74 57 19 32 13 40 62 15 98 11 50 43 84 36 78 100 92 11 6 1 76 88 81 84 75 41 52 17 39 90 75 81 56 5 84 51 13 74 88 59 2 76 65 27 2 29 95 55 22 53 47 92 85 84 23 62 71 75 59 51 82 30 15 27 58 27 99 31 15 52 36 89 88 27 22 37 66 35 70 14 26 66 48 79 7 26 90 62 100 28 44 78 95 7 51 7 35 34 51 19 29 26 39 19 98 60 17 80 46
54 84 16 77 86 6 73 56 76 64 43 63 7 85 61 87 45 76 65 63 49 85 18 74 87 8 11 14 71 44 85 5 59 36 69 27 4 35 24 63 73 99 60 59 51 6 11 35 3 52 68 100 91 42 74 71 30 46 40 54 42 2 24 49 66 63 26 32 84 14 48 34 29 87 44 79 93 14 47 19 71 22 94 52 40 76 7 0 62 84 19 62 39 27 24 10 41 80 94 99 1 87 47 8 52 47 4 6 95 42 7 52 82 93 96 79 1 68 50 83 38 65 3 2 57 24 25 93
47 49 63 87 87 63 0 24 69 84 50 88 60 45 40 26 58 82 93 53 36 75 30 65 63 24 44 48 72 30 74 42 97 28 43 75 19 41 1 20 80 21 84 33 43 20 73 44 89 80 7 26 61 56 31 97 76 31 53 56 29 79 92 70 31 27 49 51 89 100 6 89 23 52 64 38 10 84 30 33 99 16 32 33 58 92 96 52 0 3 60 18 52 61 82 17 30 10 57 55 82 9 9 81 57 87 50 85 63 7 71 85 90 59 75 17 77 83 65 97 51 26 45 64 93 91 73 38
57 55 19 20 28 46 34 11 29 88 51 8 9 3 25 70 63 85 65 69 76 43 76 67 29 68 21 28 74 23 39 38 76 46 8 37 42 91 69 74 60 4 47 75 38 17 63 15 87 62 3 16 76 3 19 42 17 92 70 85 0 21 23 50 50 56 54 67 97 70 66 20 40 30 20 83 68 22 96 25 83 69 46 98 62 10 19 13 21 11 89 9 67 42 93 69 23 5 45 33 78 75 49 33 56 15 27 90 33 93 69 94 81 43 92 23 9 2 12 86 57 10 59 29 26 60 84 100
35 0 94 85 17 21 9 70 15 9 81 16 18 47 91 27 33 83 73 74 31 16 15 44 69 92 90 11 4 22 67 20 7 54 54 94 71 0 21 54 77 35 65 18 49 72 54 67 100 71 20 61 35 3 91 81 34 34 18 44 25 4 63 90 0 49 85 74 69 56 39 38 8 75 69 30 12 40 62 79 10 56 57 67 15 71 29 26 71 79 23 14 86 60 60 85 14 21 88 34 18 86 44 95 17 94 87 42 29 20 42 42 50 51 2 69 8 74 72 7 92 53 21 42 84 40 2 35
52 18 88 6 77 84 20 64 10 52 96 90 50 74 64 86 18 54 46 5 58 63 47 37 25 61 73 53 90 13 88 21 94 36 75 78 38 29 66 63 91 79 39 7 6 80 52 41 28 65 86 39 47 82 74 36 22 70 89 37 34 8 36 86 35 42 99 14 62 81 71 68 86 30 87 54 25 46 28 81 34 13 10 91 63 87 25 52 64 76 61 82 75 70 93 20 78 8 69 67 87 57 31 73 78 88 1 39 23 14 57 49 19 47 48 65 36 50 9 74 15 89 2 52 52 30 44 2
37 90 7 13 41 53 34 25 34 65 80 66 68 22 11 99 84 76 19 86 9 55 92 18 21 65 43 80 17 30 1 35 42 14 39 50 83 78 5 53 1 61 100 28 23 50 45 60 25 3 59 56 83 0 96 37 75 0 100 42 52 58 27 67 22 34 71 45 61 95 58 49 40 82 12 90 48 34 92 83 83 79 76 90 21 39 73 98 29 57 13 3 58 94 24 91 47 64 100 85 79 77 54 45 20 47 6 26 64 98 58 75 48 4 19 39 0 21 97 52 21 29 38 85 40 19 78 12
90 61 56 42 82 7 16 76 21 31 76 15 28 39 24 80 98 69 7 30 58 35 14 51 98 71 17 0 28 59 58 41 76 64 25 37 33 91 26 63 93 19 3 52 52 77 30 90 66 95 71 53 78 62 26 42 56 29 73 52 22 51 37 78 23 91 61 55 30 5 71 60 94 39 81 44 51 96 99 24 70 78 53 96 40 51 92 37 91 79 42 88 77 88 35 90 96 76 23 98 0 78 81 13 51 93 66 35 74 59 19 15 39 57 27 4 51 84 31 46 83 16 1 18 8 89 83 90
95 61 9 74 1 52 47 18 0 47 93 48 76 44 3 23 66 52 72 81 58 88 46 45 28 67 70 43 82 64 81 63 80 59 30 38 46 85 86 32 79 19 75 76 50 2 25 21 98 80 93 44 88 71 77 94 50 82 64 84 5 57 37 2 36 4 21 100 88 12 4 36 32 46 91 0 18 4 2 21 77 41 76 61 4 80 44 38 8 78 97 68 21 37 5 85 82 9 43 74 28 64 63 27 42 93 81 64 10 51 35 61 61 40 45 38 8 34 54 30 29 3 1 27 32 6 68 62
28 80 88 13 68 46 72 30 36 3 9 22 69 31 84 98 54 18 23 24 75 61 99 14 97 17 96 31 12 94 85 61 42 24 30 36 27 86 100 63 12 63 72 63 38 83 29 2 15 15 71 62 21 35 78 47 3 16 37 50 70 86 52 93 81 67 29 40 55 38 65 0 19 4 48 62 49 96 82 90 60 49 75 96 51 51 48 20 60 54 52 9 57 91 99 72 53 21 71 19 39 79 83 82 15 17 53 11 59 57 4 79 83 50 68 87 25 73 74 29 93 36 22 80 58 31 90 83
76 18 86 27 34 39 98 16 44 4 37 21 46 98 15 67 20 90 95 88 12 40 89 1 75 39 81 89 29 6 30 14 4 85 57 2 95 56 92 10 34 48 93 85 99 18 36 25 76 54 30 60 31 62 0 93 1 78 65 66 57 52 50 53 67 62 92 57 25 57 24 48 8 51 61 55 18 90 23 39 96 82 24 76 39 26 72 38 81 89 76 16 16 93 85 69 35 72 85 14 35 72 11 31 14 51 58 86 27 22 83 81 23 52 95 6 13 66 48 19 20 1 26 92 34 74 5 58
70 6 49 82 39 3 67 36 66 83 67 85 50 43 88 84 40 28 74 57 74 79 90 3 0 56 8 51 44 8 42 91 34 11 0 37 43 65 82 71 46 77 75 92 65 90 26 82 73 95 12 23 79 60 45 11 54 10 67 25 73 72 59 38 12 35 50 51 24 71 4 8 18 6 81 7 36 25 81 97 28 4 71 86 42 65 83 50 80 93 64 37 35 51 92 35 70 50 43 57 73 97 91 20 53 76 14 85 76 85 1 75 97 30 18 36 72 81 75 9 47 12 24 87 8 66 29 69
8 51 72 58 35 64 52 61 49 78 30 61 57 74 46 10 37 55 74 77 27 27 49 58 57 9 25 35 59 14 31 27 74 74 10 45 0 49 74 43 94 72 69 90 23 20 82 59 83 64 45 74 25 71 61 100 96 4 12 41 19 32 57 2 21 23 47 20 69 62 100 32 43 95 5 86 45 96 56 94 80 14 38 24 75 60 99 33 84 53 51 43 37 99 91 0 93 10 13 67 63 8 24 7 61 19 22 26 46 13 58 21 54 41 42 76 49 15 7 74 81 87 10 17 85 89 47 28
94 84 38 16 13 64 8 97 94 57 73 73 6 60 80 47 75 96 41 59 58 37 79 4 15 45 48 81 4 84 78 24 83 89 98 41 28 50 41 15 75 28 41 16 34 10 77 24 77 31 10 80 64 34 64 60 39 54 19 85 19 87 88 32 92 90 64 37 99 0 29 19 38 19 81 38 11 77 23 93 95 56 0 11 23 37 80 43 13 50 69 64 3 27 18 52 14 64 44 30 22 67 26 85 58 73 29 29 19 32 100 95 98 57 3 87 5 33 79 0 43 99 32 25 53 76 75 39
47 8 53 44 100 99 22 39 23 95 25 94 61 7 43 17 55 33 51 25 7 22 40 6 49 92 63 29 95 50 21 36 85 30 41 90 44 76 46 92 16 62 71 74 99 4 95 21 0 94 48 27 11 18 22 27 18 94 34 93 14 89 85 95 27 53 58 12 0 76 89 71 89 20 71 33 92 96 79 11 49 69 46 64 72 14 42 40 28 40 92 65 98 20 30 94 32 24 3 70 77 97 78 72 34 37 35 20 46 92 10 2 25 52 55 5 6 26 17 92 47 96 29 27 88 45 9 18
55 55 18 61 16 84 70 37 41 86 36 56 32 56 73 97 8 20 83 46 61 92 96 7 8 80 32 90 22 90 78 98 8 54 57 83 21 36 24 80 27 90 64 45 83 49 16 90 14 90 94 94 72 56 47 56 30 57 89 76 56 58 87 68 90 23 65 48 7 91 70 52 60 82 61 36 21 27 28 80 100 40 54 34 62 10 17 77 40 73 37 22 25 88 84 34 72 90 12 56 20 56 78 73 97 74 63 38 7 100 97 13 75 15 24 15 50 84 37 78 11 9 32 83 3 25 48 18
41 25 31 23 46 79 100 9 61 2 78 59 48 76 41 100 64 65 89 16 78 20 64 27 36 87 95 85 24 16 94 76 72 40 32 11 80 38 11 53 30 45 44 29 49 2 71 90 9 48 48 27 62 8 9 45 84 56 83 60 38 46 28 31 65 97 69 70 22 0 17 79 76 52 96 80 83 96 41 97 60 50 24 84 29 36 66 57 58 35 68 57 0 93 28 15 67 93 17 9 75 69 99 67 9 19 28 10 80 86 74 47 33 2 60 19 97 88 55 14 69 75 70 67 18 30 73 89
52 75 53 70 56 97 88 7 100 0 84 40 75 34 78 40 28 42 61 60 87 73 39 44 7 57 70 58 37 19 1 64 21 43 28 6 50 55 54 1 87 63 35 83 17 94 25 28 83 35 13 12 77 30 61 29 40 61 42 24 88 0 57 16 50 59 73 36 50 39 77 8 27 95 46 8 62 71 71 53 45 90 52 94 87 63 68 95 63 5 94 17 69 87 90 31 37 49 91 47 86 58 69 99 44 2 6 93 22 69 56 63 19 82 92 13 98 48 8 40 80 46 72 15 51 52 8 30
31 62 88 24 26 63 57 72 78 6 82 16 82 28 54 52 1 77 6 74 79 76 41 92 81 47 64 78 65 56 100 73 10 76 57 78 36 59 1 29 30 61 51 95 21 88 34 16 51 78 60 87 80 35 17 71 60 20 97 45 29 67 52 74 29 13 68 48 22 90 51 36 85 96 47 82 8 2 4 24 48 43 96 2 94 89 44 65 89 100 81 81 37 78 56 56 36 3 70 17 17 76 64 66 88 57 41 75 13 54 38 51 24 86 77 30 55 33 51 95 45 76 36 62 81 61 6 87
96 32 38 39 82 82 61 53 35 68 31 60 71 86 38 17 84 100 11 65 38 49 9 15 35 44 31 49 1 90 13 20 51 23 7 57 36 13 93 5 85 88 45 26 12 89 97 56 60 34 69 38 68 62 16 81 18 5 14 33 44 50 16 23 84 51 34 52 29 12 55 76 44 56 35 52 6 85 20 28 54 69 47 81 83 69 68 3 66 86 80 28 70 57 67 65 91 54 92 46 16 1 56 18 55 41 75 58 39 0 50 25 25 91 26 79 49 70 25 16 44 0 66 81 75 6 98 35
86 66 90 69 83 3 78 71 44 31 97 4 34 60 13 85 23 84 13 95 35 68 80 94 23 79 55 83 29 18 10 22 81 60 55 73 15 83 6 94 76 37 68 87 11 34 38 35 62 52 29 53 64 76 69 10 75 64 36 9 68 49 22 12 36 44 15 85 9 81 62 92 5 0 51 2 91 90 70 80 52 81 100 73 18 50 62 91 2 3 68 20 50 3 31 61 48 90 64 5 34 78 2 38 65 16 88 60 23 86 11 10 99 1 52 84 2 75 30 95 89 56 7 92 16 80 78 44
37 26 2 41 89 91 87 39 83 29 11 86 50 98 31 33 59 6 72 49 22 100 11 99 8 43 9 40 81 6 87 14 53 99 65 88 89 89 15 71 4 0 15 3 12 98 69 82 100 15 11 55 47 63 44 77 24 97 82 12 14 23 36 43 68 85 50 46 84 44 65 54 82 28 41 90 14 64 36 49 44 33 54 2 97 3 45 44 91 44 51 38 72 80 81 96 23 47 32 59 28 41 98 37 55 66 2 22 91 35 51 69 27 68 26 92 7 55 27 29 96 91 20 37 33 83 64 28
32 76 53 1 87 14 28 57 52 25 52 14 81 71 67 23 67 21 38 15 93 100 38 51 15 7 64 72 61 57 22 80 70 37 93 6 26 12 74 89 30 48 53 68 1 20 99 23 42 91 3 43 78 31 90 19 42 79 83 39 42 24 38 26 88 10 79 4 46 96 25 60 77 64 63 14 12 98 82 19 57 37 53 46 0 17 18 77 21 100 33 85 5 99 89 30 5 24 88 99 53 86 94 13 26 40 86 52 27 29 59 59 13 27 92 83 19 3 40 20 31 83 12 53 96 90 78 75
5 25 5 20 52 21 22 27 49 98 9 85 96 11 2 93 37 79 22 57 79 10 86 77 4 62 57 89 85 100 31 70 71 76 54 86 42 29 3 64 12 43 32 3 62 42 94 9 70 10 46 70 97 44 20 90 57 5 23 18 12 26 39 7 84 9 46 5 23 37 24 29 3 2 53 0 57 19 37 12 88 5 52 77 68 39 23 19 61 76 17 68 56 87 24 90 74 62 99 88 88 99 19 39 83 44 18 95 75 93 5 85 60 63 97 73 51 3 62 94 26 90 8 12 5 84 33 35
93 51 76 29 41 0 87 89 15 89 83 50 3 73 81 76 53 43 0 48 44 29 63 34 53 44 26 45 31 1 86 30 70 67 97 73 89 70 80 97 57 57 13 78 94 100 60 70 17 60 1 77 48 86 68 75 69 39 5 16 49 62 3 22 67 13 36 13 11 41 55 56 85 97 99 30 92 33 89 42 17 3 21 2 14 0 21 80 32 80 79 69 24 53 74 86 41 94 51 67 32 57 68 53 16 80 63 40 57 32 97 65 77 80 28 58 70 21 85 89 83 28 90 62 94 21 58 79
39 74 75 0 22 12 92 68 12 55 96 60 48 31 28 32 68 70 82 91 48 6 44 70 29 8 18 0 73 55 98 25 37 62 70 47 55 57 84 38 93 20 14 76 78 28 67 5 50 85 59 7 80 24 70 23 56 66 23 47 75 51 67 90 14 39 75 83 26 26 70 37 5 33 5 56 21 46 31 42 18 33 50 7 63 51 88 98 56 66 1 48 71 88 91 15 31 60 14 30 72 59 81 85 49 2 37 0 45 70 60 81 29 87 88 54 93 78 48 19 58 60 97 68 16 94 77 20
47 76 5 83 6 25 45 69 2 12 56 69 95 50 2 32 52 26 42 43 2 42 55 74 9 19 19 36 7 54 42 26 78 96 25 24 59 0 57 2 52 39 3 38 74 25 29 9 45 45 5 9 32 80 23 2 53 35 28 46 61 67 57 100 79 5 3 1 8 42 70 94 24 88 67 71 44 71 18 88 0 46 17 23 6 60 57 70 29 52 10 92 78 92 84 72 56 26 82 62 31 60 5 45 75 29 50 82 51 71 64 70 17 50 54 3 11 42 59 94 70 38 94 85 15 32 66 75
88 51 71 12 99 79 14 69 23 57 96 11 36 49 52 20 34 36 71 6 38 22 64 74 83 61 30 93 47 83 8 69 40 100 55 35 77 66 89 1 81 75 45 69 9 16 31 28 32 100 92 12 5 55 36 20 99 81 70 42 67 4 12 39 41 18 10 97 76 50 93 97 81 38 74 18 42 22 87 86 91 94 23 77 71 10 17 77 5 65 80 45 73 10 71 16 96 97 6 48 78 69 43 50 8 94 1 90 88 80 36 52 47 4 93 48 89 35 81 42 79 91 81 34 79 37 41 14
39 88 39 86 5 49 77 73 3 76 76 41 14 65 63 32 50 67 61 91 30 13 31 56 36 86 64 42 53 55 55 12 65 53 28 64 36 4 67 62 47 59 60 12 14 90 76 85 77 82 70 32 84 37 79 84 12 3 96 31 24 78 38 17 12 50 38 42 24 42 29 21 42 9 40 31 82 52 4 0 10 44 67 55 37 71 23 35 72 31 100 93 96 0 29 89 10 96 65 13 76 81 73 42 29 24 88 40 29 84 52 49 17 72 54 38 53 58 15 72 100 34 90 74 69 42 7 62
42 81 18 64 55 81 73 33 36 30 18 72 82 19 16 92 17 73 20 89 61 32 96 22 93 0 21 32 23 12 26 98 24 32 62 89 47 21 98 17 94 80 71 23 43 58 75 33 54 87 66 48 65 61 7 23 72 16 90 19 77 84 55 16 17 23 18 0 22 14 43 9 15 64 81 7 70 10 29 45 53 62 76 51 77 89 53 23 61 16 79 30 22 95 85 40 84 18 38 99 85 75 68 88 59 63 72 31 77 80 89 12 60 41 81 75 96 95 95 93 77 93 22 9 85 17 15 47
36 15 23 85 59 21 65 50 95 10 14 53 31 18 8 97 84 49 7 55 44 9 64 20 62 45 89 23 26 87 10 34 74 24 87 20 26 38 60 1 39 61 0 78 74 25 65 87 94 18 47 5 54 73 84 83 25 65 74 63 96 71 56 25 40 25 41 62 34 66 95 21 60 78 13 15 83 17 57 36 29 58 45 73 7 92 95 75 93 13 16 37 60 0 99 89 33 48 69 31 54 15 51 93 71 10 20 49 17 6 8 47 49 53 40 44 62 6 29 72 64 76 89 99 26 30 14 95
6 88 43 1 77 18 48 53 10 41 58 76 60 18 0 80 33 44 31 7 60 20 60 91 47 78 11 100 29 1 87 26 90 8 56 13 97 95 61 1 68 46 7 43 33 89 31 37 63 7 93 97 27 0 92 9 35 38 13 74 86 3 24 90 31 60 91 84 55 60 56 61 28 57 25 0 33 22 10 84 79 72 8 79 92 55 65 98 23 23 5 51 81 31 18 6 57 34 77 36 18 51 84 31 39 47 71 79 51 40 13 66 52 12 98 66 47 70 99 95 70 32 76 94 47 82 2 18
32 78 52 55 78 52 9 62 78 5 83 44 89 56 5 29 38 10 24 40 76 19 46 99 60 88 98 72 52 36 50 31 20 9 10 5 43 12 83 86 96 10 59 56 95 100 57 50 72 90 95 27 91 84 92 82 25 55 85 29 4 25 88 70 88 92 85 35 32 94 33 39 83 90 13 32 57 42 92 53 46 90 72 21 29 31 94 3 90 38 67 77 75 8 66 15 80 78 50 5 56 77 43 4 46 76 69 77 89 1 99 82 1 41 50 29 58 70 0 85 0 97 17 81 94 2 15 43
59 39 70 51 65 2 14 78 77 24 64 20 69 16 12 15 63 52 44 92 81 74 77 23 29 80 48 56 72 61 64 81 59 75 83 91 12 95 42 24 23 83 65 26 70 66 80 18 88 25 64 94 44 39 75 28 90 77 43 44 66 28 71 36 2 100 41 100 66 61 88 54 35 57 17 67 12 54 37 18 29 90 20 20 86 48 49 26 17 87 88 58 17 57 90 73 61 79 59 10 89 71 88 27 63 43 39 76 77 11 6 66 44 26 32 33 77 37 75 99 75 37 28 55 93 88 11 96
49 46 71 63 39 46 56 7 39 71 92 65 34 65 67 83 15 76 76 91 8 58 87 45 82 89 2 10 46 31 74 40 93 61 68 58 74 61 73 83 80 88 83 13 6 52 8 87 14 80 67 27 39 58 50 86 71 58 34 44 25 52 12 87 0 22 83 54 66 21 53 23 95 21 93 68 9 68 34 88 56 58 83 39 21 79 51 50 0 88 24 52 97 73 51 67 7 20 52 4 38 24 99 86 61 84 23 30 60 30 11 70 18 63 15 96 19 42 86 12 30 5 11 60 80 26 62 95
55 75 20 11 95 89 12 86 37 89 2 40 66 43 96 66 87 71 70 93 69 91 39 41 84 29 69 9 6 93 71 33 77 82 28 2 8 5 80 77 30 100 19 34 46 37 12 14 68 71 26 61 12 41 28 60 73 96 52 42 14 45 94 77 56 44 41 3 50 61 20 39 11 69 45 100 67 18 44 93 95 41 73 54 87 2 30 67 15 31 70 73 4 56 11 2 53 15 27 1 56 39 44 31 22 6 12 19 77 21 5 52 30 14 83 62 96 100 46 83 6 21 27 62 31 36 32 78
1 52 7 34 45 65 63 65 21 5 21 53 54 72 90 25 0 57 46 91 9 30 17 4 22 77 27 57 23 6 36 97 51 86 60 32 46 6 93 99 93 23 35 31 90 92 38 56 90 20 24 8 75 32 9 47 74 40 20 79 36 35 12 38 4 73 25 94 2 97 64 22 57 96 66 82 46 69 18 47 65 91 93 33 81 41 9 27 29 25 60 95 37 8 87 97 34 55 4 11 19 29 20 36 16 7 18 54 22 15 54 33 32 15 94 8 76 96 32 67 89 84 57 61 90 97 37 55
60 38 52 26 53 72 45 43 0 48 26 64 28 83 25 60 86 41 94 19 41 43 42 36 48 52 70 84 31 21 97 5 11 46 29 73 87 47 53 38 10 9 79 55 56 1 100 60 22 3 41 71 44 12 37 58 100 54 86 61 88 59 80 75 85 60 90 16 5 3 54 18 100 59 4 16 5 78 56 38 52 14 28 40 84 87 61 7 47 80 43 60 86 98 98 64 71 30 92 19 93 87 50 16 49 18 11 91 39 79 48 54 4 66 58 52 82 57 76 18 14 90 16 21 59 75 62 1
63 79 38 17 93 66 36 50 21 27 88 59 11 49 53 7 61 20 44 64 33 0 90 7 55 33 0 29 60 1 47 30 28 39 79 42 30 92 66 43 35 35 94 100 11 69 94 91 59 95 58 75 36 68 16 74 40 50 94 35 61 27 69 47 82 45 8 16 97 52 48 50 82 51 72 75 70 90 20 82 17 94 97 8 47 38 90 93 19 89 47 23 98 93 23 46 9 5 24 88 54 11 95 54 36 27 91 96 14 9 23 98 95 39 35 92 16 81 78 38 93 85 50 26 99 0 47 15
16 15 20 44 75 61 79 75 78 52 39 58 57 16 46 26 6 78 6 70 79 10 82 75 22 77 7 80 92 62 100 29 86 57 29 93 7 45 53 7 68 56 83 42 97 47 24 50 16 53 92 50 30 91 68 74 24 13 24 65 100 92 0 1 13 10 6 97 34 2 10 78 1 58 5 94 51 12 24 13 41 96 42 17 59 33 55 36 24 13 19 87 40 62 23 30 2 6 100 2 56 46 7 63 17 86 51 60 75 5 12 51 32 65 8 12 90 36 34 4 77 7 4 71 86 59 75 71
37 70 56 56 77 64 29 55 58 11 78 19 5 6 22 62 81 53 34 43 16 53 38 78 30 26 96 75 27 64 74 37 30 97 14 52 2 52 6 64 75 88 51 55 23 35 18 5 47 36 98 100 93 76 83 23 98 16 26 37 98 46 0 27 31 90 68 31 90 71 96 88 90 2 80 89 82 4 88 13 1 56 40 66 3 10 58 19 12 96 27 79 63 37 22 79 83 36 15 75 26 39 92 0 2 68 88 4 82 62 67 91 77 82 84 97 15 60 84 59 43 6 99 50 45 56 92 48
8 61 13 59 70 71 11 0 86 58 0 17 45 46 100 94 95 65 2 66 64 78 26 27 67 1 28 49 12 52 79 54 13 35 20 96 21 32 77 72 94 54 2 7 33 48 15 42 91 15 8 78 9 21 72 31 39 99 56 67 23 87 13 7 5 91 36 100 74 35 36 18 18 61 68 29 75 86 55 31 88 63 36 43 87 10 22 37 15 43 61 93 54 47 97 47 13 53 36 87 87 79 48 0 80 8 66 85 59 35 44 10 52 83 29 96 7 26 32 67 38 93 27 52 41 89 58 88
17 20 71 52 16 33 5 49 37 22 45 83 76 67 10 3 94 60 2 99 80 67 87 61 10 42 59 72 96 81 72 40 1 17 86 52 46 8 57 78 80 0 82 12 62 13 51 59 75 59 3 93 10 91 55 74 65 52 78 73 52 83 95 86 35 71 51 100 73 56 31 50 17 47 52 40 48 23 80 7 78 74 12 7 73 77 56 28 58 76 5 94 8 15 62 13 30 58 68 27 55 24 33 96 27 29 26 2 51 15 91 9 71 33 76 71 4 41 35 5 54 50 95 79 72 5 1 81
0 6 86 5 96 26 0 95 46 94 53 40 5 36 95 89 30 91 84 88 84 73 81 38 70 26 4 90 63 86 73 39 61 70 73 82 70 11 1 73 24 82 74 94 34 3 47 55 34 16 10 52 34 49 46 53 79 0 38 18 90 73 26 50 24 26 50 49 32 17 97 93 48 58 56 82 61 78 82 31 81 94 95 56 1 84 99 93 71 75 10 59 17 29 58 65 87 72 56 37 4 41 74 72 95 78 17 9 57 49 97 51 70 84 91 0 67 45 21 58 7 55 86 74 68 42 6 58
59 86 38 66 97 10 45 40 54 42 12 51 37 58 80 63 49 36 22 42 96 44 12 60 68 88 14 64 28 11 88 63 59 15 37 15 86 72 49 9 53 6 76 31 19 33 94 20 21 29 75 32 53 29 42 20 49 85 97 53 72 96 40 24 63 34 9 65 62 58 19 84 49 94 12 19 66 89 29 66 50 60 51 33 91 40 41 20 70 67 57 20 98 35 35 24 97 23 26 46 58 97 92 26 10 20 0 15 89 11 50 20 58 57 8 54 71 9 8 66 55 91 71 75 51 86 97 88
98 52 58 96 52 31 37 91 85 59 59 55 41 39 39 3 92 47 23 70 56 98 49 60 47 57 2 46 95 47 59 58 20 89 100 27 19 25 42 72 18 89 31 3 2 97 6 100 14 85 31 23 3 60 73 67 85 75 0 50 55 96 67 29 36 7 75 1 55 99 80 36 82 2 42 67 10 19 29 40 62 92 32 6 28 17 49 82 98 39 64 36 21 37 8 6 84 60 84 49 82 58 19 61 29 79 87 97 65 4 57 14 96 91 40 34 36 38 60 24 62 63 41 13 63 7 58 22
76 6 67 15 94 89 74 11 92 78 75 74 8 19 9 18 80 64 25 24 22 45 42 30 87 22 59 22 86 22 22 90 93 54 79 75 87 41 78 51 65 60 70 86 36 26 9 39 32 29 41 66 13 33 55 79 83 57 51 51 81 80 61 1 69 5 69 58 90 48 31 70 44 65 79 92 29 10 11 2 61 70 74 73 0 85 11 82 2 88 23 67 11 67 46 40 88 64 54 11 83 28 57 38 11 59 74 3 75 53 25 97 37 58 71 49 21 29 2 3 91 47 44 56 92 95 58 64
14 7 48 80 51 97 41 83 33 23 32 22 14 70 10 30 23 97 1 38 34 28 42 13 42 32 79 12 2 77 55 33 4 85 96 42 92 22 61 17 16 55 74 2 44 65 59 18 43 15 26 28 30 4 80 32 72 78 43 36 34 89 14 89 73 55 27 84 21 29 28 66 78 10 80 58 38 23 14 46 2 89 64 65 54 42 32 18 19 99 1 82 99 10 85 65 46 71 14 80 36 79 88 3 30 89 48 31 38 41 19 93 77 50 68 18 54 46 47 6 40 40 20 83 2 49 98 86
43 50 13 46 46 88 64 57 88 57 93 15 15 62 64 0 0 44 98 37 1 85 25 88 28 58 1 85 57 21 100 34 99 82 11 13 21 4 60 33 17 95 84 93 40 62 58 5 46 55 72 45 15 26 33 14 21 94 65 33 9 29 16 36 57 93 33 23 43 49 7 90 47 65 61 64 65 99 74 0 98 4 14 24 57 13 11 76 77 99 11 66 89 79 50 79 6 51 1 17 45 9 36 8 52 39 53 32 66 6 13 43 28 18 79 51 21 43 8 26 56 41 8 55 66 57 97 89
77 18 76 20 52 9 29 20 27 30 8 39 74 31 16 25 71 5 68 75 72 13 40 97 26 62 15 60 28 72 84 98 50 87 64 11 69 56 92 82 77 31 66 87 99 71 49 80 46 33 66 90 7 76 13 82 60 60 4 92 67 71 34 14 37 54 19 53 16 61 75 17 87 98 31 19 74 56 76 23 94 49 99 45 24 54 1 44 45 39 50 60 86 4 16 6 67 89 13 50 4 21 83 42 82 41 96 86 91 44 12 64 33 100 40 82 34 4 89 38 14 67 11 29 84 79 16 57
61 1 50 61 56 90 36 10 33 97 64 26 22 8 55 86 79 33 80 45 25 72 97 36 66 93 91 86 27 86 1 78 43 99 68 39 69 6 74 91 15 100 85 48 10 83 95 58 31 90 33 88 13 23 18 48 11 2 16 57 65 10 34 73 85 84 9 24 29 67 94 91 78 42 32 83 98 97 41 20 85 80 85 47 88 9 96 82 15 40 64 37 54 74 50 13 23 69 8 70 27 77 21 10 9 30 82 5 27 1 36 36 40 25 75 15 21 38 38 53 93 2 36 91 84 92 13 56
87 40 93 55 55 69 48 45 7 95 40 98 92 21 99 45 44 78 13 52 27 78 23 45 32 92 53 10 93 52 7 68 14 58 22 88 21 50 13 21 41 66 70 45 11 27 68 48 58 100 39 15 8 65 66 12 45 75 61 44 85 11 74 68 0 21 16 1 61 13 72 9 92 6 3 73 29 64 81 74 88 62 43 80 79 50 40 33 74 45 57 39 53 92 1 2 48 22 83 44 72 33 76 69 14 66 84 16 67 78 5 63 52 4 0 32 93 45 98 13 89 49 64 34 51 49 19 46
26 7 100 57 17 100 20 12 78 99 21 36 3 57 45 67 95 7 2 19 70 73 45 34 49 79 84 57 12 35 98 94 34 93 9 78 52 45 58 96 30 78 89 94 46 0 36 45 52 96 27 50 92 89 48 82 20 71 71 9 62 93 79 49 28 14 81 73 7 60 43 87 38 26 92 37 16 48 12 97 24 87 11 1 66 72 64 25 48 98 57 89 88 49 60 71 69 11 65 55 6 10 55 77 87 44 46 27 71 61 31 24 67 42 61 62 98 81 30 12 58 71 50 100 18 80 3 81
56 63 49 63 9 14 76 26 19 0 65 26 32 29 64 44 88 20 68 66 90 53 10 69 19 36 58 31 28 61 97 70 46 33 33 65 11 38 48 82 2 11 80 96 94 1 17 16 28 75 55 34 20 71 82 94 62 39 59 28 78 68 2 53 100 3 42 55 12 42 94 43 6 77 82 99 28 12 52 56 62 49 68 83 80 92 24 91 19 27 53 60 12 22 35 63 44 9 95 8 3 90 72 21 65 50 55 36 1 53 34 40 25 85 1 23 20 93 95 54 98 48 61 82 31 91 19 62
93 99 67 53 56 85 98 83 22 23 69 61 36 44 12 86 79 30 52 73 66 8 9 99 6 87 47 61 56 96 47 90 85 33 56 47 31 42 40 24 1 53 26 48 98 64 29 28 32 20 27 23 65 43 28 40 75 36 84 0 91 77 46 28 80 1 73 35 92 3 11 59 78 92 68 23 76 98 29 34 26 32 1 81 6 15 96 51 69 31 65 54 55 70 12 68 8 15 49 5 30 9 64 40 15 69 5 41 83 40 96 22 89 39 66 1 10 14 12 9 90 56 47 70 9 61 25 96
