55 65 49 41 19 98 69 55 67 52 4 59 3 78 20 79 40 47 79 11 9 46 76 22 40 97 87 88 53 56 41 77 84 21 36 22 94 85 54 43 19 91 34 42 30 56 79 17 73 4 73 74 42 91 20 96 26 70 73 99 70 56 56 100 16 75 81 48 32 38 83 56 26 77 76 88 32 77 61 52 54 16 68 82 24 9 90 97 5 46 55 23 62 59 68 91 100 35 61 87 21 1 60 41 33 9 21 49 15 60 5 3 83 23 42 66 71 50 13 8 32 33 63 39 24 70 94 7
82 56 53 41 100 47 17 76 5 28 86 13 48 39 89 10 33 8 31 59 49 67 3 95 39 54 80 16 24 47 15 47 42 64 60 6 25 46 73 1 84 46 27 25 72 95 13 78 76 86 21 49 4 42 31 89 20 36 47 94 83 97 86 50 59 35 58 77 1 32 14 57 100 16 67 23 35 85 22 59 37 31 25 95 55 26 11 43 28 61 73 1 75 35 86 61 1 9 7 76 88 13 23 52 30 36 42 96 70 49 38 35 4 73 43 76 9 19 31 47 60 78 52 15 100 96 6 13
98 90 43 75 71 54 19 2 39 30 35 20 35 11 30 96 4 27 66 66 59 76 3 54 31 55 41 39 68 27 34 40 60 100 42 29 22 33 80 75 87 60 38 52 32 95 10 69 90 17 40 70 60 89 78 61 73 14 95 65 96 13 77 30 57 41 22 71 18 78 75 64 62 51 48 26 82 58 83 41 36 48 67 60 54 55 7 18 44 10 67 46 78 31 46 20 8 70 27 21 76 63 54 68 58 18 46 16 80 15 93 83 14 98 31 35 48 20 35 99 79 23 40 72 39 28 20 65
51 68 46 91 85 93 37 72 26 62 59 35 49 22 64 57 37 19 35 81 100 15 37 94 66 0 49 52 26 97 68 7 69 10 37 65 59 56 64 26 44 7 83 27 61 90 99 14 82 71 24 91 20 65 88 1 7 11 97 52 82 47 74 27 67 17 72 83 45 15 14 37 32 78 20 67 29 14 37 58 52 55 23 47 99 48 48 79 81 48 70 48 29 37 2 92 95 6 34 95 62 44 52 49 71 41 75 17 6 35 43 72 90 51 55 100 66 78 78 16 30 3 51 18 93 35 61 81
90 0 16 80 80 94 71 32 22 100 27 68 6 63 13 13 86 84 77 46 43 25 65 14 42 99 17 19 43 97 95 83 71 95 68 18 42 20 100 76 100 6 4 53 47 80 51 34 41 94 39 90 43 59 15 37 47 63 11 82 42 61 22 34 12 52 5 46 27 93 47 78 15 35 68 19 79 76 29 41 61 9 8 18 42 40 95 14 3 79 67 14 67 15 1 96 39 54 8 33 85 100 97 7 44 40 14 89 23 19 17 41 36 55 64 92 15 21 64 84 8 26 67 44 18 42 33 100
70 82 80 19 6 79 12 35 60 35 12 53 49 65 96 64 87 51 55 100 42 40 66 11 54 20 93 0 30 77 65 7 79 84 93 63 8 29 33 26 100 31 41 99 45 2 37 6 27 93 24 14 27 16 65 23 18 15 74 14 99 75 90 72 36 44 26 48 20 94 4 49 84 91 59 72 68 63 70 15 96 24 34 43 12 10 90 74 64 72 96 8 47 31 31 100 9 71 71 16 78 19 96 35 8 47 30 76 88 45 17 96 0 47 23 0 91 18 9 5 2 16 35 19 44 64 6 66
4 77 2 44 58 19 97 21 95 95 95 58 70 60 78 49 69 63 93 19 48 59 89 35 2 5 28 71 25 21 9 55 30 57 8 49 19 14 68 22 5 56 60 78 1 61 49 87 11 52 99 84 75 35 9 64 65 77 34 74 58 31 18 49 73 54 81 73 52 39 23 3 18 86 91 34 36 67 100 94 19 52 38 95 36 18 71 90 6 10 50 21 98 24 42 20 35 88 81 69 60 70 77 57 34 4 36 19 25 25 7 32 83 69 39 95 82 7 23 1 39 2 68 36 64 35 100 93
5 3 24 90 62 45 24 17 13 22 23 58 10 10 20 9 68 26 9 31 45 77 42 45 5 51 89 49 53 22 5 53 99 59 57 46 53 70 83 70 75 48 64 23 16 93 45 70 57 46 60 0 50 0 76 40 27 100 60 97 41 25 78 88 31 17 20 8 17 53 96 3 57 84 48 39 16 76 96 30 43 96 56 98 37 99 30 99 14 77 85 14 82 69 35 69 18 90 12 39 69 95 36 26 76 85 98 69 3 72 68 65 13 40 2 61 9 26 30 94 99 62 13 18 29 78 72 81
28 47 32 63 80 66 12 55 47 93 31 77 21 81 9 2 37 90 59 46 45 78 80 3 76 27 77 16 23 39 83 74 41 46 94 49 35 15 89 97 69 72 24 24 40 32 80 43 100 21 59 88 75 81 31 31 51 94 74 37 7 71 53 40 1 97 83 87 6 96 60 81 69 26 48 94 66 8 0 12 30 97 27 2 98 99 96 67 61 64 86 60 29 43 82 18 87 67 52 2 83 82 63 44 47 37 1 80 80 61 78 80 65 80 24 12 15 83 23 100 22 8 94 59 14 99 38 9
18 40 27 88 96 14 47 62 15 95 63 59 54 31 0 70 91 96 32 1 12 9 85 63 0 89 18 80 58 32 22 93 1 38 22 51 66 64 81 76 67 47 55 0 69 14 80 81 84 82 67 64 59 64 5 5 1 76 88 73 84 34 96 21 71 95 53 88 66 93 49 93 2 38 74 74 94 86 6 89 14 11 60 55 80 39 20 15 75 94 70 83 59 92 41 22 61 64 4 73 55 60 20 85 3 3 63 100 76 99 71 59 30 21 69 26 90 52 46 87 59 34 38 64 8 90 58 0
23 17 30 6 17 1 39 89 7 49 13 11 64 86 41 87 14 63 58 72 29 10 60 61 54 62 83 57 49 98 2 13 66 64 98 19 13 86 57 48 42 60 44 80 35 34 41 64 86 0 78 88 60 52 43 11 73 20 39 47 29 99 45 28 31 2 35 86 95 2 47 47 31 88 76 10 17 53 73 85 39 67 73 7 65 81 34 79 67 67 92 32 80 95 47 4 5 93 61 72 36 66 70 54 82 0 56 63 60 20 89 40 68 93 61 55 73 40 90 33 43 66 54 92 79 92 22 32
69 58 49 59 0 59 43 99 56 88 0 10 95 67 60 21 13 69 9 38 54 74 78 39 2 91 0 5 26 32 52 22 100 48 32 1 78 76 37 83 75 78 62 2 72 51 72 42 83 73 79 56 45 97 88 37 1 41 34 8 25 97 48 97 27 18 59 54 37 49 8 58 24 58 46 22 0 19 50 68 74 35 26 23 73 62 66 55 27 6 11 89 12 97 64 54 41 15 5 73 7 10 55 81 16 70 86 40 89 92 65 73 76 0 52 99 6 86 32 49 40 7 66 25 97 97 39 3
70 7 15 86 42 28 75 23 82 35 97 78 80 53 82 62 90 30 5 65 50 51 67 72 93 84 20 41 46 30 75 82 95 55 64 31 86 50 18 30 98 1 59 97 8 17 55 87 34 63 54 90 84 66 3 97 42 6 74 53 7 78 77 60 34 29 78 4 79 21 43 5 2 3 16 91 39 23 96 35 54 90 64 20 93 54 25 5 80 48 64 74 57 8 71 44 52 62 46 75 72 9 57 70 15 23 59 77 20 71 82 8 80 11 27 45 6 24 2 69 90 27 14 82 35 8 85 57
44 88 23 72 49 2 69 19 79 62 70 17 3 89 85 2 85 19 79 41 14 49 33 20 88 38 90 1 89 82 63 18 14 42 25 38 50 15 28 49 38 78 7 83 64 47 26 51 28 53 22 95 12 36 29 24 47 19 30 97 60 37 51 9 98 23 76 96 7 71 70 23 5 64 64 37 26 27 95 69 97 82 44 8 12 39 96 7 57 16 97 91 49 70 82 28 34 80 23 75 51 48 44 99 2 97 55 31 91 41 55 23 66 35 37 43 11 86 63 73 86 3 62 19 62 14 94 67
57 16 65 86 57 49 93 96 16 64 16 60 93 75 51 71 92 47 82 52 75 28 82 89 48 44 51 30 20 79 90 48 40 72 46 22 65 98 9 31 30 18 34 52 42 45 33 93 56 58 37 16 29 33 29 97 47 37 84 14 7 83 92 76 54 9 36 75 8 43 4 59 80 78 48 94 48 88 47 30 76 95 48 33 45 30 47 77 10 7 74 29 26 52 31 58 71 11 9 41 78 51 97 35 2 64 59 52 28 46 52 45 33 5 73 45 92 29 27 13 53 9 30 9 32 78 42 100
97 23 31 20 64 17 5 69 22 78 67 67 14 70 55 16 2 79 91 53 79 67 64 89 45 8 46 40 89 71 24 100 46 99 25 24 1 7 39 89 97 78 25 36 58 76 87 65 26 10 91 100 19 94 48 56 54 86 21 18 12 36 3 31 31 31 11 82 25 12 10 95 13 0 80 45 75 51 57 82 2 20 11 48 58 49 27 95 92 76 10 40 51 19 62 13 13 47 81 91 61 9 20 0 11 16 32 16 27 20 46 76 37 31 64 48 97 9 51 7 58 93 68 47 91 43 70 68
90 93 19 34 26 100 7 20 63 30 90 39 69 25 81 2 49 83 3 13 95 64 3 86 37 69 22 65 82 70 55 41 78 78 34 4 37 76 84 46 87 74 62 17 36 25 79 40 44 39 53 9 17 95 64 70 51 7 11 63 35 62 66 38 71 13 24 60 90 13 88 75 59 18 91 2 94 52 79 9 0 47 64 86 33 80 83 65 93 10 8 44 43 98 12 88 57 7 52 93 77 84 73 56 79 50 85 38 99 54 4 15 99 77 52 31 29 38 47 53 89 60 86 55 55 30 67 24
76 21 64 89 82 96 26 53 16 55 55 58 19 80 78 98 17 9 83 86 69 36 80 68 48 5 65 22 89 16 40 34 67 89 17 45 48 52 20 66 61 32 58 2 70 38 39 1 50 22 37 59 71 25 74 88 62 9 69 84 33 1 83 77 32 83 75 63 48 72 57 26 99 32 37 79 68 87 44 84 55 4 68 7 97 9 37 70 63 22 97 5 7 75 34 49 88 56 82 79 99 3 11 26 53 44 77 75 7 59 40 85 86 9 25 65 63 54 43 29 34 92 64 26 91 0 58 50
53 95 46 30 83 83 39 16 52 5 46 94 52 29 13 30 60 82 54 84 55 16 46 26 10 63 36 32 68 76 29 57 38 10 29 26 70 100 19 70 67 5 61 95 83 11 85 65 73 34 40 61 32 81 47 62 31 48 97 42 46 40 38 35 39 81 73 60 88 73 48 87 2 71 3 25 98 100 78 49 86 49 12 32 14 59 89 94 15 58 64 72 90 59 78 28 57 85 73 81 27 25 16 30 57 43 88 70 93 35 98 51 55 90 90 52 12 19 64 14 24 58 85 66 26 28 56 80
24 3 24 19 20 77 93 65 11 41 58 75 71 21 92 81 70 34 43 22 76 85 19 86 13 59 78 80 100 71 82 66 92 43 5 1 29 32 99 31 15 21 92 34 90 98 43 5 2 94 78 96 22 99 79 77 38 11 50 95 1 36 13 67 94 10 77 9 37 57 53 90 27 43 68 78 14 92 83 11 63 76 95 18 81 11 55 81 76 14 63 13 14 89 51 79 65 28 79 42 79 76 41 95 1 8 19 22 37 3 6 19 31 75 3 69 88 84 55 76 13 66 4 28 56 91 51 91
42 96 73 84 22 35 19 46 85 74 32 35 26 59 72 39 95 35 48 57 19 71 67 94 13 7 14 66 86 14 55 16 79 52 67 37 3 44 78 67 60 95 43 42 26 34 1 12 68 80 20 17 25 86 76 69 4 66 12 37 70 88 77 82 83 24 32 70 88 87 44 27 5 17 48 25 12 84 65 34 15 72 49 71 23 84 96 62 57 55 49 67 69 19 99 97 68 47 36 19 23 77 36 53 29 0 33 34 19 3 1 55 52 10 83 2 59 91 65 100 55 78 23 59 1 5 59 63
18 87 90 12 79 18 95 58 88 50 99 83 11 63 93 28 48 1 7 23 30 86 23 42 77 27 21 39 79 45 55 20 47 17 54 18 14 43 32 58 44 15 55 26 10 45 31 15 86 16 61 0 82 91 10 50 43 39 93 11 60 66 34 33 29 1 33 71 60 13 94 70 83 5 94 88 72 46 83 90 79 61 17 77 23 19 0 75 7 60 13 8 8 0 26 50 89 40 39 62 0 12 63 67 26 25 21 77 19 24 10 5 14 10 68 30 87 100 3 41 80 95 88 4 34 31 46 68
68 82 23 44 73 60 53 42 6 33 5 41 20 5 20 29 22 79 37 47 8 82 77 28 25 95 65 79 74 19 93 38 51 90 28 93 25 48 78 41 7 61 46 84 36 3 36 39 67 17 90 7 84 97 75 35 66 70 64 9 82 82 47 15 64 29 71 55 31 9 64 61 98 44 28 57 59 1 67 89 2 89 90 85 11 26 5 54 52 39 53 26 43 68 20 30 35 97 71 17 95 97 20 81 0 16 75 38 68 7 72 62 49 70 65 88 11 25 56 55 42 63 58 15 43 28 81 56
94 51 17 26 39 95 45 40 45 20 28 93 46 74 6 36 64 58 98 16 67 94 25 8 84 25 68 58 70 17 33 69 100 60 13 41 0 58 22 36 2 11 20 84 67 0 10 30 67 39 61 67 71 90 64 65 30 92 71 85 9 12 61 47 42 61 60 83 27 100 89 2 97 11 21 98 83 21 9 0 100 39 1 41 33 37 50 94 41 52 43 94 69 76 100 47 2 13 44 0 15 1 92 17 24 90 17 93 20 8 20 83 69 85 10 12 54 69 75 80 32 4 16 92 25 96 15 23
55 85 11 36 60 27 88 15 1 58 38 51 39 6 36 82 52 91 37 90 63 99 96 25 20 24 50 30 0 38 87 72 64 90 29 51 33 81 56 64 38 34 34 68 67 41 20 78 24 96 29 45 92 27 98 26 53 79 91 59 72 76 46 66 50 52 46 9 86 25 64 85 6 75 52 97 59 58 81 10 20 11 76 69 5 81 26 98 91 51 6 80 98 33 68 53 91 73 4 10 72 61 36 64 86 84 47 7 40 99 43 13 44 97 42 52 38 82 96 35 17 50 66 18 16 32 47 91
52 40 8 10 61 97 84 12 12 56 100 1 38 88 53 30 11 74 19 71 92 81 94 28 28 31 94 23 62 64 57 60 24 79 28 65 8 99 36 77 86 63 36 59 62 12 95 42 44 38 52 89 98 29 40 49 48 96 10 26 83 22 93 20 89 86 9 26 52 12 31 38 51 7 51 32 6 78 15 46 0 10 21 70 83 8 69 76 99 69 47 22 81 65 1 61 82 26 60 97 26 1 38 66 23 82 4 24 37 30 100 81 84 13 7 3 91 64 57 39 58 3 1 43 16 40 100 35
71 19 82 59 39 75 43 13 98 71 15 39 64 16 7 61 92 96 66 79 79 35 95 1 3 75 85 93 3 29 32 58 50 27 64 76 32 3 6 43 100 51 32 3 32 80 8 39 75 5 96 29 70 86 55 92 80 47 95 65 4 69 63 23 46 18 99 98 5 72 32 95 59 71 0 47 38 96 35 0 70 19 40 100 13 65 72 33 18 99 89 67 76 15 71 78 83 45 96 34 91 39 97 49 13 26 74 89 19 68 35 82 44 86 91 21 99 35 25 3 82 42 49 16 55 53 42 46
92 26 7 3 89 32 4 64 39 55 92 84 11 3 80 34 8 18 59 94 79 30 27 84 21 83 45 51 62 87 68 57 41 73 29 76 23 96 15 9 56 82 27 11 7 23 72 4 17 76 1 95 84 85 88 99 36 62 53 73 72 67 7 10 14 94 69 70 21 61 30 76 78 60 37 93 57 69 35 88 67 25 60 81 72 50 79 26 75 76 44 74 36 42 91 51 39 2 98 68 23 79 42 42 77 66 53 99 64 53 10 10 6 95 60 21 40 93 74 25 29 47 64 31 14 5 46 13
34 10 72 18 66 39 50 61 61 71 73 44 83 4 0 77 56 61 76 28 36 74 93 29 13 35 71 52 18 2 9 38 39 52 95 63 42 11 73 56 98 56 57 30 64 31 13 10 38 77 92 78 2 43 88 28 6 5 47 47 23 33 55 67 96 28 20 12 68 17 60 52 83 28 24 65 87 68 33 2 13 28 74 68 21 20 30 86 71 94 54 27 78 20 73 70 10 88 1 82 87 16 60 41 91 4 60 10 35 39 81 11 59 64 60 60 44 15 74 36 0 5 3 96 97 28 1 21
71 82 38 71 47 94 64 10 70 76 16 99 80 53 98 5 20 17 23 33 43 10 87 28 50 78 72 54 60 23 42 100 43 69 73 45 54 62 35 53 14 37 28 49 51 38 3 30 15 5 73 49 4 43 96 41 29 62 56 54 63 14 63 13 86 58 64 60 98 59 14 98 24 57 88 85 29 38 27 9 29 91 77 94 33 86 57 43 3 88 18 10 69 70 15 48 86 54 17 10 47 0 39 56 69 86 65 10 23 23 17 72 72 75 22 39 54 63 82 3 67 72 97 10 46 17 5 35
72 64 82 96 60 25 80 53 2 36 57 34 97 58 92 55 58 67 83 41 73 91 87 1 49 70 66 39 10 77 48 79 83 57 61 84 90 60 24 18 20 70 52 12 53 52 37 56 13 78 70 93 44 61 61 55 33 87 17 2 19 53 74 0 47 53 26 50 9 50 68 17 71 50 83 31 64 1 80 65 7 57 29 43 61 44 27 55 73 48 72 9 61 93 22 51 57 38 78 43 98 0 64 9 3 75 96 24 65 77 28 46 42 55 67 13 52 38 55 48 11 38 80 39 49 98 16 64
14 72 31 35 8 56 74 55 70 77 82 87 52 36 9 97 37 28 69 75 37 68 0 54 54 39 27 75 25 37 56 76 66 18 39 66 40 90 12 10 98 58 50 54 82 57 58 94 66 74 29 17 82 69 30 40 20 19 93 89 74 22 99 100 57 3 20 64 13 32 25 34 55 6 1 22 71 54 2 82 62 30 71 57 59 45 3 58 58 4 49 21 19 100 54 20 68 74 28 32 58 39 27 92 46 38 76 23 5 11 46 13 74 17 70 62 59 20 76 34 46 28 100 86 59 53 3 44
27 32 35 46 72 37 79 62 71 94 62 80 81 79 38 0 17 72 40 12 48 64 58 1 78 89 78 100 48 55 97 45 24 44 75 11 48 35 46 14 78 52 54 42 75 43 73 84 82 55 24 61 79 30 0 74 72 33 7 67 91 88 35 90 87 67 47 3 20 55 45 50 16 75 40 50 29 98 13 10 36 94 82 44 80 57 29 93 36 76 56 29 76 15 14 96 89 6 78 70 98 56 58 50 17 29 58 33 65 79 78 68 54 50 2 66 57 35 0 99 53 35 19 65 23 66 69 38
41 94 65 9 28 44 6 61 100 74 93 1 30 49 14 59 97 69 67 8 14 67 27 59 83 18 0 52 79 93 54 19 56 30 95 48 11 16 30 3 49 97 13 19 57 41 78 62 95 82 59 33 91 69 37 96 64 84 52 91 12 8 97 51 73 81 100 28 7 79 56 99 83 69 33 59 79 40 89 35 17 88 54 50 4 31 9 64 50 47 74 11 2 38 39 74 65 8 88 55 35 40 67 82 16 2 94 38 27 37 92 6 63 64 66 49 90 80 17 68 95 48 84 79 85 7 1 17
91 47 87 67 84 46 33 0 93 11 97 79 21 84 73 37 87 42 0 90 4 100 1 33 26 41 36 91 64 54 53 31 70 57 53 20 34 86 48 63 2 74 26 8 65 19 4 12 40 92 67 88 95 35 95 35 43 91 86 88 18 38 19 89 5 17 34 65 80 38 12 41 11 12 98 83 46 29 12 65 11 63 99 70 34 36 40 27 98 59 63 78 27 77 15 65 58 98 54 42 29 99 72 21 6 60 5 59 6 15 40 91 59 72 62 82 86 94 28 22 63 90 24 24 66 42 27 25
34 40 61 32 73 34 22 82 40 49 54 47 41 89 72 74 60 15 42 67 2 85 88 80 70 27 20 88 58 50 48 74 100 75 34 59 61 59 80 44 46 96 15 52 77 81 46 63 96 53 84 65 53 98 3 3 39 23 40 99 20 19 23 55 63 27 34 49 62 40 48 86 4 94 26 55 38 13 35 88 25 26 43 50 21 20 54 16 98 86 30 45 73 48 100 18 91 18 67 10 77 85 13 69 17 72 23 57 37 44 78 36 47 75 62 24 57 56 38 14 21 44 31 31 77 59 99 32
62 89 84 62 10 24 39 18 32 4 15 30 11 73 40 32 24 60 82 77 9 72 92 56 57 24 57 16 88 0 35 91 48 83 55 25 39 88 24 90 45 11 25 57 42 70 6 71 100 11 85 97 76 53 56 78 45 46 19 20 25 18 66 76 99 23 56 63 27 100 94 82 15 9 64 47 76 80 57 30 40 25 6 67 28 82 7 0 82 50 99 80 79 39 72 76 98 56 23 37 37 66 12 77 95 22 52 43 74 24 13 68 98 41 78 34 57 85 40 64 16 93 52 71 29 35 47 90
7 67 86 32 60 52 43 93 33 78 99 43 6 49 35 57 38 43 33 86 33 79 37 89 95 71 50 12 12 65 84 32 61 14 71 85 76 82 86 94 3 26 97 100 43 94 19 85 92 5 52 83 45 50 93 65 89 0 77 44 29 92 57 74 47 67 91 42 28 68 29 40 100 17 10 77 49 81 11 48 94 96 65 65 23 63 72 72 93 9 46 37 96 12 90 34 94 86 53 76 32 25 52 75 12 25 8 85 81 59 97 78 89 92 97 3 12 35 37 44 57 43 99 99 8 72 69 30
92 49 68 77 95 43 68 78 31 2 91 100 22 30 63 36 88 47 37 100 50 17 53 51 60 77 10 94 18 40 77 44 46 50 10 78 35 15 25 88 9 17 100 32 53 32 75 31 56 14 79 29 78 58 24 56 52 23 9 97 12 49 49 92 69 9 3 20 55 100 42 61 53 83 53 51 82 5 95 81 22 78 58 62 11 84 47 4 3 68 42 69 51 68 72 65 94 56 0 25 69 52 0 28 48 41 25 80 65 50 73 17 16 11 87 71 14 67 58 9 24 99 16 91 31 22 43 13
35 28 46 97 21 40 81 96 79 63 23 21 37 61 90 19 98 50 99 5 6 93 59 67 49 12 56 21 10 25 42 63 45 70 79 64 0 25 47 34 9 81 6 91 100 60 28 9 4 10 8 91 56 33 48 15 79 62 33 48 34 21 89 48 99 47 72 68 31 18 74 88 97 97 41 100 29 7 40 12 41 65 89 98 55 46 88 79 96 93 15 28 6 40 54 74 20 6 48 41 4 85 63 63 64 58 90 64 33 99 36 21 76 37 64 60 50 39 15 53 16 19 19 89 39 28 89 90
39 33 76 31 47 41 65 9 39 77 37 46 1 20 74 13 7 6 55 76 2 71 21 22 89 48 86 19 16 27 62 3 80 64 25 29 35 5 87 19 56 17 25 70 94 55 99 10 84 4 66 12 52 49 35 7 84 89 53 54 95 94 71 32 87 2 85 31 12 86 46 0 15 88 52 92 64 38 46 95 87 87 97 30 45 89 16 40 66 66 22 13 56 35 43 90 15 76 65 39 73 70 69 86 81 74 8 82 58 3 81 97 70 69 31 53 94 14 22 24 62 60 93 70 30 82 81 92
91 40 64 36 36 25 40 47 99 7 90 31 73 84 44 70 20 100 46 9 96 79 2 99 44 44 43 4 70 84 2 83 99 88 51 23 10 12 31 36 86 44 72 62 58 21 77 46 21 30 30 64 25 98 19 88 36 82 29 93 94 34 24 90 13 3 15 74 38 27 41 71 41 8 62 70 14 47 27 35 64 22 58 18 22 66 83 87 43 63 91 42 50 92 100 25 20 61 69 6 81 94 56 45 95 46 47 2 68 63 20 46 53 17 45 64 72 22 77 62 98 96 65 24 15 28 73 20
47 60 2 53 8 23 83 90 44 82 87 65 39 58 20 43 80 53 53 42 60 34 84 26 65 63 26 70 79 0 94 46 20 38 9 38 32 91 0 51 63 13 71 100 20 31 23 1 74 27 71 57 85 19 49 90 67 44 84 76 96 62 30 17 97 3 59 85 4 69 26 20 60 82 50 59 20 14 67 59 22 54 91 59 73 33 45 94 28 2 79 56 96 51 60 29 50 59 64 7 34 87 28 86 51 8 32 83 79 2 78 61 16 28 57 14 21 57 56 46 10 27 78 28 19 94 15 40
43 82 3 20 65 84 81 30 8 72 22 37 46 44 3 50 46 82 66 16 11 10 16 41 32 51 18 83 20 19 83 55 46 7 42 11 38 78 42 88 25 59 28 28 74 81 78 30 63 87 53 42 80 72 3 19 15 52 0 86 91 11 81 19 41 60 31 53 19 68 72 13 95 51 2 8 27 13 68 61 36 43 93 26 60 25 27 38 77 31 88 62 11 85 22 48 43 84 13 54 0 50 70 76 56 84 24 14 20 76 1 12 56 87 44 41 21 45 60 54 19 74 84 83 36 56 77 32
37 60 39 78 85 98 16 31 12 47 49 82 66 72 58 20 7 75 53 92 40 4 7 44 70 91 96 68 33 45 92 79 35 96 15 34 26 33 78 53 30 48 65 14 41 66 18 75 65 36 70 26 98 91 53 44 6 1 32 19 20 36 91 29 80 85 41 6 63 14 72 75 44 61 79 97 52 47 47 32 13 51 37 84 14 78 35 94 39 35 27 74 29 65 69 83 68 16 73 19 73 58 70 95 61 69 49 99 66 98 20 72 91 40 48 69 84 43 37 23 85 48 25 89 96 73 26 56
90 29 40 9 51 76 57 83 80 15 45 50 49 34 68 97 62 12 67 85 69 70 76 22 19 45 26 5 12 13 31 52 53 61 92 60 46 69 24 30 94 60 89 17 2 3 81 93 13 56 13 69 24 26 39 82 30 92 66 60 6 98 57 35 54 60 95 18 86 60 60 22 68 76 18 42 39 44 44 54 43 21 87 86 100 66 81 43 43 27 86 54 16 25 48 7 5 89 96 41 91 57 72 89 97 49 37 15 24 10 65 3 7 46 83 49 18 2 37 2 52 6 97 55 20 47 59 35
42 81 37 82 12 69 70 24 48 82 85 86 92 44 88 86 59 10 44 42 48 80 38 10 19 78 44 15 72 57 60 0 47 1 66 46 98 56 49 31 43 4 62 33 89 42 9 78 13 91 47 67 8 77 97 61 84 75 97 85 49 76 43 71 90 55 29 85 38 17 2 48 24 59 8 6 93 90 49 81 4 21 55 89 36 2 29 16 69 91 32 86 40 31 29 3 23 96 67 62 45 62 97 70 94 79 93 35 72 13 50 90 0 52 60 3 58 37 95 81 66 68 50 38 59 100 44 20
94 88 27 88 49 11 47 2 11 24 10 65 64 45 31 49 79 72 42 81 52 93 93 43 53 66 14 19 74 73 99 96 93 72 67 57 23 13 56 58 24 5 75 99 76 83 46 22 89 3 7 55 86 46 74 11 53 72 27 5 49 27 31 41 11 4 52 96 57 61 12 19 21 21 52 5 39 99 54 37 14 37 12 24 67 69 58 72 96 99 55 78 31 75 24 4 92 11 77 39 28 91 25 29 57 33 32 90 77 30 30 52 23 81 6 100 90 90 18 40 48 58 99 17 41 22 15 7
78 80 43 16 27 43 55 63 100 77 32 34 68 69 22 63 42 3 45 31 7 87 5 50 92 48 8 61 54 83 54 78 72 30 94 77 70 81 36 93 78 43 11 68 82 89 47 35 55 56 3 13 40 53 53 51 57 53 39 45 7 86 78 40 17 29 41 10 4 26 6 58 23 77 79 13 81 71 37 7 2 75 23 37 85 82 75 55 11 29 66 78 4 44 73 99 90 7 19 15 75 96 90 0 10 58 85 15 97 41 53 44 61 10 20 85 80 93 76 18 39 63 55 32 12 92 57 30
78 95 26 65 99 18 55 75 23 13 35 22 2 2 15 6 57 65 32 41 18 93 71 42 0 77 68 0 86 72 2 50 50 57 88 45 17 49 90 20 89 79 86 53 61 40 6 37 3 90 94 46 2 57 69 48 53 22 33 40 87 28 29 16 60 15 17 63 22 74 88 76 32 82 3 39 34 97 52 90 57 57 81 66 88 90 100 92 26 47 32 9 63 51 28 78 86 34 67 97 43 29 22 85 9 47 28 24 4 49 46 76 43 58 15 1 72 6 14 94 14 74 61 95 58 88 17 23
36 62 28 74 61 61 23 52 87 98 78 46 89 57 52 21 64 82 12 52 65 87 20 7 27 66 79 33 39 15 46 68 87 66 68 65 75 24 44 52 60 30 18 62 98 45 72 83 41 41 17 49 10 91 94 42 93 65 24 52 69 9 47 58 59 95 13 5 62 87 2 20 30 23 71 99 52 90 12 24 73 92 79 41 84 77 25 11 15 84 16 12 53 34 10 31 20 1 35 89 55 77 44 2 51 30 28 15 53 11 35 69 24 94 24 89 11 48 13 79 25 74 67 93 63 34 39 1
31 15 12 74 18 73 6 79 97 29 32 14 0 96 5 35 12 95 98 74 96 65 16 97 39 71 75 54 77 14 62 61 84 92 0 16 6 96 78 85 27 90 29 41 33 93 35 48 4 95 64 23 35 63 94 67 23 96 51 39 86 91 22 84 38 68 43 12 79 6 93 78 94 1 24 90 85 14 11 81 22 100 46 33 46 90 32 36 100 24 45 16 27 59 60 37 75 61 91 7 84 56 17 57 54 51 75 43 99 71 30 47 27 93 30 57 8 22 38 81 10 48 95 66 14 30 38 60
25 79 27 21 45 28 36 33 7 26 21 7 25 35 44 48 38 78 69 90 55 36 72 51 69 75 0 40 49 93 26 61 25 67 68 54 25 32 1 90 37 7 18 82 31 30 14 30 38 93 12 43 42 86 79 44 71 76 11 65 47 72 0 36 15 77 37 57 64 31 13 17 0 42 4 68 79 23 77 48 77 22 18 24 40 74 76 72 53 18 13 51 75 75 25 50 90 57 84 20 83 81 100 19 35 17 15 64 68 22 81 97 53 47 42 65 3 58 25 16 43 5 74 10 19 46 91 96
73 45 71 73 43 38 55 47 0 43 82 47 22 13 79 98 44 54 82 97 47 89 100 56 95 0 26 15 90 66 97 88 94 77 39 54 92 85 14 37 55 71 91 64 3 85 12 26 38 89 68 69 22 45 26 40 51 64 97 72 38 61 30 39 69 94 15 18 98 45 20 28 14 15 25 13 33 87 23 32 6 5 38 80 57 36 74 66 86 100 86 18 46 60 13 29 42 42 21 13 51 94 95 92 20 18 26 38 47 48 28 54 62 82 26 92 19 5 4 12 9 89 16 91 10 59 22 95
66 61 34 65 42 19 30 93 64 20 43 37 56 14 81 76 44 40 69 15 64 91 0 36 18 62 71 69 7 70 69 42 80 69 76 88 40 82 89 57 46 91 38 59 4 40 97 1 97 63 62 49 87 96 98 20 12 94 97 18 5 36 17 48 92 36 20 88 20 21 92 97 56 15 5 83 66 89 71 70 71 86 62 60 70 14 92 66 85 0 68 99 84 41 80 92 88 58 67 42 89 34 8 92 58 73 17 42 82 45 93 99 15 10 47 77 68 33 82 92 16 27 85 8 97 48 29 95
14 76 65 44 55 91 45 7 66 26 92 6 21 77 75 90 40 34 10 62 43 55 85 41 42 12 50 50 18 26 27 98 59 40 30 93 39 61 60 54 87 46 64 4 92 57 93 70 48 2 90 100 24 29 59 44 50 59 1 29 30 46 83 86 98 46 22 41 21 51 78 43 53 11 73 37 73 2 0 26 50 66 96 56 99 71 98 41 28 97 8 25 82 3 10 39 42 16 13 99 31 67 66 79 64 77 35 5 68 59 22 6 23 73 33 61 66 97 63 95 7 17 89 80 31 32 90 3
90 89 4 54 79 41 16 87 70 50 6 49 71 19 18 86 33 27 69 56 68 5 91 7 46 57 40 54 71 11 100 57 71 49 51 50 87 8 9 75 7 71 31 49 90 17 30 62 12 83 48 39 33 38 0 86 48 96 40 57 15 77 75 56 100 76 91 16 0 43 91 4 51 95 69 27 56 10 72 51 4 71 59 1 2 97 79 40 62 98 69 60 16 15 78 13 22 52 17 18 39 51 1 50 97 18 63 84 49 84 87 45 54 26 84 61 41 69 38 9 71 73 66 10 41 96 28 96
35 98 99 28 85 93 13 74 44 42 0 96 80 75 61 71 4 20 95 29 58 6 37 46 1 10 13 18 6 88 8 42 65 34 87 56 38 82 84 27 74 65 20 20 52 78 3 71 9 54 6 68 82 16 91 91 94 99 13 65 47 48 26 72 58 0 23 87 99 24 89 25 19 64 86 28 17 45 9 100 71 58 98 76 43 74 100 50 42 22 60 66 4 97 27 22 62 2 3 26 97 73 40 21 39 66 59 40 76 29 23 63 11 92 35 44 84 72 66 56 85 4 44 63 15 60 28 97
78 52 22 79 13 68 12 83 43 33 86 92 2 58 59 6 24 74 60 64 30 65 11 65 83 68 80 75 58 100 27 84 76 94 22 62 38 48 51 36 98 47 78 36 86 48 51 55 32 86 70 37 35 93 30 2 19 35 1 31 60 46 77 80 54 35 94 99 26 72 29 19 73 70 99 12 23 52 57 95 89 70 13 83 81 76 49 18 21 83 14 82 68 85 98 27 18 58 33 72 36 37 56 58 73 76 95 75 37 16 61 79 15 68 68 67 51 10 0 16 30 6 45 6 74 45 86 46
74 96 91 90 42 55 85 20 81 50 79 67 5 27 99 64 98 57 63 66 34 63 20 67 43 28 17 45 9 43 63 81 72 71 82 17 75 49 20 4 76 68 40 46 82 10 47 15 29 18 58 27 18 22 67 88 15 60 64 56 64 59 53 84 5 51 79 81 87 44 93 89 4 69 41 28 29 88 32 46 31 80 1 19 62 66 32 44 82 69 86 60 92 66 4 4 22 74 9 73 71 78 54 98 27 45 20 10 50 77 7 4 47 83 38 83 19 73 1 53 3 0 57 18 55 71 66 50
21 22 62 37 37 74 79 85 46 98 36 45 26 87 16 14 7 28 64 10 36 54 11 63 94 9 14 25 24 63 46 25 64 32 96 78 82 98 59 67 11 59 84 68 76 98 18 0 15 46 2 85 79 30 22 21 44 34 7 3 37 71 61 34 41 24 98 18 44 12 63 86 42 0 36 2 78 20 76 77 63 10 90 18 92 97 87 4 93 61 52 45 22 8 96 99 18 58 10 21 51 82 61 4 53 30 73 22 27 54 32 73 90 6 53 17 51 58 95 70 57 57 70 57 84 55 52 43
68 18 2 52 21 40 79 45 12 74 25 17 67 19 80 23 96 18 24 76 55 63 93 7 49 59 0 84 36 83 47 22 52 88 8 41 62 46 80 84 52 87 81 64 12 80 66 16 15 30 16 66 11 36 41 49 10 39 64 7 21 98 1 19 83 83 51 95 47 28 83 99 15 8 71 18 90 95 75 13 38 81 4 94 19 7 71 75 76 13 89 45 96 61 71 16 12 17 64 59 30 56 7 32 5 23 43 52 100 1 20 26 11 71 35 76 90 47 23 0 14 71 45 8 61 43 34 8
94 16 96 34 35 67 18 6 82 18 28 52 92 80 48 36 40 47 72 90 55 20 19 11 38 9 89 11 87 41 33 51 100 35 46 93 15 16 96 64 34 57 15 82 2 76 49 63 7 48 34 8 20 20 76 76 83 92 50 10 53 87 60 23 86 93 87 63 58 57 9 13 45 17 63 19 96 62 81 78 93 57 78 38 71 26 15 53 26 72 3 73 92 18 35 14 49 39 44 48 23 30 18 41 51 37 80 15 82 48 95 7 40 80 64 81 52 98 99 0 14 84 83 53 97 49 65 34
18 78 73 60 29 94 39 67 31 64 73 64 89 69 88 37 31 38 8 68 73 58 80 77 15 55 39 18 9 23 18 20 16 48 86 44 3 1 39 54 33 10 9 64 52 6 42 13 72 45 13 74 50 93 77 55 65 25 77 45 19 45 58 49 55 70 5 87 82 73 98 68 43 53 30 87 97 86 28 41 42 31 80 39 77 32 45 19 21 87 71 17 40 20 85 58 20 7 82 83 3 50 29 62 81 22 90 37 30 61 1 81 7 97 42 17 58 44 23 40 53 95 98 79 32 76 6 12
48 34 55 84 28 89 75 3 25 82 78 56 94 93 92 43 85 67 9 88 47 43 80 10 7 5 68 86 65 92 85 25 36 17 59 38 10 28 14 29 35 29 99 47 26 38 50 83 65 80 36 87 79 89 45 15 8 8 52 65 25 8 3 42 85 29 98 49 26 94 22 78 1 89 97 42 91 99 58 86 73 76 59 83 65 23 32 94 29 27 5 89 41 85 92 82 52 87 94 61 28 14 42 48 22 82 11 32 42 49 96 27 0 91 30 36 24 65 75 53 99 11 14 20 75 22 88 17
87 48 86 86 22 78 69 100 24 100 49 67 24 62 69 22 19 12 95 27 46 80 2 55 89 98 79 28 33 16 1 39 89 7 22 61 1 23 83 87 87 22 34 13 43 72 32 6 1 76 80 9 79 37 84 17 26 26 47 58 86 72 19 51 75 3 78 94 31 46 95 59 27 59 94 61 1 7 1 25 73 20 42 60 92 81 78 90 92 2 96 23 61 4 94 3 37 34 25 92 71 6 43 0 86 51 52 40 45 95 94 34 97 50 59 62 61 13 95 38 36 99 78 28 53 82 91 73
82 86 67 6 100 47 31 1 97 18 51 100 69 29 27 90 3 70 32 43 94 2 86 11 59 79 3 47 43 82 12 5 20 0 25 80 53 16 52 99 71 41 18 24 67 18 87 78 28 3 88 49 10 57 50 76 1 28 38 53 53 92 86 47 38 24 55 63 64 32 19 20 63 17 63 6 8 91 100 28 58 71 40 77 100 34 39 74 64 71 73 58 96 16 46 62 22 86 83 67 44 91 58 64 4 17 19 70 98 49 61 16 48 5 52 35 63 50 72 77 9 95 53 51 84 36 69 38
0 36 66 25 70 72 25 10 99 58 79 72 53 48 64 94 98 100 43 7 68 11 48 27 25 91 35 57 30 76 90 25 32 48 48 16 14 100 62 6 19 27 42 95 3 53 0 57 5 28 73 32 20 24 80 19 35 43 70 25 79 44 66 49 15 1 71 39 79 61 46 84 58 38 61 8 38 96 92 15 36 90 15 24 49 65 78 58 98 27 85 35 30 29 41 61 51 37 39 7 32 12 2 41 51 33 28 4 78 67 0 42 94 36 10 20 43 76 32 23 70 24 27 3 29 95 34 66
75 28 83 98 98 85 15 37 53 41 92 20 31 9 47 43 65 45 33 17 27 5 75 91 78 85 34 74 2 62 82 49 26 18 40 90 70 97 70 79 88 31 20 35 29 61 45 43 86 24 86 10 68 74 34 45 87 64 65 39 43 0 27 50 19 43 0 88 78 11 55 47 83 80 94 71 62 41 33 40 65 80 53 91 13 97 80 52 82 82 63 47 70 94 92 3 72 59 68 65 16 100 72 92 12 31 2 44 84 5 35 57 32 58 1 10 55 63 22 100 16 86 81 74 93 53 79 27
14 43 86 32 25 5 61 94 24 8 18 6 13 76 6 31 19 82 68 70 4 14 35 51 0 35 28 9 1 44 9 34 18 77 86 55 99 96 36 95 39 23 63 62 87 89 17 53 86 62 16 69 86 56 25 10 58 29 21 87 49 19 56 71 41 1 57 94 10 36 77 69 41 89 87 73 25 12 49 53 50 68 66 65 67 38 11 26 57 78 26 42 97 100 93 44 54 44 83 66 5 57 23 86 36 41 13 77 58 58 96 42 40 73 8 68 25 54 66 81 10 61 92 69 84 32 92 68
17 33 84 61 70 43 62 51 64 71 92 58 34 72 54 21 37 98 72 63 37 96 36 12 16 25 52 23 26 30 40 38 84 9 76 9 68 12 46 11 16 47 9 99 77 23 38 85 40 85 36 70 7 81 34 92 99 38 21 95 84 12 49 54 72 88 63 5 62 58 14 64 79 89 90 17 69 28 88 25 3 47 91 9 23 72 35 33 57 41 15 64 36 38 64 11 62 93 3 84 61 36 34 95 41 74 14 90 17 50 75 3 44 13 22 0 79 96 13 24 87 69 1 15 73 4 79 100
14 0 94 51 86 58 18 31 24 87 19 43 37 60 96 79 28 41 100 46 27 68 44 89 66 25 81 89 0 98 21 70 65 60 78 73 100 92 98 82 24 65 35 86 21 79 94 41 40 61 61 51 99 8 28 6 21 98 29 71 45 47 96 20 1 27 80 9 53 69 93 23 99 95 12 68 66 74 75 35 9 2 67 76 56 60 0 64 25 26 66 59 48 42 43 37 3 28 97 48 94 33 16 84 95 99 42 5 80 72 15 61 67 30 18 69 2 4 95 22 31 78 23 5 28 64 53 89
82 16 79 7 59 65 81 95 2 79 56 13 44 0 96 55 58 73 72 19 68 77 3 29 54 45 1 35 63 61 87 54 52 92 7 18 95 37 17 11 41 10 84 91 92 74 68 51 12 34 25 79 49 50 16 5 48 8 29 69 6 10 68 24 77 33 88 68 33 60 49 42 35 94 60 20 78 34 30 98 46 16 68 33 28 8 26 72 53 0 78 85 24 75 72 75 72 10 8 48 95 53 8 65 62 31 57 61 95 80 56 42 78 69 26 58 4 29 46 30 92 58 9 3 34 55 83 51
51 70 84 51 33 60 67 99 17 87 1 73 47 50 55 13 51 15 49 10 75 96 89 41 58 48 52 93 97 72 21 49 62 23 61 21 27 13 14 87 60 100 7 44 71 52 82 30 33 69 19 42 2 2 2 26 81 80 0 1 7 74 4 79 69 27 49 59 8 28 49 39 2 29 4 15 49 90 92 16 54 27 3 85 57 97 57 32 31 60 48 51 81 72 46 62 93 52 37 11 21 75 22 61 10 12 79 77 34 62 61 6 96 92 95 85 11 55 52 53 92 93 87 47 94 76 81 71
87 78 36 22 75 93 88 56 54 44 6 23 69 64 100 22 71 65 28 48 81 21 94 49 39 65 50 93 91 13 37 40 80 24 20 30 77 8 2 94 2 84 0 83 14 26 27 1 2 66 55 73 49 44 39 58 22 43 43 15 19 24 97 81 90 56 44 55 1 98 43 18 36 82 52 7 73 52 31 10 92 69 94 39 71 13 13 66 22 44 46 93 20 0 3 5 99 0 67 77 71 54 3 90 26 23 54 99 93 67 33 32 72 20 67 7 61 64 44 72 39 32 60 99 87 73 59 63
0 8 57 59 97 58 97 59 43 99 44 1 94 25 70 41 33 8 48 6 94 74 48 82 58 49 73 83 71 71 3 98 7 51 91 40 18 66 53 46 99 32 72 25 41 99 41 90 60 83 37 7 89 3 42 90 15 68 27 94 72 68 13 66 36 36 45 60 83 27 52 56 7 86 50 77 13 26 41 71 1 28 67 15 74 87 82 61 43 85 45 76 31 61 11 78 80 91 75 63 29 17 10 57 60 3 94 76 76 5 69 76 2 57 79 100 65 2 42 70 4 71 84 9 98 40 11 25
28 26 87 66 58 69 9 68 74 93 9 88 60 46 2 50 51 7 31 36 96 64 38 34 47 50 16 60 90 60 26 33 7 8 70 31 86 90 46 42 60 74 11 9 4 5 66 40 93 77 69 38 27 21 19 6 21 45 51 34 13 23 80 68 34 41 49 84 29 40 51 95 99 10 53 99 72 81 61 87 0 89 1 55 73 84 97 30 73 25 27 40 4 86 53 69 23 55 28 17 10 98 7 48 99 100 43 96 35 49 44 30 70 63 67 88 69 48 82 15 68 34 29 65 46 91 68 65
40 73 96 26 87 83 93 2 2 78 93 13 20 65 88 0 77 14 45 50 34 23 62 88 27 2 8 84 58 94 68 24 46 20 50 18 0 34 56 87 29 24 97 66 42 37 69 82 48 24 53 14 68 20 16 48 33 38 17 55 72 92 69 77 18 46 16 83 54 55 25 30 17 78 94 21 15 42 19 31 81 80 24 23 38 9 65 38 68 95 88 41 76 2 79 82 59 41 62 85 44 67 79 86 85 78 54 94 56 63 37 82 23 74 67 26 50 9 67 29 97 58 57 25 78 79 50 93
85 19 86 5 47 37 47 33 97 31 79 70 9 12 86 45 81 16 9 56 17 37 47 3 51 40 39 80 72 16 72 36 38 89 54 79 0 43 8 48 59 59 26 62 12 15 58 46 47 3 95 16 74 67 4 27 18 61 37 66 86 54 55 93 74 11 40 67 2 18 90 73 5 75 53 36 64 62 29 25 61 96 17 89 36 39 82 91 2 32 4 87 44 4 60 85 42 29 6 48 5 66 54 50 54 45 17 29 93 71 44 66 90 21 88 43 7 20 86 34 21 5 52 64 64 11 21 5
6 80 58 96 29 14 64 73 84 4 54 45 30 80 50 93 65 58 69 32 48 80 72 9 79 9 31 16 40 35 10 14 95 67 41 69 66 47 99 86 15 99 26 8 20 14 73 63 25 41 71 32 65 72 3 23 67 95 61 16 32 70 97 51 52 100 83 10 10 5 74 67 53 73 65 23 96 50 72 20 63 40 85 60 81 16 86 54 85 99 40 13 1 78 77 7 58 47 66 72 45 71 55 8 20 59 67 56 23 52 33 25 84 6 43 5 62 78 34 15 84 48 60 10 58 34 41 50
14 61 52 84 45 6 43 32 94 42 43 68 21 47 43 99 74 51 91 37 41 8 81 63 24 88 45 42 13 51 9 77 64 85 75 97 81 60 76 69 100 60 49 98 78 38 0 78 13 61 36 63 9 26 66 10 65 5 55 27 83 75 60 16 43 92 43 20 67 86 10 19 6 73 16 53 1 41 14 30 55 46 58 62 7 89 81 87 65 57 77 94 99 71 37 60 71 17 47 6 48 60 89 33 48 79 17 99 50 77 67 0 54 21 61 65 13 37 33 78 45 84 56 93 28 39 54 46
68 44 80 33 28 51 11 76 2 25 37 13 84 50 59 20 4 59 69 47 27 64 47 2 68 31 47 98 13 57 30 67 79 54 60 24 97 82 98 5 20 0 82 78 98 73 100 16 49 69 22 31 21 57 63 39 44 93 98 3 40 50 69 0 61 99 98 80 77 53 53 53 51 25 19 99 48 23 67 50 66 88 33 76 25 67 82 92 12 93 23 10 100 24 97 94 36 40 2 65 64 10 28 31 31 83 69 24 90 39 53 56 97 65 46 67 5 77 52 2 66 15 51 35 15 29 2 40
86 67 98 84 88 55 46 49 81 57 43 10 41 81 45 80 51 46 0 31 79 72 81 7 34 88 47 50 58 74 60 15 69 58 10 49 26 27 50 66 71 5 77 64 92 67 82 69 19 66 44 87 55 72 71 0 22 37 56 75 94 17 28 25 48 48 100 22 54 24 64 67 17 7 47 5 7 75 32 13 26 66 35 77 15 65 79 40 68 24 17 97 51 4 9 56 8 43 61 94 33 0 3 64 11 83 39 20 5 52 99 34 95 54 57 20 50 4 89 39 50 38 91 80 98 46 55 68
57 77 8 31 6 6 59 69 67 79 10 49 70 85 81 14 18 95 11 61 1 40 57 59 69 20 33 7 25 14 94 61 2 33 22 38 5 95 2 66 12 100 94 73 31 49 70 86 9 66 35 16 99 49 94 83 51 48 83 100 47 40 5 11 92 65 51 73 17 75 34 24 31 44 67 1 49 25 59 53 51 54 96 83 59 25 78 31 76 56 24 41 36 1 52 82 23 99 69 82 17 74 51 71 79 38 69 97 31 15 95 80 35 44 2 72 93 46 64 26 59 83 96 83 81 75 21 39
51 36 97 97 72 26 15 45 48 50 3 90 25 61 74 40 66 51 34 47 67 24 67 21 83 12 78 86 48 80 60 41 66 47 9 71 85 96 24 2 46 66 99 2 39 7 80 98 8 44 17 14 68 73 11 93 95 83 58 43 51 23 90 68 32 17 38 20 19 3 36 13 87 19 18 73 3 59 31 56 46 84 50 17 65 57 32 16 43 94 81 66 76 63 41 88 38 35 90 4 58 67 2 67 91 41 93 31 3 14 4 33 16 41 17 16 71 17 67 87 51 36 97 92 32 4 4 68
66 85 100 38 32 46 91 72 38 100 7 0 69 26 40 4 18 75 9 15 71 92 2 11 67 92 3 22 73 96 34 18 43 19 4 81 96 20 72 2 63 92 36 37 87 43 11 42 94 18 69 61 71 33 72 12 36 95 89 82 62 77 6 82 78 74 34 24 39 96 41 33 29 25 40 63 26 78 53 54 24 23 42 59 99 97 55 87 4 57 24 66 85 24 52 20 82 22 10 89 41 17 3 23 83 64 7 73 87 88 85 51 62 87 61 70 11 91 15 13 100 53 3 55 38 99 92 23
38 11 13 88 63 30 85 19 24 41 94 66 70 83 58 45 10 90 88 14 62 23 10 44 100 76 91 11 57 76 65 70 24 32 63 97 43 42 76 15 53 52 98 87 89 43 64 86 72 30 98 58 1 56 74 30 29 80 11 42 3 13 39 12 45 8 5 93 10 90 44 22 29 50 79 91 50 99 33 82 80 98 63 79 75 10 6 31 79 63 67 47 71 42 41 25 94 86 41 97 89 22 35 65 43 39 9 87 3 89 35 66 31 37 54 8 56 90 70 65 32 8 75 25 64 22 1 26
20 74 22 95 90 85 14 58 7 20 26 61 90 16 91 51 100 32 31 21 4 46 12 64 61 87 76 15 65 53 20 10 53 51 68 80 67 75 97 5 16 96 59 95 99 46 26 50 24 99 9 74 33 38 54 21 39 26 68 49 26 52 83 14 74 24 10 50 86 10 78 46 64 85 92 50 92 90 76 0 36 66 83 46 55 25 17 30 70 11 30 2 26 63 31 93 7 58 88 61 23 39 97 26 28 79 29 56 26 87 19 77 97 84 21 8 58 55 54 51 10 10 90 70 90 80 43 2
24 49 77 31 22 45 29 80 16 31 97 27 84 95 35 10 10 66 88 51 6 96 26 34 11 70 93 35 26 81 81 16 38 2 66 1 36 77 73 7 75 18 83 13 1 70 26 32 85 63 77 81 80 43 73 11 86 100 33 23 74 82 31 57 6 33 37 50 95 36 72 23 93 48 81 87 38 69 29 53 54 75 26 73 43 61 71 44 85 96 85 53 24 80 62 58 25 58 87 58 60 53 97 74 71 57 37 28 10 100 20 72 56 30 17 23 76 17 81 94 42 51 14 79 94 75 33 6
73 78 22 99 10 19 31 26 19 100 27 42 29 31 47 79 12 65 24 29 45 83 83 25 68 73 71 55 30 100 20 17 97 94 35 49 46 84 43 17 85 23 56 77 43 82 22 0 53 3 42 31 26 37 2 67 94 90 24 96 39 22 27 21 59 70 9 14 74 27 66 13 37 94 32 73 10 99 7 61 81 4 37 50 73 96 59 70 78 22 82 21 83 76 81 53 65 40 9 87 37 39 69 32 95 89 78 52 50 26 57 18 46 42 75 23 70 52 96 18 28 87 42 32 26 15 82 51
0 86 42 40 10 14 64 9 2 98 43 64 84 90 55 97 97 96 64 33 32 62 81 8 47 98 10 79 60 65 98 21 98 23 90 31 42 37 33 18 80 92 57 7 58 27 17 80 2 89 23 30 23 50 48 84 31 25 37 12 97 99 20 88 42 77 18 5 63 26 69 78 24 98 17 44 61 23 44 39 90 53 18 25 46 33 0 31 26 24 25 37 51 15 95 65 2 80 64 36 8 31 28 5 23 12 41 50 44 45 5 22 16 36 30 69 95 19 39 38 1 57 62 17 60 74 11 90
7 27 23 39 42 68 64 68 13 27 38 3 15 77 51 80 57 98 56 64 73 26 7 43 81 46 80 74 12 48 4 68 77 3 15 88 18 88 10 69 84 76 63 26 32 33 16 46 30 90 80 78 12 12 27 77 94 57 11 74 96 33 47 58 30 86 63 34 63 92 77 100 67 41 62 12 30 64 45 95 64 49 33 41 21 67 29 39 44 77 9 48 50 79 55 95 51 85 100 66 75 54 21 37 91 45 32 0 21 44 21 86 11 85 100 14 60 61 59 87 45 28 27 95 24 20 14 12
0 71 92 37 85 84 13 28 72 66 80 64 63 46 45 47 67 69 80 24 26 9 88 4 60 38 24 9 98 74 23 57 82 69 42 31 46 91 67 94 24 41 82 91 63 1 43 81 29 29 18 6 56 52 100 44 43 40 39 79 21 80 57 16 81 30 20 68 99 30 88 12 4 88 17 35 12 21 7 47 69 71 76 41 8 76 78 12 92 49 88 58 20 29 44 78 76 13 41 41 7 87 16 66 59 89 74 32 71 57 21 28 12 6 83 25 99 66 34 70 99 16 92 75 68 95 0 37
72 82 57 63 77 61 96 94 84 54 13 84 100 93 76 74 90 81 11 54 36 50 8 37 78 93 64 33 68 9 43 70 9 98 44 50 32 40 73 76 2 49 93 67 19 80 64 99 4 0 30 60 66 94 12 47 59 19 64 96 55 57 27 53 74 100 42 5 49 27 30 86 20 39 32 59 49 4 75 51 69 28 7 51 34 67 0 70 56 83 9 99 97 75 30 13 99 92 62 43 14 62 85 48 20 52 41 46 34 27 38 45 82 13 95 74 16 66 96 90 38 62 49 27 81 28 54 29
42 2 3 86 69 64 79 34 18 38 98 10 92 22 43 19 91 92 30 76 26 92 38 15 40 79 0 75 10 71 16 25 28 22 8 54 82 1 100 12 50 77 12 8 40 56 35 66 51 45 25 61 32 55 23 9 43 39 20 34 38 81 21 15 25 19 67 49 72 14 44 20 80 44 51 57 90 98 20 58 68 73 26 8 99 94 91 55 25 8 19 42 60 39 20 49 82 24 86 45 31 0 60 88 84 66 69 8 3 6 76 99 81 91 40 19 68 77 41 4 88 18 32 51 63 51 53 30
41 34 2 8 92 82 68 9 86 92 74 39 95 17 86 47 83 63 89 33 91 78 77 65 81 95 21 58 40 88 41 74 49 17 9 11 60 6 4 39 98 61 68 62 94 28 96 98 93 4 68 92 15 51 86 72 2 27 67 62 0 62 2 42 99 98 84 44 68 67 33 68 48 53 55 7 86 26 35 2 57 57 73 45 75 68 34 59 5 98 36 5 35 22 79 43 38 81 52 78 19 75 18 18 48 97 52 35 46 53 28 43 38 82 13 84 2 87 95 50 100 29 86 84 79 55 54 44
86 56 46 23 15 67 99 96 81 28 2 22 81 63 35 85 4 9 79 65 27 57 42 22 37 53 62 69 100 66 19 20 71 43 9 55 22 27 49 24 56 51 30 72 5 100 81 42 35 36 50 96 76 55 38 48 62 17 94 100 53 37 57 80 14 78 2 90 76 2 22 25 63 29 28 63 22 58 15 94 57 37 59 59 65 81 100 9 94 6 79 92 21 70 80 52 74 8 96 48 57 8 37 67 15 95 49 62 2 99 31 81 35 2 71 54 41 95 87 33 27 82 70 78 25 91 12 32
89 37 82 39 77 29 13 41 29 17 1 8 36 55 40 82 98 83 6 10 96 78 63 90 96 27 20 69 17 21 4 47 94 31 60 64 5 32 87 50 97 88 54 90 19 14 82 9 73 28 26 55 69 34 88 82 67 20 89 2 48 39 50 40 100 19 61 45 65 15 5 92 84 1 28 60 41 63 15 75 33 70 82 52 67 46 83 98 25 63 42 95 83 69 96 22 70 86 71 38 37 77 10 43 69 46 84 50 45 15 48 84 15 58 98 58 23 43 80 52 43 52 60 37 88 3 37 66
7 21 52 29 77 72 56 58 68 32 82 49 52 59 48 65 17 84 24 21 44 22 56 62 35 3 48 98 1 80 26 3 98 32 42 94 55 58 16 48 25 90 77 49 60 53 26 26 33 80 49 99 42 78 28 9 6 47 39 68 46 91 5 62 93 10 22 68 63 8 37 53 66 77 61 29 41 86 32 46 35 12 86 8 1 56 72 1 52 49 0 9 81 50 84 14 90 100 34 82 97 3 72 27 84 21 17 31 42 11 26 55 95 22 14 39 82 12 16 23 78 91 18 25 5 62 75 56
18 41 61 73 71 53 21 76 52 67 80 75 22 44 95 28 79 45 34 98 12 3 52 80 7 94 65 50 5 76 6 32 52 32 67 57 28 74 2 83 64 98 26 70 96 1 33 95 91 20 72 36 89 35 100 76 51 24 10 38 38 6 64 32 28 58 83 56 21 23 51 17 42 92 41 61 68 39 27 87 81 53 33 64 68 86 87 43 53 9 75 41 65 84 38 60 27 96 35 5 71 59 11 65 6 54 86 76 83 65 49 85 75 92 43 99 92 93 77 71 0 0 99 8 30 27 98 71
97 1 47 23 36 57 75 71 1 54 68 36 3 51 21 27 70 83 95 98 14 100 82 25 46 16 20 14 52 16 81 94 26 67 10 64 10 45 94 8 95 94 19 2 30 14 38 13 76 90 21 42 53 42 0 30 30 39 70 79 44 26 69 43 76 27 74 56 72 74 7 59 34 24 36 23 11 3 46 15 28 16 78 18 14 59 79 9 79 10 35 74 4 82 41 85 50 28 64 2 99 97 100 87 65 28 32 6 76 23 54 73 87 29 48 99 44 77 61 17 31 59 12 60 91 48 24 32
95 60 51 22 27 87 41 54 13 76 19 75 77 20 65 65 26 44 21 12 76 19 60 8 81 87 32 15 95 16 88 87 39 6 21 60 18 69 41 99 3 50 36 33 65 49 69 6 55 53 98 19 17 57 13 17 15 58 66 82 40 44 84 49 90 30 63 71 59 12 90 89 58 83 68 25 69 33 69 11 94 15 64 37 94 43 42 48 32 83 7 80 47 93 53 35 11 11 77 6 73 13 1 3 79 23 46 100 7 36 86 87 33 48 0 38 30 96 80 43 19 93 2 37 16 64 71 69
87 78 17 67 42 35 55 61 40 14 10 64 77 28 39 54 10 22 22 4 26 68 73 60 47 55 93 52 15 61 13 9 31 0 55 66 26 36 56 30 91 40 52 25 61 28 77 8 10 20 12 50 100 61 56 65 60 7 96 78 87 8 82 26 84 74 25 98 32 63 15 65 12 80 46 0 35 77 100 41 57 36 32 31 92 20 35 87 8 70 7 29 49 37 65 66 94 97 78 98 45 53 69 93 44 98 100 98 72 86 86 18 42 99 54 28 76 50 71 70 85 100 45 51 71 33 3 74
81 36 38 90 14 80 80 77 66 4 96 22 50 86 60 69 23 73 4 48 24 76 31 89 31 29 33 75 19 72 90 81 80 32 9 93 60 34 60 45 87 95 79 24 36 10 13 26 77 58 26 59 14 15 0 7 47 93 71 73 88 22 96 27 11 40 48 70 75 84 60 30 12 22 8 76 34 85 54 13 44 49 54 94 24 48 2 27 79 48 45 63 3 8 15 65 90 57 76 11 82 38 22 24 1 37 51 11 31 19 7 11 66 42 8 66 68 45 85 62 68 26 17 11 9 36 95 67
27 15 45 28 40 52 68 93 53 9 37 78 87 65 64 41 18 29 6 39 58 36 93 68 81 91 100 22 93 8 2 98 11 28 27 37 56 76 71 41 58 12 96 1 90 50 25 26 31 3 50 31 36 6 59 16 33 76 61 89 89 7 41 73 42 71 63 66 31 1 77 24 45 22 89 10 80 7 41 70 69 29 71 4 64 28 25 35 30 4 58 64 64 64 14 81 44 3 67 82 91 63 74 51 21 7 81 100 45 50 41 14 35 40 52 5 82 17 11 8 3 55 2 66 6 4 73 11
34 79 88 69 80 100 3 66 20 9 48 49 82 74 21 15 76 17 70 100 1 0 10 69 85 71 84 34 34 66 22 61 43 13 69 65 61 99 90 59 22 42 92 62 63 1 67 28 96 54 47 77 25 68 6 14 60 26 56 73 72 71 67 44 7 48 20 13 37 43 48 84 3 45 18 8 69 23 54 77 48 33 26 82 2 70 77 63 48 55 85 67 48 68 60 38 31 35 60 6 55 68 11 68 82 98 25 38 97 22 64 4 1 1 94 0 10 39 90 50 33 14 60 6 57 85 45 42
78 56 69 51 42 88 63 40 51 14 23 85 94 15 34 69 14 39 43 20 77 11 23 39 85 74 97 51 49 73 12 32 28 21 14 82 92 69 55 75 27 69 97 79 4 13 57 93 17 7 38 79 21 15 64 74 31 3 9 6 47 4 7 4 48 9 25 66 78 37 40 57 9 32 32 55 46 76 21 17 7 21 74 76 43 59 6 39 24 28 1 99 54 46 24 74 39 52 89 99 89 33 88 99 8 40 51 61 57 8 26 15 46 96 100 12 25 48 71 38 18 33 26 9 27 80 50 23
11 23 43 78 21 63 33 37 76 46 12 35 42 54 47 77 72 56 52 35 18 37 40 5 52 88 69 63 8 56 61 23 4 47 32 39 61 5 96 26 25 92 89 9 65 66 0 14 84 51 6 63 42 83 20 38 93 75 69 73 83 49 76 56 50 32 1 44 19 42 24 72 80 40 72 60 64 36 24 11 66 33 45 18 99 18 63 63 68 74 88 87 34 95 77 13 73 4 73 53 36 44 2 90 25 91 23 40 43 42 72 25 96 38 69 51 72 45 96 54 51 51 54 12 62 69 73 36
13 55 25 53 55 55 63 15 16 53 92 61 33 17 70 29 16 69 66 26 33 34 26 53 64 65 24 43 47 9 58 19 100 26 14 78 74 18 16 66 87 43 96 30 54 98 2 10 61 41 30 5 43 48 53 45 45 26 17 72 0 59 6 33 69 50 36 6 36 80 23 48 49 97 19 62 40 68 58 43 42 76 15 28 19 46 9 93 57 89 1 30 82 73 69 76 37 43 64 89 29 94 28 32 28 43 75 15 50 52 24 48 63 37 93 45 29 96 54 39 98 39 82 51 34 82 39 40
98 70 24 93 85 4 85 27 27 61 58 74 92 92 32 25 56 66 72 65 94 13 58 60 87 13 45 94 58 93 52 39 48 55 84 66 56 7 50 54 12 1 95 44 5 9 28 13 79 52 53 9 78 39 78 84 48 14 74 54 2 71 16 57 96 30 11 24 4 70 7 66 4 48 2 6 60 100 41 50 36 0 15 83 49 76 49 36 5 58 78 8 94 3 87 87 49 36 5 25 87 10 24 55 100 14 6 15 74 60 43 22 60 45 70 55 7 29 2 80 45 44 68 3 47 29 64 25
56 14 44 60 53 0 0 41 9 23 78 78 18 90 33 63 50 42 41 21 2 40 9 45 85 34 79 49 18 59 71 24 1 100 61 40 83 23 13 52 42 77 91 90 37 26 16 93 36 23 23 75 93 94 71 19 8 82 27 33 66 2 90 95 44 95 7 91 30 61 41 15 39 39 65 82 32 12 42 78 4 24 60 28 62 80 4 74 53 5 100 56 34 6 36 7 45 48 45 86 71 27 61 79 51 27 97 17 46 46 72 4 44 71 99 42 40 1 17 69 11 8 62 27 28 33 36 75
6 82 61 46 29 75 31 100 22 33 48 41 85 52 32 96 89 81 67 1 17 34 70 98 95 45 4 21 84 60 73 62 71 52 69 13 38 39 93 4 2 21 76 16 15 66 4 14 16 47 94 43 91 95 88 86 18 74 14 24 41 15 28 50 24 66 75 95 46 61 2 22 25 100 31 64 85 15 31 79 75 73 88 51 84 31 78 85 0 46 36 70 95 29 32 92 31 90 65 76 54 14 35 74 67 88 100 98 89 80 60 26 28 65 87 10 14 30 82 26 23 49 75 70 88 28 43 85
37 18 50 38 7 4 80 10 96 74 68 40 1 37 31 92 39 31 67 92 47 100 31 69 78 94 7 34 90 7 1 78 5 39 32 84 79 78 96 74 87 52 42 55 46 1 77 29 65 10 94 68 25 68 52 5 34 51 80 83 75 14 42 53 53 83 68 93 3 6 42 75 58 54 87 88 28 8 33 59 87 1 31 55 55 6 68 4 93 97 80 82 22 48 52 75 89 35 86 19 75 75 28 90 89 40 50 3 48 55 50 83 58 0 87 15 64 93 37 25 29 41 81 8 50 92 22 24
84 85 62 64 97 8 38 38 38 69 11 30 2 66 97 21 87 99 22 31 13 57 42 23 93 72 77 71 36 39 70 58 7 45 52 72 61 48 71 23 90 59 76 93 69 98 90 33 66 16 32 25 27 82 39 17 24 74 54 14 40 84 65 49 70 50 50 16 3 58 28 43 72 44 69 55 82 44 10 9 8 40 85 99 28 13 18 10 30 28 45 66 81 97 52 100 91 39 5 2 4 11 55 2 52 45 99 57 85 22 65 23 59 54 30 72 99 22 5 85 10 2 55 22 46 11 76 58
73 28 25 96 88 14 83 59 51 28 59 19 14 44 15 51 14 52 77 15 81 11 95 3 74 68 80 75 23 53 84 39 39 53 41 98 33 7 29 10 33 59 2 15 23 4 86 54 54 99 33 85 66 14 96 31 9 17 50 84 66 13 78 27 10 90 65 48 57 34 74 75 13 38 11 78 1 32 58 62 76 12 44 69 59 96 14 20 78 15 75 14 81 70 22 38 9 11 0 48 71 95 87 47 69 62 16 33 39 85 59 45 79 27 0 58 31 79 74 19 91 70 10 34 43 49 67 1
2 70 46 95 10 57 93 20 39 68 6 11 83 32 39 66 49 45 10 78 13 84 75 13 11 10 28 97 78 73 57 35 70 0 25 53 1 60 65 78 34 46 14 12 7 62 52 13 94 68 38 86 80 13 29 52 12 89 37 50 100 3 94 40 89 17 35 96 79 43 54 81 91 86 12 78 12 2 13 43 76 13 39 95 38 58 25 77 80 49 43 10 37 18 74 86 32 9 30 84 57 24 67 5 40 34 99 65 56 99 71 48 34 87 100 58 7 45 82 39 51 56 100 19 71 42 64 52
54 53 49 14 29 78 32 64 23 23 96 81 98 11 82 27 5 96 39 24 75 42 19 15 64 23 50 62 47 78 69 61 22 58 46 7 91 63 5 8 18 99 84 87 5 27 69 45 22 28 10 43 70 70 91 72 65 6 77 46 61 95 41 29 71 31 1 63 83 85 54 30 47 27 36 4 28 34 83 70 19 63 40 11 15 73 32 6 67 53 59 69 35 17 59 46 34 81 4 58 58 66 3 95 63 70 99 51 49 6 78 60 89 53 20 69 31 92 40 68 38 56 50 9 19 32 98 69
0 57 43 45 39 89 43 48 17 64 89 8 25 80 99 27 98 38 53 41 53 0 100 49 66 71 28 50 25 2 48 53 81 77 33 52 2 82 98 19 68 39 88 27 15 78 33 92 31 96 6 22 61 78 31 61 23 51 91 14 14 32 93 51 24 56 27 59 78 44 31 70 44 49 17 1 22 30 26 70 25 21 92 8 98 73 44 44 39 35 34 75 55 63 54 96 62 12 57 7 48 14 49 95 47 22 65 63 60 36 51 24 27 15 48 43 97 78 53 34 42 74 3 37 30 35 14 9
89 82 95 51 28 74 26 40 38 9 36 25 68 21 6 85 82 1 86 4 20 54 40 26 41 5 29 65 18 40 60 62 3 11 40 39 78 62 31 51 96 43 24 16 46 74 76 90 5 9 43 12 96 34 54 56 42 47 33 53 90 66 74 64 59 62 64 72 27 94 63 20 0 60 65 14 50 39 8 73 93 65 52 69 78 21 84 58 40 100 21 95 68 74 85 34 7 82 44 66 3 93 26 2 55 43 14 87 55 99 4 61 74 44 31 60 45 15 35 99 45 26 87 73 62 3 61 41
13 95 28 81 2 89 28 9 53 81 80 22 22 4 42 98 37 60 87 56 2 6 42 84 14 54 17 11 5 34 25 78 35 92 47 54 95 29 91 57 59 55 35 69 45 26 83 99 7 85 100 68 65 7 66 87 56 47 58 85 10 50 23 20 42 78 25 46 12 93 65 94 10 12 28 2 44 94 90 1 17 80 93 6 22 7 77 38 38 99 17 82 67 88 75 47 86 73 52 7 68 16 76 93 17 94 97 28 51 19 83 57 99 44 50 66 64 68 98 39 63 36 40 1 13 57 72 6
64 48 62 37 16 53 1 80 92 47 55 52 83 76 75 71 11 83 52 69 97 7 2 12 24 66 79 33 30 15 43 53 54 49 95 59 61 50 73 94 39 41 56 8 92 60 13 87 54 60 59 81 100 99 31 98 25 44 58 99 26 41 11 59 39 74 91 13 94 86 49 91 48 12 4 7 78 43 7 98 32 98 37 11 44 46 69 20 68 82 63 83 88 95 100 59 54 90 97 49 10 63 81 38 8 28 0 23 47 73 50 88 97 32 89 50 45 50 74 48 57 4 99 97 23 90 58 12
36 63 84 23 67 93 13 89 21 42 97 39 93 67 32 69 62 17 0 31 6 49 30 9 100 58 37 91 32 68 5 59 7 89 92 98 8 1 7 82 49 100 39 76 58 49 90 59 54 80 5 23 1 45 94 39 73 21 31 93 72 64 92 93 96 45 68 12 37 0 5 85 18 41 75 31 92 82 31 41 90 91 33 86 55 82 81 45 45 5 84 45 12 5 41 27 45 4 63 97 58 33 83 67 23 11 25 7 14 82 72 41 34 92 35 87 49 96 96 16 47 70 87 92 96 24 56 85
44 70 12 79 55 62 6 45 59 11 72 22 45 55 16 45 2 1 6 48 35 64 37 6 35 36 48 97 74 59 90 10 3 48 16 69 20 1 79 92 80 82 70 99 73 46 79 78 99 7 99 20 71 49 93 25 7 37 22 82 27 11 56 0 12 28 73 55 77 47 59 52 30 32 70 7 22 86 17 80 69 9 14 89 96 77 94 15 8 93 93 25 92 9 42 64 20 43 72 47 51 53 5 60 29 34 81 96 97 14 6 10 26 48 20 37 29 85 92 29 54 46 24 22 93 22 82 97
64 70 73 87 47 19 85 22 85 65 87 93 45 29 25 64 48 48 35 49 79 25 21 23 42 39 37 95 0 38 5 24 11 3 18 73 29 76 11 72 47 3 59 68 84 17 84 91 30 80 42 58 0 78 19 93 60 72 54 33 47 76 52 20 25 80 26 33 77 17 22 91 12 21 12 44 98 76 62 82 58 41 47 6 34 57 70 52 34 5 91 64 40 51 55 27 12 0 19 100 44 40 36 98 34 60 22 17 99 15 56 87 44 92 87 63 66 47 63 20 12 16 29 68 3 40 88 87
77 75 66 54 37 83 63 77 86 21 87 100 33 24 74 19 62 60 49 31 57 12 88 62 55 24 73 97 71 4 88 73 44 95 22 76 77 22 56 72 100 97 51 13 81 72 93 49 56 50 52 89 2 32 2 54 29 77 64 47 57 80 5 2 52 62 23 98 92 52 43 14 54 68 49 96 98 82 84 94 95 19 59 64 56 31 4 83 10 31 70 90 1 84 98 81 1 53 10 27 66 29 51 24 72 40 93 25 88 76 86 6 70 55 58 62 54 26 9 97 82 37 91 90 96 33 10 90
85 91 1 76 40 72 57 8 100 27 61 29 85 84 7 35 96 14 44 63 5 11 35 27 78 82 100 93 52 39 77 79 2 98 65 92 74 8 7 95 66 56 95 7 61 97 2 72 96 7 60 42 5 4 94 93 64 89 48 92 78 45 37 34 63 91 41 96 96 4 100 8 53 60 52 72 14 45 15 36 82 40 11 95 96 1 47 5 19 100 19 95 4 13 6 11 63 76 32 52 8 15 97 5 11 2 55 7 49 95 42 56 62 27 9 78 71 77 15 32 60 65 30 75 53 56 61 54
19 71 39 52 53 30 1 85 28 40 14 42 68 97 65 83 70 75 17 61 4 44 10 88 64 14 43 22 44 1 77 38 56 84 66 20 98 10 95 29 68 58 9 7 23 54 0 63 88 93 18 28 83 88 54 84 70 48 87 81 58 22 87 0 70 15 71 78 10 38 14 20 25 75 31 43 17 16 87 54 62 82 4 48 96 86 53 39 78 61 61 43 97 23 57 62 43 93 86 19 65 10 47 14 68 58 97 87 86 80 77 85 77 45 71 73 67 32 33 84 57 61 15 6 62 22 10 38
19 60 21 19 55 68 1 99 81 40 30 13 41 23 24 37 54 9 35 64 41 1 26 63 92 61 45 17 13 65 4 43 83 92 29 87 52 36 67 68 24 38 59 66 64 48 90 75 6 45 69 14 12 67 7 52 92 48 55 46 33 24 96 70 25 5 22 39 67 96 41 84 51 51 93 17 43 19 78 77 32 14 43 37 2 56 4 17 53 6 83 45 0 7 15 79 73 25 27 37 81 79 54 27 15 55 30 100 8 48 98 33 42 97 30 72 29 38 73 92 11 18 57 74 45 10 9 97
