22 53 3 56 48 38 89 45 56 8 36 78 7 55 65 85 66 65 63 99 37 71 1 31 74 59 80 5 37 45 95 63 11 76 36 100 82 93 81 28 58 56 69 16 9 73 41 61 32 34 54 20 24 87 23 76 64 62 52 0 91 39 73 70 88 76 29 74 83 43 31 93 20 100 68 90 68 56 6 69 22 6 90 48 56 13 87 94 24 59 34 72 21 46 89 74 37 34 81 21 97 70 50 81 12 69 80 39 48 39 78 54 86 87 100 73 71 31 48 53 2 51 59 66 21 17 36 62
41 54 89 69 83 89 94 34 85 72 84 33 89 43 47 10 90 81 69 85 79 81 40 97 80 59 72 86 9 56 19 31 18 38 49 68 18 21 70 20 40 44 61 79 14 75 72 48 43 13 79 87 38 74 63 82 6 82 2 85 28 69 22 58 10 24 2 100 22 14 75 96 23 66 95 83 82 70 75 82 88 15 99 75 23 81 47 53 49 88 100 64 4 2 57 70 16 5 38 80 90 50 48 68 4 36 7 30 23 61 14 92 92 72 22 0 92 98 76 23 71 91 19 12 98 29 31 82
34 44 14 56 24 69 92 8 22 28 55 33 48 49 33 97 85 98 81 6 72 22 93 91 3 58 4 78 68 10 23 74 93 1 71 84 44 95 87 56 85 37 97 29 55 38 33 66 97 12 28 30 55 44 88 37 63 76 95 76 8 22 75 1 18 59 19 29 51 20 91 51 61 97 60 96 66 4 71 83 64 80 94 99 69 75 73 53 62 70 80 45 91 1 61 78 22 29 98 67 77 76 43 66 68 96 35 36 95 25 46 44 47 8 46 8 90 99 41 18 52 94 63 56 78 90 49 44
61 51 3 54 52 92 53 45 47 34 41 17 80 83 6 12 12 17 71 4 75 53 82 67 39 66 32 46 84 52 90 98 84 10 54 1 34 28 83 86 33 12 59 52 57 88 80 97 58 96 28 81 92 4 67 53 63 78 69 70 31 76 76 5 88 50 91 69 73 88 97 48 49 44 51 58 44 51 57 27 72 94 53 2 79 89 74 26 43 82 32 69 94 37 57 54 20 27 48 44 75 15 56 29 59 51 69 96 84 34 38 65 66 84 3 96 89 36 45 39 61 83 53 7 98 42 96 9
60 72 99 35 50 48 64 35 14 18 34 24 24 91 89 52 12 2 49 49 74 1 73 74 5 85 69 41 79 77 44 43 83 86 64 48 75 89 3 85 25 83 78 62 87 8 69 12 51 42 10 53 19 54 1 26 23 59 96 29 99 100 90 49 97 44 65 83 41 59 39 75 86 28 27 0 54 50 62 96 33 56 42 87 15 87 46 75 100 45 45 52 76 100 100 81 3 38 4 71 65 84 79 14 69 39 31 52 23 66 51 91 43 72 89 5 11 100 26 16 6 42 83 53 56 41 24 44
26 91 94 45 68 16 87 88 0 32 55 97 61 54 62 25 84 23 96 11 12 67 64 44 86 90 24 74 22 67 68 30 95 2 10 40 26 58 72 14 70 82 37 16 22 80 44 100 33 95 57 24 52 72 12 93 66 46 40 67 3 58 56 46 33 81 61 24 25 25 17 9 58 13 45 30 2 100 97 78 14 81 81 69 43 34 59 34 79 87 3 3 41 52 66 54 70 98 47 44 10 10 88 73 29 2 33 29 15 6 93 38 28 85 94 24 76 31 59 67 75 70 11 99 42 18 23 41
87 25 75 10 48 84 12 6 8 69 66 25 75 88 48 83 89 74 30 35 88 83 36 52 44 18 78 24 52 54 61 27 55 43 51 82 49 98 11 76 63 76 6 19 42 71 24 14 76 39 64 40 51 94 26 55 28 70 5 80 64 73 40 68 7 77 38 22 33 59 35 79 26 97 35 5 33 75 79 63 75 80 15 97 30 32 78 92 46 81 28 39 32 21 72 40 67 86 25 38 92 6 73 78 32 77 73 29 63 51 40 50 6 21 80 100 90 22 26 15 40 90 32 1 98 79 0 45
12 79 87 48 90 56 78 95 21 6 69 85 15 42 37 3 75 55 85 48 42 82 6 5 32 10 76 80 79 85 21 97 70 9 67 81 33 16 65 66 93 50 49 28 53 45 58 40 73 89 81 20 11 70 27 2 72 79 62 91 79 91 55 32 31 8 36 76 79 78 19 12 31 52 38 6 83 70 82 36 7 14 21 87 67 14 12 14 96 30 12 54 90 67 25 0 72 47 21 18 67 94 18 78 3 7 77 52 62 4 89 100 44 14 77 34 43 49 20 22 7 3 79 18 79 35 69 45
0 85 72 5 43 13 21 66 75 95 7 80 24 95 69 56 11 58 2 65 58 65 54 1 39 96 5 76 7 58 65 98 65 42 57 83 28 0 78 76 91 87 53 34 89 19 69 12 56 0 79 0 27 66 46 39 98 21 57 59 94 15 11 29 29 90 42 37 37 77 6 0 37 51 37 43 80 94 91 96 52 74 72 31 71 79 75 71 27 21 54 27 82 47 51 16 2 4 29 5 30 7 89 89 80 96 100 62 62 39 77 34 64 48 58 74 40 69 49 41 57 71 61 11 18 39 68 29
13 95 37 100 2 82 0 9 70 3 6 80 30 25 18 87 37 43 12 99 90 30 62 52 64 9 33 38 33 49 17 98 27 31 81 13 98 15 23 72 4 85 6 60 0 1 19 44 36 22 91 73 53 64 80 37 20 65 45 83 59 39 76 43 14 27 95 50 79 29 30 53 19 5 100 31 69 34 53 49 41 96 7 5 72 92 31 87 94 100 67 33 31 49 36 12 62 40 85 23 44 24 19 55 23 81 94 61 68 37 35 42 26 72 5 35 60 86 34 37 92 27 100 19 19 48 52 43
60 21 61 58 35 66 14 13 18 3 8 99 44 41 86 8 39 60 94 99 20 6 47 7 98 6 65 57 71 48 60 41 52 4 60 21 57 35 53 25 47 38 63 6 56 54 91 47 17 43 43 28 97 92 8 99 51 7 98 44 94 74 85 80 71 31 85 20 26 86 42 58 30 23 75 0 44 94 34 32 44 76 41 9 80 46 20 9 45 24 8 78 76 24 21 81 79 44 2 4 98 65 65 30 100 58 81 68 24 84 40 74 6 18 50 24 48 85 20 52 83 31 63 68 47 90 6 50
9 59 25 28 43 77 53 18 53 14 74 64 22 78 82 29 96 25 85 91 26 54 76 80 36 44 62 93 18 92 22 100 52 72 13 15 61 76 14 69 70 56 80 27 30 23 69 89 39 77 27 61 17 92 84 40 36 62 32 13 82 54 35 54 26 65 29 62 86 71 29 1 51 85 69 31 71 85 36 38 77 91 26 73 46 99 5 89 38 46 88 10 2 84 88 69 97 100 83 64 33 59 57 46 53 95 57 54 18 65 2 64 72 84 37 67 82 31 38 89 74 78 38 8 66 92 1 13
62 65 23 48 93 2 89 80 75 24 18 28 25 34 46 74 90 7 81 53 5 61 49 66 84 31 35 15 10 93 34 29 4 40 63 42 0 27 9 86 81 40 91 99 2 13 69 52 57 71 3 76 16 49 49 91 8 6 90 57 93 30 2 12 2 29 5 100 38 49 67 26 4 60 77 97 53 30 82 3 50 72 27 33 87 69 32 41 17 93 2 94 100 34 74 41 38 96 76 3 16 9 86 97 19 8 23 53 5 37 20 92 93 42 0 93 97 0 17 36 36 89 1 92 90 90 81 30
35 36 58 23 40 2 57 86 27 67 18 39 46 33 34 73 86 42 41 57 3 75 26 73 77 42 50 50 57 40 73 67 61 70 67 22 100 22 8 35 14 71 0 64 20 74 16 27 87 100 72 98 36 63 26 75 60 64 30 15 54 40 28 65 23 79 88 12 72 26 7 92 60 63 90 4 91 97 7 34 11 63 57 4 17 1 43 39 24 85 39 81 58 73 98 35 60 78 58 91 86 91 57 27 72 53 28 36 69 92 63 1 55 34 32 32 12 10 7 63 39 50 86 77 84 48 80 50
4 1 50 100 60 78 82 88 44 8 81 50 73 59 5 23 8 15 91 5 42 39 40 78 14 1 32 45 65 100 92 13 94 79 24 63 39 63 6 76 18 54 99 71 52 78 5 62 45 37 4 12 84 5 0 76 58 84 10 0 68 4 4 65 91 32 82 5 40 13 0 28 86 24 27 72 7 93 8 100 22 28 11 55 41 36 67 32 8 12 11 86 66 24 76 83 61 30 28 64 22 51 46 31 32 99 0 49 17 52 24 64 74 74 45 68 32 56 0 6 64 40 50 38 93 32 12 31
81 97 2 71 41 32 24 52 62 62 39 24 18 18 74 77 20 10 87 43 82 20 88 10 84 67 0 50 65 78 68 98 4 37 79 59 23 58 42 55 24 72 89 49 94 7 80 95 71 77 88 38 31 60 6 59 52 95 79 15 50 60 29 74 4 96 65 20 92 26 43 30 88 82 44 96 19 33 30 13 40 7 72 82 83 35 6 8 41 93 97 62 66 35 40 38 94 58 83 5 77 7 77 35 15 17 52 54 12 40 15 63 34 3 21 30 69 41 14 97 15 32 86 38 32 8 90 69
58 46 76 84 49 75 5 21 28 35 34 80 45 10 96 29 100 57 30 93 50 11 14 20 28 40 73 90 79 21 89 61 74 72 89 7 38 85 87 1 65 62 60 81 21 33 92 5 91 14 19 33 71 49 84 89 20 85 85 53 84 23 24 17 64 4 89 38 30 15 100 76 90 59 64 30 17 41 55 36 61 26 12 81 79 54 89 48 60 46 2 5 89 43 100 65 40 33 51 50 60 83 52 93 38 27 16 6 27 76 7 56 3 42 69 17 38 8 82 10 68 57 18 2 85 38 74 48
21 18 52 48 86 50 24 69 80 45 10 91 94 55 58 14 55 49 26 68 35 62 31 27 29 56 36 1 44 15 75 54 100 22 28 7 80 92 92 16 47 71 92 10 89 68 49 75 42 94 49 38 48 3 29 98 19 16 48 5 83 94 24 39 51 42 12 58 45 35 25 22 46 81 18 93 76 10 52 58 97 83 31 90 42 69 51 84 78 46 11 31 76 6 15 61 61 49 63 92 77 32 32 73 1 46 53 57 11 44 60 96 11 65 37 90 54 75 0 68 75 4 9 94 62 14 34 37
95 34 10 12 15 72 79 58 91 71 51 34 80 27 95 95 63 59 59 43 81 10 77 81 52 59 47 45 73 16 62 55 15 89 26 6 15 94 82 61 35 65 88 17 91 5 41 41 8 59 13 84 23 58 83 31 19 42 55 40 56 48 26 97 77 90 74 67 70 8 82 29 87 91 13 69 0 72 0 57 88 94 91 97 55 80 98 55 63 71 39 12 12 39 62 84 72 33 19 90 49 13 57 86 35 71 12 31 19 91 3 55 29 89 45 56 25 95 23 87 80 53 60 50 67 91 28 12
18 89 26 97 65 53 84 98 81 31 53 60 22 59 41 14 55 87 62 61 82 49 25 50 88 53 35 76 53 53 59 65 62 78 0 6 14 40 36 16 58 50 82 55 20 87 20 27 73 4 74 96 93 52 12 83 90 55 40 70 31 9 46 47 88 8 61 84 13 91 26 46 24 98 70 57 70 94 73 27 82 79 87 78 32 73 49 1 83 15 47 56 18 73 79 41 54 93 99 45 82 86 0 40 39 93 10 67 68 56 27 51 74 52 53 2 16 93 41 37 64 39 81 62 87 51 58 79
60 61 41 9 48 8 94 1 62 38 28 33 36 62 21 95 56 40 17 8 11 92 82 17 68 20 43 87 72 21 100 61 72 89 61 100 5 12 42 40 90 50 71 31 36 27 58 27 20 16 17 35 27 65 37 10 42 37 76 65 20 80 2 75 49 52 82 98 51 69 31 4 39 61 57 41 50 47 92 97 76 74 84 7 80 89 65 18 85 44 42 7 46 27 20 13 99 71 87 7 54 70 89 32 96 48 63 89 69 74 30 36 63 97 34 78 40 63 39 72 20 85 98 13 21 71 56 28
91 2 3 83 96 49 86 77 82 77 4 40 93 72 69 55 98 54 98 91 16 39 66 32 39 69 25 13 9 86 90 24 41 59 84 50 8 59 88 91 26 93 90 73 84 55 96 64 57 65 27 76 24 39 46 63 6 7 22 89 10 66 5 80 52 20 31 7 91 63 70 77 84 36 27 64 70 36 11 23 97 83 84 97 26 19 29 15 3 69 78 28 40 37 47 78 86 23 88 47 14 55 88 37 17 68 53 47 21 74 10 87 19 56 42 23 90 37 13 44 36 2 16 85 45 84 73 67
34 80 98 45 80 19 16 84 36 54 97 63 19 40 7 37 98 72 63 35 47 40 97 35 79 12 54 42 5 11 37 60 80 50 40 30 60 23 5 84 32 24 41 6 29 71 67 15 85 80 87 76 9 92 82 38 46 71 51 8 30 55 41 0 62 4 96 36 29 57 0 0 33 94 95 99 1 34 77 49 13 23 33 34 15 6 3 39 9 1 62 32 30 23 75 66 99 1 20 28 45 59 21 0 57 25 73 97 4 71 84 97 50 95 83 23 96 46 94 33 2 17 64 99 3 52 95 67
7 95 23 100 80 58 4 56 81 47 77 56 56 66 46 30 1 59 2 37 49 65 82 51 1 23 20 51 85 64 99 25 18 93 6 26 43 81 99 82 83 21 72 98 87 52 17 72 45 34 84 52 28 34 99 38 31 34 60 71 72 6 26 11 61 3 57 27 52 64 24 63 26 66 91 61 2 11 4 92 12 80 89 97 67 80 78 62 51 2 55 98 33 19 27 90 30 70 25 23 21 61 61 60 84 49 57 31 80 43 69 65 94 31 15 36 90 86 27 71 25 16 56 57 4 58 64 62
34 34 87 97 43 1 54 63 42 89 79 13 19 33 93 29 32 86 34 95 58 65 68 43 9 11 39 52 81 74 65 15 58 39 31 50 49 0 26 21 11 81 71 56 6 14 52 91 68 96 42 86 73 82 78 63 89 58 32 34 92 52 93 36 58 7 97 94 23 23 3 34 45 27 16 14 32 36 40 68 78 81 56 51 9 45 62 13 33 28 77 36 71 9 97 63 97 22 69 43 5 71 74 73 29 77 85 28 43 22 43 56 30 18 58 79 33 86 35 97 35 59 65 82 16 74 100 3
93 45 17 5 11 45 4 61 94 79 32 18 98 4 41 88 96 44 78 89 30 5 30 74 31 39 53 62 73 67 86 26 76 9 70 42 3 78 55 69 86 25 76 80 48 81 66 89 10 38 65 32 81 80 48 64 76 0 50 53 34 30 10 47 74 47 28 23 86 3 45 52 59 52 99 43 53 41 42 85 2 19 60 31 0 96 100 28 97 80 75 72 73 56 19 91 83 95 73 51 44 22 47 2 33 36 52 91 25 61 60 88 93 24 88 22 79 41 95 49 3 99 60 58 27 96 51 80
17 61 24 90 82 46 20 24 38 36 99 7 78 57 94 14 65 31 21 85 72 0 57 26 39 11 99 77 7 0 85 73 42 9 59 84 62 5 48 43 54 30 9 92 65 43 51 100 75 61 32 96 25 2 8 38 95 69 20 80 97 50 3 52 43 41 3 16 16 67 90 79 5 17 0 93 25 22 67 100 64 31 12 80 31 0 26 42 97 54 92 77 69 35 2 97 54 81 60 71 60 10 42 12 89 92 40 83 53 67 69 21 10 16 47 44 63 75 97 21 15 26 9 6 73 37 83 15
90 72 11 83 70 19 8 62 82 82 10 22 39 79 46 93 86 62 58 9 26 79 33 63 89 46 11 48 61 28 83 85 61 77 48 98 6 98 82 41 88 98 10 50 36 33 95 97 14 71 72 100 14 57 12 49 69 1 55 37 87 90 40 18 99 43 82 31 94 33 98 27 98 62 58 45 65 36 63 35 5 48 49 52 44 76 21 16 45 57 42 16 49 0 44 13 33 84 52 56 50 23 72 57 18 94 85 40 42 35 70 59 90 8 44 92 71 74 95 87 52 58 15 57 66 68 61 54
41 86 36 58 39 6 36 81 15 51 38 37 84 37 74 38 26 18 61 92 12 45 2 13 68 99 64 56 36 96 51 60 51 34 38 96 71 94 0 95 97 74 12 89 30 49 58 51 16 95 31 96 49 8 88 20 22 53 30 64 89 32 49 66 49 99 0 53 88 79 37 20 5 31 79 94 42 0 45 15 48 8 34 94 2 51 25 24 90 55 6 86 60 84 15 71 44 32 72 33 10 35 100 33 18 66 80 11 94 45 67 56 92 46 24 32 95 86 28 58 67 45 17 23 26 6 7 52
32 35 57 74 26 70 26 72 90 77 63 80 65 41 16 92 88 0 78 3 79 49 76 70 74 75 32 82 22 77 58 24 21 33 51 81 4 25 70 92 69 34 74 87 96 59 65 24 8 64 47 4 20 86 55 57 24 71 34 50 87 27 76 53 54 16 77 5 25 3 68 43 99 60 16 13 6 93 27 48 31 78 96 11 15 30 61 80 60 55 41 54 32 57 85 53 93 90 84 76 100 81 51 46 73 47 83 63 88 59 19 58 42 86 39 51 29 17 40 73 98 29 63 77 4 24 21 4
68 29 92 12 2 64 97 72 62 41 78 96 46 76 36 43 77 42 7 31 0 52 59 73 87 12 2 15 90 71 32 87 51 75 35 58 32 77 64 8 88 62 48 85 93 97 57 21 76 98 46 25 68 76 17 38 98 48 59 83 64 57 33 39 73 25 77 21 14 65 27 2 91 55 37 6 85 81 65 83 96 26 61 49 99 63 55 92 79 55 46 3 43 37 68 59 78 79 60 46 32 15 68 61 66 10 47 21 44 91 60 78 43 77 84 35 34 69 65 90 75 51 45 51 45 42 95 98
4 3 99 53 37 29 95 15 43 88 24 92 97 37 99 86 60 24 68 87 7 89 71 71 23 31 74 65 20 33 76 33 3 21 30 4 50 23 49 89 71 0 91 15 51 97 9 84 33 15 49 39 12 25 79 72 4 73 47 82 94 38 57 73 38 21 88 19 9 73 53 86 22 9 59 72 72 57 13 72 92 50 30 62 4 37 55 22 38 24 33 100 43 46 47 24 34 24 19 66 77 80 98 60 55 81 26 48 87 70 56 0 19 47 31 3 97 33 12 42 39 73 70 91 16 94 0 3
30 67 35 45 26 96 3 64 68 72 28 78 20 56 62 43 0 24 31 43 48 69 27 13 38 15 21 61 66 44 17 12 96 12 42 15 20 59 74 76 20 32 23 50 69 57 21 46 42 90 75 17 46 71 63 90 14 74 85 45 37 50 56 13 5 83 86 42 36 56 70 50 32 55 51 47 30 72 83 24 23 47 42 89 48 18 51 77 13 22 32 42 15 80 98 79 44 3 28 94 46 71 9 70 19 80 83 45 36 40 18 61 95 84 73 92 89 58 92 96 47 88 59 81 4 65 48 4
78 53 40 51 85 43 40 26 16 79 4 73 52 40 32 59 73 67 62 48 13 11 98 70 45 93 44 32 44 40 2 66 21 52 9 38 66 95 19 2 63 98 10 40 40 75 100 63 51 92 44 97 29 6 100 32 91 39 15 85 2 37 35 93 95 84 73 66 89 98 36 13 39 73 41 17 13 63 85 99 97 72 78 59 37 76 30 97 6 45 57 92 12 72 98 2 51 62 73 30 62 1 51 16 37 43 47 27 4 91 62 76 37 81 83 82 34 83 26 40 52 75 56 62 40 85 0 13
33 67 57 88 41 39 33 51 52 1 27 80 49 0 11 19 42 5 85 60 100 5 54 90 21 21 93 14 34 79 8 45 84 49 39 18 63 65 86 44 65 75 55 86 9 75 47 28 10 42 14 88 21 81 45 77 31 66 68 37 42 41 46 71 67 13 83 72 58 32 40 43 55 81 15 89 98 56 26 24 29 80 100 36 99 52 90 80 22 42 80 24 6 27 54 18 70 31 28 25 14 37 32 83 66 37 97 68 58 91 24 99 74 57 25 20 99 0 45 81 50 42 28 3 60 95 63 66
47 69 46 97 69 0 80 83 34 58 64 58 87 18 20 79 5 4 24 55 39 78 97 26 88 38 41 88 36 70 69 42 87 9 83 74 74 83 81 47 41 30 75 15 78 79 47 68 81 61 47 79 1 99 38 97 14 39 63 38 10 64 8 58 77 24 46 23 88 77 46 16 58 45 57 61 41 30 90 29 95 47 17 22 76 26 100 39 51 63 63 26 57 22 90 84 64 75 58 86 93 61 12 66 83 7 23 34 44 56 50 43 63 68 25 48 52 24 31 27 56 47 35 74 3 50 65 46
83 55 19 87 46 28 67 54 66 9 79 100 88 79 18 85 40 19 37 71 58 61 67 27 22 70 26 17 69 77 25 41 66 42 63 95 36 13 72 50 36 100 68 22 90 34 19 65 14 81 19 11 5 83 14 76 77 82 84 60 97 68 95 42 40 11 28 3 80 30 15 10 77 29 13 68 14 16 24 59 0 82 62 0 86 15 83 98 78 43 31 80 74 65 59 10 59 3 57 52 44 68 23 1 32 27 67 98 52 41 11 8 76 27 31 52 100 88 11 16 80 9 32 51 41 80 18 7
24 8 74 43 83 37 20 40 34 71 5 67 18 33 91 65 46 15 19 80 73 21 40 58 35 21 12 30 29 15 76 81 46 81 51 94 29 3 72 75 98 5 17 42 96 50 36 81 30 96 84 21 15 9 61 12 58 72 76 20 17 43 53 75 53 33 68 56 9 74 95 24 63 16 71 53 58 29 28 39 35 44 53 74 86 72 35 70 93 84 42 58 73 69 5 58 18 27 84 100 0 38 80 56 3 45 87 8 77 15 62 68 74 50 28 61 74 44 10 6 9 95 7 29 99 24 70 33
56 49 65 64 82 58 62 20 60 31 13 70 46 2 97 89 93 51 74 26 20 28 7 61 16 54 32 22 21 18 36 40 41 32 69 41 1 80 94 85 26 70 97 22 16 60 79 49 61 80 77 47 87 8 9 63 46 58 55 91 41 36 22 34 34 55 46 64 67 70 68 3 5 48 84 10 49 2 40 98 8 24 69 6 30 79 82 97 1 35 89 12 43 9 45 24 90 37 96 53 48 30 45 13 10 2 1 0 46 87 91 29 89 70 98 98 98 29 64 66 88 95 87 24 57 64 51 26
42 75 6 38 3 66 26 30 3 69 12 37 36 39 97 89 61 89 44 73 83 52 30 10 44 0 23 63 48 100 54 33 44 90 21 72 93 83 35 76 84 67 99 68 68 53 24 99 64 33 90 1 48 55 44 45 54 74 72 68 58 53 58 78 69 0 88 14 4 60 10 65 42 46 86 91 24 50 87 50 0 29 15 67 2 26 60 93 10 11 67 67 71 33 52 36 15 83 23 21 10 48 76 1 0 51 19 99 47 36 5 88 98 26 29 8 41 96 82 63 17 13 33 50 10 54 67 96
69 90 44 18 58 51 83 58 82 30 58 25 13 95 68 16 91 80 94 68 83 96 61 36 100 87 61 36 79 22 96 63 93 51 38 63 4 65 32 31 39 34 49 45 25 81 25 8 29 100 68 12 91 78 65 20 34 19 87 18 31 57 45 33 56 1 65 51 13 96 39 55 37 63 52 73 46 36 74 67 6 60 99 99 41 98 8 9 28 6 16 0 3 45 49 72 46 62 2 6 18 41 76 50 100 29 45 62 91 86 23 21 69 71 86 82 94 44 91 92 50 11 85 93 95 54 48 21
90 42 54 60 68 79 86 29 77 14 84 24 92 53 56 36 93 81 29 26 46 59 97 51 42 72 29 84 71 66 69 49 26 65 73 37 89 53 46 82 47 60 69 55 82 9 7 67 100 15 15 31 68 53 36 86 19 46 68 14 2 97 24 61 16 13 69 2 37 6 69 4 59 24 42 77 60 37 3 23 44 66 57 60 99 42 87 25 17 46 52 87 43 87 58 55 16 98 81 79 70 35 53 79 92 51 51 89 71 97 54 78 74 58 73 9 45 59 64 61 23 26 25 81 49 31 40 72
39 12 51 29 59 60 66 36 81 23 5 68 32 57 31 83 20 36 47 64 65 7 96 37 23 71 27 11 2 20 5 47 52 83 74 73 77 23 85 62 56 61 79 46 80 34 78 96 37 54 66 42 86 69 41 34 4 38 32 45 9 11 74 70 7 28 79 99 79 33 99 20 60 52 100 68 25 75 93 91 70 55 69 2 78 8 26 34 37 62 39 64 76 90 86 7 23 21 51 18 22 67 34 92 64 51 43 57 91 66 19 34 33 57 11 7 57 1 31 51 6 16 89 98 81 21 20 30
7 27 53 45 98 12 78 23 6 7 60 36 40 16 8 14 25 25 34 8 21 4 1 73 62 68 68 95 66 54 18 44 35 38 21 42 44 89 52 30 94 68 38 13 38 30 88 75 13 16 87 98 34 96 32 75 56 27 45 21 90 61 66 48 66 61 64 7 18 24 97 42 51 6 86 29 8 16 66 64 20 15 88 7 15 72 85 72 55 17 58 13 99 51 46 42 72 57 90 86 23 79 24 63 50 100 99 36 99 60 8 86 93 67 71 10 89 14 8 74 81 48 58 52 55 29 83 87
88 41 90 17 7 98 57 50 35 17 74 35 60 33 31 75 26 11 34 5 18 4 59 57 93 64 50 53 62 81 51 11 1 99 99 89 33 4 72 36 69 38 45 46 9 98 80 31 42 40 78 63 80 12 55 61 20 74 60 50 37 21 16 85 18 62 19 42 85 0 52 36 18 7 59 70 13 75 66 48 58 91 43 28 89 3 0 3 90 16 8 97 45 61 10 21 54 2 61 98 71 55 86 32 7 54 4 86 39 48 32 5 33 68 76 58 90 51 43 62 17 41 71 52 24 96 63 25
90 88 100 57 5 82 71 42 24 20 32 65 1 69 25 81 91 92 89 27 76 27 3 97 7 96 64 59 60 92 100 100 17 45 24 97 19 1 4 32 26 7 8 99 15 84 42 96 70 83 78 55 63 12 100 76 12 19 84 11 63 55 8 92 65 66 5 4 73 24 32 82 63 46 99 37 6 36 50 19 50 70 78 100 66 1 43 18 59 20 86 32 56 67 64 13 93 78 84 34 39 88 31 61 99 8 26 4 21 68 72 31 21 34 73 56 96 73 71 92 88 53 57 13 59 30 54 85
9 59 6 82 62 5 7 89 22 46 48 66 3 79 88 46 13 48 70 78 21 51 45 32 2 13 19 46 64 85 67 24 38 91 94 70 73 13 67 39 14 6 16 30 3 54 30 96 8 74 0 86 22 62 19 62 13 33 86 61 27 43 42 31 49 9 16 54 50 65 67 96 14 3 54 48 81 31 67 79 80 96 88 38 8 91 1 83 57 66 5 67 62 10 55 49 50 6 35 14 48 5 5 84 0 5 42 67 13 22 0 27 48 86 35 97 23 53 1 7 73 60 74 69 74 40 28 48
85 23 83 23 60 13 92 60 78 3 35 88 62 7 35 7 26 25 87 69 55 45 24 98 88 100 26 10 34 68 12 62 82 59 77 67 12 14 54 35 75 2 74 15 7 25 51 80 22 26 38 66 60 39 85 73 25 96 95 39 31 78 57 37 8 47 49 88 39 58 34 59 9 98 70 70 82 30 83 80 91 19 53 93 97 53 5 68 98 44 50 19 53 22 84 45 44 2 91 67 81 41 8 76 16 88 84 30 67 46 7 38 9 69 31 53 34 39 38 13 14 7 9 70 56 100 88 66
66 6 58 0 57 88 9 2 85 98 6 0 90 25 96 15 46 15 18 58 11 4 63 39 33 84 24 26 21 88 40 2 10 4 27 47 45 14 93 78 7 60 37 81 14 26 85 2 70 22 29 80 70 94 36 69 80 44 41 81 46 71 83 41 52 30 38 8 58 81 46 6 4 63 29 94 38 8 67 15 99 12 45 77 91 63 75 38 27 53 1 17 39 91 89 63 93 12 55 40 85 31 81 36 86 13 69 43 49 74 77 48 88 37 98 32 58 86 32 98 19 23 84 34 25 79 53 12
29 75 51 62 48 12 57 94 63 10 49 100 10 57 26 21 82 74 21 60 52 82 15 77 83 94 87 13 59 97 20 44 72 24 81 9 86 58 24 97 29 9 20 15 52 36 69 24 47 61 65 61 59 17 6 3 47 26 21 85 7 13 62 27 36 60 97 37 36 44 73 49 16 9 56 73 54 82 42 45 2 85 29 46 60 83 74 6 2 42 43 76 41 57 67 0 88 70 37 75 67 47 22 79 65 5 38 21 68 0 12 71 90 3 70 71 92 52 100 19 8 3 55 47 65 13 51 47
57 83 10 26 28 42 63 68 32 50 91 47 24 16 65 39 49 35 62 50 26 85 64 28 57 32 59 80 57 18 5 12 48 40 25 28 54 59 96 16 73 77 94 10 91 44 88 27 69 40 55 32 86 72 37 85 86 14 39 59 78 40 100 23 45 67 50 83 55 25 56 99 38 92 49 63 5 3 8 83 62 65 67 39 9 31 0 100 67 32 99 100 91 53 59 46 76 77 49 44 18 62 79 95 72 0 95 48 68 86 92 71 29 22 59 54 59 3 11 39 28 91 89 4 15 66 31 100
12 90 47 22 84 29 40 4 93 35 3 14 100 3 17 33 49 61 19 37 35 41 60 97 77 66 59 30 30 82 88 56 97 20 74 37 4 100 8 46 42 89 58 64 66 20 22 9 43 4 33 12 81 26 98 94 14 53 4 91 73 34 87 29 33 26 73 52 97 37 34 59 81 67 21 99 34 96 59 90 44 51 50 84 44 82 35 38 99 64 33 61 19 27 70 71 3 50 45 62 46 81 30 69 62 94 38 91 25 17 82 62 4 68 82 43 71 10 44 70 27 93 60 88 0 62 19 99
19 11 40 94 88 96 74 89 3 41 40 84 68 38 79 41 75 55 28 46 26 1 17 62 65 70 84 6 63 84 14 69 31 51 66 92 85 93 73 39 13 92 47 28 9 10 40 75 19 31 27 55 9 50 8 15 30 7 41 57 25 87 49 33 6 42 23 57 17 25 61 17 20 41 67 0 44 85 70 32 0 24 77 3 59 24 98 0 20 41 25 4 26 16 54 86 30 38 94 92 64 42 75 79 40 64 0 1 44 76 27 20 44 55 69 30 89 11 0 36 67 63 55 37 26 86 6 95
76 27 72 45 64 59 5 98 26 15 71 64 18 27 17 68 97 13 5 80 20 67 67 40 28 8 77 94 65 89 44 43 65 99 2 19 33 85 100 50 59 36 59 8 12 4 11 25 98 41 28 26 71 84 95 90 14 14 17 62 44 33 39 75 98 64 16 17 32 66 23 0 75 51 67 47 26 97 83 0 45 34 47 64 40 40 32 47 44 89 68 57 34 73 38 0 2 38 4 16 25 49 18 78 74 45 85 93 47 0 72 53 15 50 30 99 20 81 96 67 69 85 78 58 72 81 1 46
62 40 66 44 48 3 56 29 71 30 88 21 94 23 30 76 1 75 98 68 38 91 37 41 70 60 32 59 38 96 67 69 90 12 86 22 40 85 77 56 44 22 67 76 46 0 31 83 41 86 61 44 19 37 33 38 47 66 90 47 11 52 50 68 10 31 26 11 19 31 27 30 14 48 23 15 91 22 63 40 66 10 39 1 53 22 60 73 82 95 38 99 89 67 4 79 100 44 78 83 47 68 57 56 4 48 33 80 8 90 10 11 37 58 63 76 44 61 78 18 58 51 85 63 52 15 82 85
18 51 54 99 13 75 75 21 39 26 73 98 19 0 29 72 72 66 39 39 100 79 13 19 31 53 62 64 69 71 89 47 86 82 52 17 41 32 97 17 20 52 51 74 33 72 75 79 54 24 84 51 66 83 47 58 51 87 31 32 7 61 74 22 3 61 21 37 37 91 89 85 8 77 65 91 25 24 81 71 37 82 9 11 43 19 65 3 24 95 69 39 49 84 78 62 81 62 99 41 72 60 68 33 24 44 63 18 79 66 74 22 27 33 49 63 41 59 46 97 40 16 87 78 12 50 47 33
28 77 16 64 32 49 30 47 3 66 100 6 62 12 93 36 67 54 65 94 13 51 85 41 6 91 37 69 57 45 84 25 2 50 77 13 78 62 8 99 90 7 0 91 70 30 76 15 94 44 29 88 68 64 19 70 70 20 76 16 77 84 17 38 27 93 100 32 31 43 50 87 37 29 47 39 23 57 2 78 95 22 29 79 25 91 16 82 21 55 52 56 17 91 80 27 97 24 41 49 99 83 58 10 19 42 4 81 80 7 85 10 76 30 63 52 21 82 39 48 84 8 89 81 60 65 8 97
57 34 14 82 40 62 26 68 21 15 41 16 25 60 52 76 97 26 76 12 76 9 37 1 85 32 19 6 41 45 51 76 67 28 10 81 96 35 35 62 95 4 55 35 19 62 58 54 12 41 74 69 94 51 81 54 47 44 82 96 17 85 24 59 6 38 62 36 84 13 33 95 67 90 59 82 50 7 74 4 84 71 20 21 84 80 86 27 22 87 72 5 38 0 83 81 30 76 76 85 9 86 20 31 18 74 72 98 34 13 42 87 94 91 75 24 50 35 20 53 26 49 56 84 87 65 6 90
100 52 64 87 30 78 58 61 5 24 1 20 46 92 46 15 36 6 75 29 99 4 35 83 64 71 1 88 31 28 31 100 65 47 84 30 2 40 26 90 19 71 1 42 12 89 42 72 41 35 3 24 82 83 31 62 33 50 39 28 14 31 27 100 87 65 81 73 54 52 59 92 99 18 55 33 62 27 38 40 38 75 93 100 30 10 34 25 59 30 79 25 18 74 26 43 46 51 0 51 63 46 55 38 3 9 96 28 61 4 7 42 91 83 81 33 80 19 99 81 88 65 52 96 66 39 30 23
27 24 0 50 12 17 30 6 11 42 21 8 22 33 75 24 2 72 73 71 34 99 7 46 26 88 74 13 33 82 28 3 83 1 40 49 66 92 17 39 44 32 50 48 3 4 78 52 95 17 89 37 72 24 60 18 73 28 3 45 30 95 2 0 40 46 35 55 26 35 70 79 43 35 97 12 46 61 65 81 87 78 17 19 30 17 36 20 86 1 22 46 27 47 41 77 100 28 15 15 24 31 82 29 52 41 30 2 34 55 60 1 51 25 15 1 43 100 79 46 85 37 8 70 82 32 37 65
29 21 56 20 8 29 41 49 77 35 49 80 40 23 84 72 0 34 21 36 38 100 7 23 53 98 97 46 45 53 27 36 89 5 77 12 72 95 74 4 47 57 32 63 69 37 89 10 21 3 50 85 96 3 63 71 73 51 34 58 70 83 87 19 16 6 47 57 86 98 47 99 99 30 51 49 69 79 89 83 70 97 87 77 39 83 22 36 94 42 23 96 25 36 65 42 47 9 88 50 59 66 69 17 83 29 55 98 80 91 49 52 80 33 11 72 48 0 53 2 37 90 97 79 92 72 41 62
57 77 87 24 49 16 10 84 32 1 74 44 0 76 84 50 32 90 19 96 100 95 23 73 99 99 69 49 54 14 49 69 7 35 9 53 55 44 17 73 93 9 75 81 100 18 94 84 78 44 29 14 75 76 63 49 86 85 96 99 72 3 33 55 16 38 87 57 99 30 99 24 34 55 98 88 84 48 11 56 82 42 29 66 53 63 79 36 55 38 77 42 55 98 66 91 60 1 93 45 28 100 15 84 70 85 75 41 37 20 12 28 13 66 13 8 35 40 82 31 83 27 94 49 84 72 31 64
39 99 51 84 1 73 88 51 50 86 97 35 17 47 74 0 44 65 47 37 69 80 71 0 73 21 65 61 93 32 38 95 35 15 47 73 94 24 45 11 65 62 65 17 63 11 63 88 10 11 27 84 51 56 31 24 56 6 97 27 73 99 97 40 39 22 73 43 21 78 42 50 27 62 96 67 47 24 8 19 13 30 39 11 47 26 92 80 69 61 85 31 40 31 59 85 70 32 15 40 50 69 1 39 16 54 28 88 16 72 30 75 68 79 5 37 16 29 18 63 23 64 88 42 73 95 92 14
90 22 73 16 62 79 85 90 18 30 68 12 46 71 90 70 72 2 38 74 80 59 45 91 15 80 69 38 4 98 79 77 81 66 25 12 70 41 79 30 58 47 58 50 0 13 68 8 30 82 6 0 4 18 40 29 93 55 22 4 3 43 87 27 94 68 79 90 48 40 31 51 46 59 52 22 92 21 56 94 38 1 12 54 61 81 34 10 71 59 34 99 76 9 95 23 44 68 83 71 93 30 48 15 70 67 89 27 36 86 11 66 79 70 85 90 23 38 24 6 66 59 81 22 0 84 54 42
89 56 50 43 86 4 48 66 22 89 24 73 72 15 61 99 47 78 80 13 21 45 73 90 77 83 49 29 71 23 50 15 48 87 76 63 63 87 23 35 8 36 80 65 49 87 36 25 24 10 26 95 29 26 82 87 53 80 10 68 42 76 88 52 39 2 1 94 86 5 35 71 29 24 33 61 76 44 51 58 12 100 87 17 33 44 24 87 44 34 23 71 95 12 10 0 64 61 8 9 5 28 63 47 100 17 65 89 6 85 49 100 48 60 66 7 44 94 27 37 68 44 94 0 89 65 17 50
58 65 86 32 14 37 60 92 55 7 90 88 47 61 97 82 83 43 16 71 24 60 100 34 28 20 22 43 39 47 80 65 9 2 65 4 15 39 15 51 86 25 91 54 78 55 3 67 73 58 12 63 50 2 88 63 84 87 13 73 21 66 79 17 6 18 97 87 2 46 63 81 92 20 55 71 91 51 93 70 62 24 44 14 96 4 8 97 33 58 39 79 58 91 88 63 38 100 22 37 80 24 0 75 39 48 8 83 65 74 36 18 90 84 13 52 17 43 69 20 17 63 66 7 72 78 38 41
40 90 30 72 6 84 79 20 58 45 12 13 79 56 36 26 80 46 92 5 92 59 75 75 73 44 61 31 50 60 29 92 21 50 97 44 56 27 11 53 58 48 65 98 43 9 1 72 17 100 96 75 89 56 83 61 1 89 8 60 11 82 53 56 64 54 81 5 1 18 15 38 42 12 100 28 43 23 41 30 92 43 76 27 98 91 44 22 89 23 92 95 19 0 32 31 82 87 76 50 74 33 42 61 32 98 81 77 3 34 89 37 7 94 16 76 90 92 30 34 13 96 60 70 26 73 78 9
80 87 79 42 28 34 67 68 7 50 36 96 26 19 4 38 72 12 9 94 61 75 75 31 27 14 63 56 69 38 82 35 66 56 13 62 32 33 41 81 83 94 19 35 85 65 76 44 85 39 48 45 59 86 74 42 68 90 96 74 92 48 4 19 71 9 4 1 37 29 5 74 91 46 6 2 59 61 67 68 28 77 26 41 5 35 62 62 42 23 81 71 52 100 100 24 24 28 80 2 80 17 54 14 46 49 55 33 94 93 30 29 39 51 87 66 13 98 79 29 68 30 65 46 63 80 58 25
63 54 12 91 51 30 42 68 18 46 68 46 96 7 99 83 40 28 42 43 33 75 86 17 59 87 51 99 9 80 93 95 65 23 35 82 1 18 62 35 73 53 53 38 90 35 8 77 51 31 83 74 59 8 99 87 72 99 4 60 35 55 14 31 87 64 89 12 21 70 41 17 94 69 84 30 42 15 5 98 98 46 58 23 60 38 78 52 21 3 38 55 75 83 44 89 22 43 71 81 12 22 73 85 48 81 90 51 52 19 45 88 33 5 0 48 7 38 27 87 29 25 1 73 20 37 15 68
30 74 31 7 11 93 27 71 59 82 83 47 3 77 38 8 88 21 1 92 99 61 23 100 7 92 46 1 64 68 12 90 22 77 95 10 95 96 42 2 16 3 84 53 17 89 0 8 0 23 62 90 36 63 47 80 70 79 28 77 81 17 4 54 81 58 57 73 40 11 84 89 34 40 42 92 34 57 43 81 77 56 88 30 41 6 81 94 60 41 58 53 88 78 8 80 72 48 52 75 76 10 54 14 50 49 63 76 31 28 66 46 99 8 29 98 53 44 18 72 19 44 88 67 98 94 54 9
93 63 94 29 8 26 76 56 97 43 27 28 34 19 90 34 54 76 4 52 65 72 92 18 86 16 2 76 99 68 73 47 72 45 39 49 45 23 17 74 53 93 16 39 64 58 28 84 25 76 63 24 11 36 49 7 69 62 95 70 53 41 90 35 12 5 8 18 26 4 65 22 66 52 63 17 45 74 72 78 62 42 59 41 60 44 90 7 40 96 72 14 22 13 42 27 54 42 28 89 55 52 66 35 86 1 75 69 50 41 27 39 42 33 15 43 87 96 73 95 80 84 77 1 12 72 98 40
69 56 49 16 29 46 19 67 73 70 88 71 2 25 83 44 56 16 13 54 21 47 28 14 34 56 44 40 81 28 37 96 51 49 2 63 81 38 8 75 49 12 82 80 53 62 65 39 10 44 48 83 78 0 61 76 0 66 35 43 60 58 99 5 75 82 21 59 47 13 7 56 56 74 38 94 79 68 72 10 19 90 79 77 90 23 69 27 76 59 82 28 11 84 86 22 78 51 37 11 43 2 4 87 92 26 53 50 21 85 15 57 87 52 36 77 63 89 86 66 17 47 29 48 30 2 75 62
3 53 13 27 77 82 92 25 18 7 59 52 51 18 65 78 72 25 69 14 64 25 28 19 93 26 35 27 74 46 55 19 17 7 76 59 19 60 73 85 80 27 3 52 1 79 92 99 44 58 3 52 24 80 49 72 65 45 56 3 90 54 25 34 7 68 89 60 32 15 76 89 67 35 69 3 64 91 70 48 31 12 48 64 57 15 16 54 54 2 97 76 16 80 61 76 58 11 62 59 9 59 46 10 84 69 20 40 14 95 94 35 13 57 79 59 83 36 35 19 17 30 14 16 24 89 42 75
8 37 65 22 33 39 45 31 27 52 85 81 77 51 86 84 12 88 97 48 25 9 33 79 13 15 15 95 33 0 84 86 56 64 39 90 33 48 96 29 3 44 71 35 81 8 63 62 94 39 42 77 70 7 81 51 84 68 5 64 68 5 18 52 39 100 54 72 40 30 32 72 97 47 74 36 80 74 55 35 2 36 7 46 41 90 86 49 13 92 71 92 51 26 23 6 61 88 27 82 51 62 4 7 69 15 64 65 14 10 83 85 73 5 5 62 86 32 47 5 18 72 46 93 39 2 36 37
8 87 55 39 22 2 7 44 39 35 58 10 58 7 19 82 4 7 74 6 70 68 10 41 41 31 37 63 100 83 72 65 61 58 37 31 39 6 6 37 44 37 38 90 38 4 48 28 87 51 38 33 17 36 40 98 66 2 81 87 90 11 30 9 0 87 82 12 14 87 91 68 61 8 54 93 87 60 31 46 40 18 67 59 64 79 69 57 21 72 7 84 14 38 46 68 18 20 70 6 62 63 80 26 20 73 7 31 52 77 51 74 28 69 95 74 14 17 69 82 24 66 86 17 52 59 58 90
18 96 37 68 0 63 98 16 15 6 58 75 16 1 85 16 2 26 2 83 20 98 48 86 20 50 3 24 60 95 48 25 42 82 10 52 30 50 66 0 98 93 100 21 1 43 94 53 52 79 63 67 89 94 15 14 99 31 60 25 11 55 75 67 35 60 26 5 83 90 66 4 36 28 67 93 84 38 78 76 4 54 9 68 22 11 49 61 21 13 24 29 48 31 76 73 68 41 12 6 25 53 82 20 61 49 14 1 99 73 100 61 70 84 5 76 9 9 2 68 52 13 13 90 32 37 61 11
56 17 78 59 20 55 49 74 17 14 18 66 12 37 96 15 59 71 76 94 86 24 100 42 46 100 69 80 45 17 39 86 42 61 3 59 4 65 53 26 82 57 53 98 68 16 38 39 70 14 58 35 84 90 53 9 80 35 9 59 82 5 76 86 13 18 38 53 47 86 29 33 36 74 59 17 42 42 57 1 76 3 30 44 81 45 93 80 44 31 63 56 69 9 84 81 32 54 61 13 74 65 80 42 39 44 88 100 24 14 51 77 60 0 20 12 68 39 11 36 5 1 99 41 38 87 37 9
86 18 85 95 59 86 26 85 15 21 68 37 75 16 48 13 81 34 48 9 58 3 45 85 69 76 41 17 54 8 24 11 80 34 30 33 53 80 17 100 43 22 75 17 31 37 99 64 10 2 3 48 71 77 79 28 5 40 84 75 0 85 58 18 39 81 30 44 84 94 95 54 60 50 39 81 61 80 13 64 75 63 6 40 30 63 28 16 82 97 18 15 94 75 54 57 100 88 13 88 54 6 92 63 38 88 10 16 64 84 100 54 42 30 8 36 75 82 52 72 57 57 0 79 78 59 39 12
30 90 51 29 14 35 15 37 39 89 28 48 93 65 77 12 32 24 10 2 73 49 37 56 79 56 56 19 18 1 22 66 55 72 11 41 65 95 66 69 39 5 22 18 49 67 59 31 17 25 87 10 91 83 48 0 45 66 31 36 82 97 29 31 100 0 14 95 67 70 7 6 69 52 79 71 68 2 16 36 39 58 31 23 58 9 39 21 39 21 82 19 99 15 69 29 67 74 92 60 51 86 69 34 23 62 12 22 77 64 64 51 85 30 33 45 29 86 52 62 58 23 72 25 69 3 63 58
86 32 53 68 97 21 72 43 50 89 21 69 43 66 69 100 15 48 51 19 4 66 94 21 78 50 76 66 64 2 43 40 5 22 47 41 14 12 15 42 46 100 65 53 30 18 89 98 82 85 4 92 7 46 32 75 50 77 27 24 47 95 37 34 72 12 73 56 67 9 57 59 63 10 51 24 75 69 19 5 99 48 16 26 31 86 81 83 73 9 73 86 57 83 61 14 84 99 81 40 84 86 16 6 52 83 7 69 40 71 43 38 30 49 56 92 38 77 100 86 16 82 63 90 2 70 2 19
90 6 87 0 57 33 46 83 91 57 72 21 56 94 56 44 83 95 32 18 58 19 46 61 64 14 95 44 3 59 73 5 5 31 17 53 58 44 49 39 7 88 62 25 36 84 63 64 24 49 73 69 12 44 41 69 37 99 49 81 56 49 19 96 73 52 63 53 42 12 6 32 28 44 30 2 44 76 12 0 20 87 67 48 2 18 34 47 71 31 43 7 54 45 69 72 33 19 33 90 5 92 49 92 89 48 64 100 80 51 36 95 5 46 66 22 81 54 98 3 74 27 26 13 4 71 36 30
46 42 11 14 18 28 31 75 93 7 41 90 75 44 66 84 47 48 25 82 2 29 93 96 37 34 43 90 65 58 99 74 56 52 52 40 30 99 98 51 7 27 94 3 37 4 15 0 2 3 19 35 14 63 8 27 61 94 73 45 65 42 60 73 100 36 16 62 36 46 38 24 13 39 100 61 46 26 72 83 93 59 78 61 29 57 90 13 66 16 84 99 92 98 90 62 74 44 99 30 89 89 2 19 78 18 76 91 62 46 92 93 27 4 27 53 69 20 47 54 20 58 16 73 63 84 15 69
26 28 7 0 2 34 21 54 56 46 65 87 48 70 40 83 95 70 78 86 60 39 25 7 15 74 52 29 55 58 22 53 17 34 69 74 36 55 63 31 21 29 99 22 11 100 59 65 59 33 96 39 33 25 78 83 31 87 49 66 24 35 38 35 10 44 77 80 37 11 42 36 5 0 84 93 92 96 85 1 61 42 8 89 6 70 39 88 13 28 21 29 13 54 96 4 17 80 2 14 95 32 99 55 24 68 96 56 22 95 32 27 23 12 36 41 74 86 38 35 35 17 27 53 20 81 14 91
85 24 25 25 90 44 93 7 98 20 58 38 94 75 89 57 28 50 87 74 38 48 5 100 8 59 97 80 18 52 19 73 67 100 8 50 15 60 37 53 55 78 45 60 72 69 70 67 64 36 43 58 99 27 20 76 18 7 0 71 71 36 87 52 1 69 37 2 8 44 71 93 50 100 21 68 21 94 65 54 45 76 53 42 96 86 56 77 67 48 26 71 65 81 93 36 10 52 11 70 32 76 89 67 39 1 72 55 99 31 4 35 3 18 70 95 54 65 65 69 34 49 63 62 6 94 84 13
37 42 44 38 47 86 62 20 87 3 50 45 27 51 77 99 13 56 32 38 92 75 58 88 67 91 28 33 67 6 53 6 64 97 35 57 37 25 87 31 61 41 32 78 90 54 11 55 62 9 97 40 41 33 59 49 3 39 97 77 92 28 73 88 85 98 78 62 13 47 59 33 84 20 66 44 6 34 42 6 17 24 5 98 15 81 87 42 90 26 49 0 57 31 34 33 44 18 0 6 85 73 77 76 85 0 91 2 50 83 65 90 73 71 82 44 89 73 49 23 49 74 42 28 31 18 39 8
37 98 86 82 26 84 68 45 68 74 88 3 55 74 77 30 21 12 50 83 13 90 90 87 25 63 78 90 42 86 32 64 74 11 82 84 56 96 42 50 45 93 62 59 98 42 83 73 81 30 53 10 91 45 19 33 87 37 56 65 16 39 57 53 100 94 100 37 48 19 7 5 55 50 89 2 72 32 79 54 79 44 100 70 7 86 36 93 6 28 19 77 59 75 47 1 64 84 96 88 74 76 75 48 50 72 70 5 93 1 35 21 10 75 5 53 64 63 91 69 35 44 65 14 45 73 81 27
89 91 5 29 56 63 62 46 64 66 36 32 36 37 56 66 76 18 98 38 31 82 39 71 43 77 27 100 42 22 63 46 34 21 8 63 49 79 50 83 50 54 5 89 45 60 42 52 46 32 9 11 67 64 15 44 30 44 9 13 48 40 6 1 61 47 95 24 30 23 37 20 66 18 21 57 27 67 61 8 68 81 11 81 61 83 18 41 37 87 55 79 28 33 46 69 49 82 38 7 86 97 18 21 30 100 69 73 59 31 57 45 15 38 95 54 74 54 90 1 85 87 83 58 33 34 10 88
93 56 76 94 37 75 25 2 23 88 88 59 13 19 64 32 32 29 96 68 37 27 1 99 92 21 11 39 81 50 0 5 44 72 13 75 3 44 92 83 95 50 78 53 61 78 57 4 90 66 68 78 79 94 35 100 11 71 15 50 89 72 22 17 98 91 50 78 100 86 78 77 83 85 47 28 27 86 79 92 15 72 62 76 78 70 78 63 83 12 93 15 37 7 56 9 24 26 25 62 31 81 23 58 73 93 24 58 91 42 39 13 49 18 89 28 48 98 97 69 6 24 37 40 80 4 87 69
54 9 76 35 36 36 23 22 0 65 25 19 70 76 49 26 15 8 93 39 48 12 10 33 21 96 88 85 88 33 2 67 68 31 0 92 47 94 38 14 57 18 36 52 83 3 26 41 64 71 0 79 48 35 100 83 55 44 16 51 35 87 85 4 36 13 19 57 76 95 19 50 49 89 18 20 0 34 53 94 76 74 54 92 29 28 77 51 69 15 62 63 69 83 31 32 5 58 76 23 81 0 2 39 55 32 84 25 2 24 50 11 47 9 53 40 44 79 36 61 34 20 97 67 62 74 44 34
97 0 6 34 49 22 25 38 30 59 63 100 60 48 80 40 75 38 36 34 67 78 61 2 16 49 75 17 98 99 85 55 48 69 82 81 44 19 69 66 82 64 86 73 84 19 1 32 51 96 21 88 7 89 7 62 92 60 21 49 44 6 80 47 76 76 56 56 21 99 65 86 29 61 80 55 76 87 83 56 48 33 9 30 22 53 47 73 22 52 20 9 45 89 44 72 77 62 3 15 16 53 22 90 27 91 76 0 10 91 68 10 32 20 79 50 76 13 56 66 40 64 55 37 42 21 49 87
74 24 49 30 29 4 21 99 75 85 15 12 3 89 66 53 22 71 82 20 9 42 95 91 0 2 87 98 83 4 36 81 87 3 82 50 21 41 89 82 95 3 51 61 36 10 100 32 40 81 27 59 97 87 60 84 57 63 29 11 50 57 14 66 69 31 16 90 2 4 16 90 52 10 80 19 81 15 32 73 86 80 38 2 24 54 10 0 82 69 54 25 85 70 67 48 66 49 86 89 32 98 55 61 58 44 86 38 22 75 66 62 92 90 56 17 77 81 50 59 14 83 74 51 67 12 48 27
12 41 47 33 48 10 83 88 71 89 33 68 49 95 78 18 44 11 85 27 2 37 50 93 15 30 34 75 13 72 79 2 52 93 39 50 31 73 90 17 45 18 5 65 2 67 65 36 11 4 59 68 15 20 82 62 77 28 80 42 7 70 73 40 63 99 33 90 52 12 63 84 61 2 5 35 31 53 91 75 72 99 39 100 27 18 67 93 12 27 18 40 40 80 64 55 61 72 33 90 64 83 59 33 81 55 83 63 38 97 69 51 22 9 73 11 28 21 76 67 74 62 15 87 92 67 23 80
25 20 63 29 20 28 38 54 66 0 71 18 66 42 31 91 15 35 49 87 8 6 58 72 1 39 0 94 84 82 46 47 62 36 10 86 13 84 26 62 20 66 51 39 0 47 50 3 72 1 78 20 31 13 37 70 45 44 8 95 38 76 100 69 79 19 48 53 27 81 68 29 18 78 49 100 65 59 15 19 98 22 7 68 5 47 8 56 83 80 6 47 48 85 72 52 19 71 24 40 44 83 43 30 38 22 29 79 77 27 38 25 40 62 22 14 51 4 43 15 5 23 45 73 75 89 46 80
57 61 61 53 38 68 38 97 75 17 61 94 5 50 75 82 41 99 87 70 22 6 16 52 73 22 38 33 7 74 76 70 90 39 74 20 89 34 9 98 86 99 81 56 32 76 36 47 9 45 68 89 28 15 84 62 66 62 97 40 73 9 90 56 28 71 50 47 77 56 19 87 54 31 83 62 65 86 92 87 80 70 68 85 82 83 47 5 41 52 16 80 98 92 92 52 11 28 46 7 4 96 44 80 92 99 84 44 34 91 24 12 95 78 36 34 4 94 98 60 83 44 71 61 10 31 31 100
26 73 32 62 62 97 97 94 49 14 82 80 99 47 10 50 72 58 94 100 67 36 17 43 100 37 76 81 49 48 96 42 48 82 32 85 52 7 25 22 1 47 83 9 37 50 56 27 62 61 70 22 11 68 95 33 33 46 62 13 32 72 5 7 83 14 12 14 63 74 16 6 79 99 57 63 92 12 18 97 63 73 46 96 18 80 96 15 27 96 92 16 25 51 73 16 33 48 59 79 30 70 16 5 0 35 35 39 83 60 86 85 11 49 24 39 45 43 44 42 76 35 11 35 87 1 20 75
71 88 71 80 83 35 56 21 91 97 59 23 50 1 45 94 78 51 18 90 52 68 67 92 80 89 22 8 80 29 39 45 95 8 82 53 5 73 86 6 64 96 13 88 100 60 76 39 38 42 85 54 64 6 44 11 42 53 7 15 1 97 99 15 91 8 95 85 95 91 26 17 57 35 75 42 8 40 92 39 3 80 5 56 78 100 55 82 89 100 87 58 39 52 30 77 17 71 4 3 27 13 52 15 67 33 5 49 29 89 10 44 71 43 73 37 54 34 97 79 90 95 100 18 13 85 70 20
96 82 78 66 15 60 28 16 99 15 37 74 98 23 79 41 64 81 30 49 70 52 34 13 58 46 97 80 44 32 1 57 83 77 84 76 81 88 84 51 85 42 30 55 0 66 19 72 20 35 12 42 6 22 93 74 34 48 46 91 50 81 94 88 90 66 44 77 86 51 100 16 91 98 23 42 41 96 28 27 82 16 15 41 25 42 70 9 17 43 8 97 85 93 2 24 46 21 4 1 81 52 32 27 15 59 22 31 10 46 37 46 22 54 54 12 67 4 0 18 53 19 50 78 17 82 3 31
79 88 93 27 63 31 57 28 78 48 15 22 7 63 91 72 77 29 24 60 58 43 76 79 98 94 74 88 88 93 61 81 33 70 32 66 39 63 46 47 69 68 65 15 81 88 17 0 81 18 88 9 64 99 6 48 6 56 48 34 61 54 79 68 80 59 36 44 86 51 26 29 60 32 49 55 48 25 82 23 76 93 54 49 11 53 78 73 34 75 81 29 35 6 36 36 28 97 67 66 15 62 84 58 2 95 21 58 22 16 37 31 91 83 56 69 71 46 16 34 89 57 33 35 71 41 69 33
55 41 68 23 44 30 68 82 20 49 20 79 71 38 92 44 21 5 90 15 62 35 17 69 29 41 81 98 44 1 61 65 86 15 90 93 62 93 51 61 60 31 22 26 74 46 98 6 60 54 14 49 56 72 80 59 61 9 33 98 62 40 88 94 40 76 9 11 3 37 55 0 35 82 55 59 69 30 100 61 8 55 48 45 46 76 66 36 66 96 16 92 58 0 4 99 42 7 57 73 60 73 27 15 27 51 46 91 82 61 73 3 23 22 57 1 26 74 43 48 60 53 42 7 89 89 86 7
93 69 1 6 53 87 53 28 80 67 1 75 66 41 76 17 37 30 81 96 56 63 12 4 26 44 68 54 9 5 1 97 4 98 63 67 14 90 18 65 84 43 89 39 95 53 0 2 42 0 3 69 95 1 20 96 11 30 85 62 50 59 23 21 70 34 33 19 42 39 79 15 23 7 77 27 32 99 5 71 62 36 38 33 49 99 23 48 88 45 91 5 37 83 96 28 83 100 26 93 75 62 2 90 11 83 23 87 19 52 12 0 2 36 29 40 69 58 34 86 50 0 30 44 18 63 67 84
33 66 78 63 54 82 61 76 52 22 44 42 82 100 78 74 4 52 18 40 49 96 23 68 19 51 82 21 94 35 21 22 61 10 31 42 8 48 28 22 62 50 29 3 38 49 37 59 2 98 42 97 9 33 1 28 28 78 76 15 23 92 74 18 36 63 46 94 87 5 54 91 13 71 13 66 38 4 90 73 16 69 18 98 18 74 60 27 35 75 3 80 7 32 97 67 75 1 59 90 44 58 83 75 45 77 62 74 9 6 53 40 92 77 68 87 32 54 88 0 41 22 79 4 37 78 40 28
45 82 100 53 11 10 12 75 20 59 66 15 50 74 89 13 100 94 97 54 71 38 9 22 71 16 30 23 17 39 20 9 7 69 88 89 60 78 37 11 53 19 97 77 73 2 71 26 16 48 67 20 12 65 48 68 23 66 48 56 38 12 70 15 16 16 58 91 38 97 22 68 51 11 1 92 66 73 92 60 65 36 73 11 91 25 25 93 18 41 89 23 79 94 84 71 12 72 69 0 74 35 65 26 62 92 89 58 98 18 5 16 75 100 73 25 10 68 62 2 90 20 2 64 81 24 68 2
27 31 95 55 52 50 25 12 99 95 20 45 5 95 44 9 64 67 14 86 35 100 18 10 89 91 22 88 43 17 80 67 94 96 76 72 53 3 71 91 2 51 29 30 1 5 41 92 74 67 94 29 56 46 58 92 84 47 42 3 8 52 67 36 75 93 56 0 70 54 64 0 20 69 48 71 55 45 57 64 94 53 77 75 100 45 98 48 98 47 49 82 28 46 72 68 9 14 2 77 51 15 90 21 85 48 22 29 59 55 50 92 39 14 72 61 22 91 32 7 4 90 87 19 5 1 99 55
24 50 15 32 90 90 28 100 75 67 2 31 83 22 79 30 52 95 13 32 71 53 98 40 40 26 38 81 70 53 80 3 40 32 57 19 69 94 5 78 15 64 58 92 27 9 13 36 20 60 27 20 98 43 23 30 96 91 2 36 97 34 69 16 83 83 71 24 94 65 48 81 52 59 37 26 47 80 54 7 56 83 67 56 42 57 68 75 28 59 91 44 72 0 69 11 40 97 80 88 6 34 92 45 72 7 41 1 69 23 19 48 18 65 3 62 4 99 11 68 96 3 55 32 80 12 52 43
4 3 80 48 21 99 87 99 61 84 19 71 4 53 43 0 44 85 20 78 48 73 19 41 89 100 30 18 20 77 52 52 87 59 83 2 78 64 55 82 5 74 77 49 38 20 68 61 73 12 95 9 59 38 79 97 44 100 15 34 11 4 78 65 50 83 13 46 17 97 88 97 39 28 64 79 67 81 96 29 50 17 46 68 68 86 28 27 7 25 63 23 13 67 96 77 86 65 58 96 9 71 20 53 95 55 51 58 18 5 88 52 72 12 8 31 71 13 29 61 13 59 71 70 50 72 9 22
70 73 70 69 23 23 16 77 31 40 89 60 19 77 24 56 22 84 40 72 6 67 68 58 49 59 25 6 48 68 4 60 34 73 96 37 37 8 60 25 70 13 38 28 14 69 87 41 94 100 80 67 88 28 26 3 65 63 76 85 66 98 16 19 81 81 13 72 9 93 25 20 78 98 36 87 64 34 59 42 72 63 51 4 12 52 25 48 50 55 23 53 13 16 41 83 11 24 74 31 60 81 96 56 82 81 92 85 18 87 89 37 62 17 8 50 11 41 97 79 31 97 79 42 65 95 65 42
35 73 39 3 46 20 77 1 6 66 45 4 56 16 67 32 50 94 66 99 82 38 55 42 89 37 32 82 22 51 68 14 25 75 100 96 83 62 6 100 38 44 0 99 48 4 68 19 4 3 64 59 56 94 86 95 90 32 94 57 10 72 12 0 14 68 90 44 24 4 56 100 79 16 51 87 97 6 68 89 81 86 90 86 54 42 44 98 100 70 47 40 17 19 78 81 48 55 9 1 88 64 56 15 29 97 71 17 93 90 2 2 97 90 4 83 84 32 46 18 23 78 4 13 71 0 45 64
8 25 11 14 7 89 84 25 60 39 43 58 86 88 94 26 49 17 48 56 3 19 78 71 15 73 40 51 26 29 21 95 20 14 64 10 94 3 77 92 11 41 57 11 6 66 20 97 64 33 95 58 80 21 46 96 52 76 94 12 89 67 54 45 68 23 50 5 33 61 76 50 49 7 88 1 65 73 22 0 20 29 80 95 80 70 62 79 76 50 92 26 13 71 52 12 66 30 30 26 45 26 51 33 48 87 0 80 69 9 9 97 46 70 80 53 41 83 65 7 73 72 59 74 76 14 61 90
64 21 88 57 87 2 69 83 33 73 96 98 19 35 22 53 80 42 28 58 88 73 34 41 82 53 93 99 19 50 7 72 44 5 27 18 52 52 40 72 46 74 74 81 96 8 78 20 46 97 19 49 58 17 90 42 38 59 56 70 3 47 6 85 52 96 96 47 83 65 70 79 68 83 90 49 6 89 39 88 28 63 48 20 76 45 4 90 18 53 67 8 30 95 68 2 87 62 90 51 33 84 22 71 42 19 2 90 11 40 44 80 15 76 6 48 63 0 1 29 52 69 5 78 9 94 29 17
90 22 47 18 89 75 61 41 13 94 69 67 36 66 53 99 82 22 11 44 32 56 47 95 99 66 86 61 32 39 89 88 62 48 64 98 4 0 69 52 61 90 28 48 52 8 19 8 16 62 91 68 93 25 44 1 27 93 81 24 42 92 2 11 79 88 58 47 26 25 34 40 64 65 21 80 55 51 48 63 11 31 35 65 93 4 28 53 31 62 41 32 63 9 43 82 98 86 94 50 1 22 61 14 17 65 77 0 47 44 12 78 59 59 78 30 83 72 30 43 35 27 67 25 84 99 94 99
68 89 17 92 72 94 43 30 40 93 30 74 75 7 23 83 23 30 34 54 13 18 46 72 48 48 43 69 57 29 0 24 61 67 58 44 90 48 58 13 86 61 9 63 74 90 92 9 13 98 36 77 86 70 100 99 40 14 64 46 74 30 24 0 42 33 4 76 48 22 25 93 96 60 81 85 37 64 7 99 58 1 67 84 70 44 42 1 93 97 44 80 4 20 93 43 62 9 10 33 2 1 57 94 60 44 3 43 59 50 46 42 60 10 48 5 47 56 65 42 6 29 27 94 54 20 42 26
48 54 44 20 6 83 69 29 58 75 78 12 30 16 25 80 79 68 2 69 78 68 25 38 59 3 16 52 83 61 1 17 90 72 3 81 35 63 14 90 35 3 91 56 12 61 59 58 57 24 96 38 36 16 29 71 80 40 94 57 74 9 28 98 62 53 37 40 97 7 50 25 94 81 67 37 32 40 24 17 20 49 88 23 35 86 29 6 35 3 32 64 69 29 15 66 96 27 3 91 27 52 89 5 17 46 82 31 83 20 22 71 72 17 33 37 10 23 44 50 42 87 34 17 16 51 59 65
96 75 29 100 72 72 19 60 56 6 76 21 82 38 27 8 34 17 26 81 3 5 60 42 22 14 21 46 18 15 62 89 9 97 39 90 15 52 10 64 58 90 29 9 37 11 26 100 96 65 21 23 98 36 78 28 13 80 94 39 90 90 26 13 59 98 30 20 6 37 51 14 39 26 13 34 36 33 42 19 86 35 32 1 62 5 63 98 59 100 31 45 58 21 83 7 12 35 33 65 28 40 76 7 8 39 65 69 70 14 53 70 30 42 16 47 36 16 57 1 53 0 0 27 0 80 82 0
72 51 97 89 51 24 52 74 79 97 62 5 56 6 27 59 75 25 59 40 32 20 60 3 98 94 7 2 54 47 51 62 100 87 93 98 17 92 32 24 78 99 41 70 63 45 89 11 16 58 85 85 78 9 48 7 15 50 87 73 32 45 43 77 75 99 1 81 100 2 59 46 13 97 96 35 53 0 58 31 93 61 98 8 63 8 28 91 5 54 0 69 19 43 92 61 70 83 98 22 47 33 61 39 67 92 95 61 78 54 65 38 33 71 14 94 48 16 56 7 63 66 45 23 32 90 86 5
36 35 34 16 93 42 25 47 8 16 50 98 19 78 4 49 56 16 31 90 61 25 57 4 62 32 98 96 93 48 88 63 40 49 7 8 34 59 5 19 41 30 65 49 73 44 21 30 54 41 77 62 28 20 51 99 43 58 36 81 38 31 0 64 6 52 16 40 74 61 44 40 1 78 30 69 26 4 80 40 43 11 75 52 60 15 9 9 5 41 41 4 40 23 81 44 48 87 98 65 50 35 4 83 53 84 8 83 36 23 26 65 86 31 18 43 66 10 83 78 86 32 93 84 59 31 70 21
36 87 24 55 71 91 80 0 39 10 63 76 73 28 5 47 84 9 86 77 71 55 59 83 18 13 86 27 77 79 97 99 54 64 51 79 21 99 10 85 60 57 69 71 22 38 97 78 44 69 11 25 43 25 27 2 22 17 79 64 35 47 72 85 57 0 54 50 37 5 40 8 8 87 15 9 31 44 7 78 9 9 20 61 33 38 7 74 56 19 28 56 48 15 22 23 25 80 44 0 12 14 64 15 100 57 41 55 39 37 63 13 43 38 93 81 99 57 16 75 73 74 78 38 47 45 77 56
11 84 53 25 82 5 29 61 23 15 38 28 48 88 67 61 27 99 21 92 87 31 33 51 78 68 78 36 45 71 91 27 53 3 86 28 34 54 70 32 92 73 89 41 27 31 39 42 22 57 30 83 85 16 34 50 82 65 98 80 61 1 100 73 14 46 45 64 30 61 29 47 5 25 63 16 5 86 59 12 84 93 29 62 96 41 28 100 31 82 47 99 65 19 70 5 23 93 24 17 20 6 83 71 58 99 93 20 72 35 9 85 21 81 48 79 71 17 98 74 89 84 13 39 45 33 46 72
39 8 7 41 3 17 10 81 19 8 64 2 36 2 98 35 27 71 87 40 43 26 97 25 65 47 29 72 36 92 96 36 48 79 68 76 15 35 70 39 48 69 57 54 26 74 10 47 15 68 5 52 81 90 100 68 8 41 21 84 70 15 51 83 25 37 10 15 59 85 94 57 70 91 39 40 40 67 84 41 53 34 66 20 42 74 38 9 62 70 3 91 6 93 15 97 54 38 41 93 31 10 79 63 73 90 34 47 42 15 68 70 46 100 76 77 51 19 44 87 90 11 97 7 6 25 2 8
15 26 16 49 24 24 39 99 27 89 17 74 47 5 69 0 79 55 89 20 7 33 65 81 36 11 40 33 44 7 33 10 30 24 89 17 58 48 13 8 43 60 82 40 11 22 98 69 40 59 75 68 49 7 5 25 16 38 99 61 49 49 36 38 44 46 97 22 19 62 1 35 34 62 30 100 80 55 88 11 11 21 38 79 86 4 75 33 47 59 84 76 9 2 75 89 64 92 48 34 66 89 26 7 61 53 9 73 41 70 23 41 93 38 53 84 82 94 8 19 4 90 77 70 56 39 40 7
63 37 85 0 5 18 27 95 46 92 65 87 72 77 0 1 71 2 63 64 44 27 9 42 18 80 69 46 45 84 76 16 44 10 74 30 2 95 4 93 35 56 11 97 19 43 64 93 27 31 45 92 29 0 43 35 98 85 97 13 92 4 63 96 8 20 10 97 61 42 63 34 29 13 84 86 11 18 49 14 39 40 34 64 85 50 12 63 31 5 30 63 59 38 38 18 10 7 53 85 74 35 48 12 93 69 3 44 69 79 66 83 34 59 9 90 40 37 59 61 42 73 93 100 83 19 41 38
45 26 31 93 76 90 4 50 43 9 32 64 77 46 45 90 2 2 73 5 78 34 7 5 92 7 62 35 32 52 97 26 3 97 20 84 29 39 36 13 7 54 36 1 64 75 37 75 88 12 96 51 44 31 65 38 32 62 8 24 80 59 87 34 52 31 56 50 14 71 16 86 26 96 39 69 98 24 8 73 47 55 55 64 0 44 39 41 47 28 78 26 17 100 60 26 74 35 86 64 58 34 96 39 32 91 82 90 32 12 73 2 53 25 33 35 31 45 39 7 4 60 6 59 32 31 32 51
44 5 90 45 59 87 4 0 66 33 43 78 35 26 8 76 90 100 51 95 84 96 98 33 64 5 91 98 2 8 95 12 36 42 68 8 20 8 78 59 9 78 98 87 26 26 98 30 99 38 16 46 55 28 75 94 31 83 19 67 23 26 69 43 15 58 7 100 53 53 45 90 23 57 37 43 34 35 86 0 87 62 87 65 97 34 47 21 98 58 20 20 52 68 79 47 36 68 5 8 2 68 41 89 19 64 26 61 72 65 71 36 16 83 75 23 86 11 14 58 99 8 10 71 73 63 37 73
37 72 81 2 67 20 14 32 59 41 19 95 17 4 37 21 48 77 30 33 17 33 65 74 52 22 58 9 91 10 76 34 90 60 70 42 24 53 90 35 40 69 84 76 53 83 57 91 13 34 41 23 32 82 75 40 51 42 45 15 49 92 23 83 22 34 74 82 53 86 66 3 45 51 17 31 15 76 32 58 31 32 4 97 63 16 17 21 0 88 18 13 30 71 67 63 27 22 66 49 7 76 29 29 12 69 36 7 20 83 44 59 22 77 11 56 85 59 65 96 50 14 29 93 21 56 95 28
8 84 47 13 98 59 37 67 2 79 88 44 53 86 40 1 36 34 86 52 11 47 58 56 60 56 97 1 97 46 10 98 52 27 92 66 43 85 53 24 20 30 6 62 85 60 56 26 4 1 88 85 78 13 24 83 1 33 1 15 61 44 76 5 98 62 6 83 92 59 15 70 64 91 93 24 91 2 24 78 17 100 73 33 82 30 44 86 62 53 98 1 81 46 54 67 100 25 56 12 74 22 25 83 34 42 67 49 39 64 97 51 79 98 58 45 90 39 99 86 6 31 20 60 38 36 10 64
96 44 58 69 29 64 32 23 29 74 80 65 29 50 67 21 29 74 66 50 36 51 17 11 84 75 77 1 10 64 16 44 19 74 52 13 36 5 79 48 42 41 99 78 45 83 76 6 43 28 23 61 19 75 90 87 61 98 7 26 73 75 46 49 36 68 1 91 3 88 71 6 41 31 14 57 65 62 40 54 57 72 52 6 84 29 12 71 94 50 56 43 87 77 44 49 43 61 99 0 4 30 9 53 47 22 99 17 2 27 35 53 82 69 95 83 70 32 78 66 60 82 81 25 53 53 48 71
66 18 43 42 81 18 81 38 64 85 71 73 48 20 73 44 38 81 68 67 94 38 51 64 68 31 75 3 8 37 47 43 52 57 24 48 43 5 67 82 10 11 88 74 44 71 94 57 76 73 4 85 9 6 30 31 51 38 54 61 65 42 37 59 88 76 34 58 81 76 1 28 3 82 47 47 54 95 85 33 51 50 100 10 14 43 95 41 20 14 98 37 19 20 38 20 95 18 24 61 100 43 93 83 1 99 5 99 32 76 89 54 92 91 47 52 67 12 67 66 18 11 15 64 97 68 13 12
62 13 66 29 72 63 95 27 72 52 12 41 91 30 97 15 83 41 69 59 10 73 62 20 37 8 74 78 85 100 80 14 74 18 70 61 45 68 26 19 24 91 30 54 33 17 3 81 5 15 45 98 49 48 54 71 85 69 9 93 51 7 52 78 0 63 96 51 97 14 54 37 58 92 68 73 86 0 11 75 100 74 74 42 25 42 30 54 25 6 1 61 92 78 84 6 82 41 7 61 47 95 33 4 47 28 60 70 60 62 95 52 12 56 78 98 50 13 89 34 16 100 4 17 96 61 73 44
14 30 56 25 87 25 80 4 71 44 40 69 78 19 15 52 36 22 64 41 4 34 32 98 20 6 68 11 6 43 65 53 29 60 83 58 96 94 58 95 85 56 16 55 69 9 0 16 66 2 22 25 53 59 3 55 41 31 19 33 33 96 84 72 97 74 31 20 71 51 77 49 68 63 2 42 56 36 3 33 79 75 34 75 72 43 13 56 63 62 29 81 25 89 30 37 70 11 64 30 55 7 64 41 8 53 37 8 16 19 20 9 70 73 67 3 51 24 42 96 64 12 77 99 98 96 40 74
