61 1 63 13 98 97 75 86 4 8 15 42 67 6 31 94 68 2 66 33 68 59 49 71 59 69 23 42 11 74 88 84 58 65 80 88 93 35 55 35 74 42 9 67 59 40 19 38 17 100 2 19 94 48 52 26 65 6 35 31 37 25 18 56 76 15 67 74 86 16 69 15 44 75 66 75 33 32 28 88 10 68 40 73 97 15 91 63 75 95 64 81 75 41 96 43 8 33 84 51 87 16 68 10 20 22 100 24 65 65 30 16 7 3 93 62 41 57 7 81 21 2 60 1 90 93 76 99
39 7 16 52 4 73 16 13 77 52 47 74 29 29 9 42 22 63 58 5 81 57 81 25 3 51 44 40 26 45 99 21 20 6 31 61 73 26 78 14 82 86 28 52 65 97 56 49 88 41 94 57 91 95 4 81 43 98 9 16 79 89 17 71 51 53 100 65 98 12 7 26 71 44 4 73 69 36 1 31 54 40 74 50 16 82 99 33 6 91 42 16 48 43 93 21 91 20 91 80 55 52 93 88 95 0 78 18 73 1 65 51 28 64 30 95 0 12 63 35 34 2 80 89 51 89 56 74
100 41 45 81 54 74 96 38 14 86 13 33 67 68 35 56 30 57 68 55 88 83 32 67 38 54 17 38 99 40 5 62 45 34 76 55 42 3 98 7 75 66 79 52 43 7 62 18 70 63 3 81 45 77 0 96 70 82 18 78 26 46 96 86 10 11 86 17 40 10 58 4 78 62 70 72 21 6 58 90 83 30 40 62 95 0 13 45 48 74 71 58 21 30 38 85 31 37 86 81 92 53 79 90 20 91 52 28 60 93 5 46 26 58 0 58 90 11 3 13 8 8 20 77 35 61 17 61
97 61 18 64 43 23 29 48 53 75 87 48 83 11 6 89 92 53 29 28 77 61 93 48 29 94 15 74 61 28 94 3 49 12 86 12 32 84 26 9 4 67 43 97 53 29 69 96 49 10 88 92 25 1 60 27 56 84 87 66 0 43 84 41 20 65 91 64 79 6 54 8 30 85 31 82 78 33 41 94 69 34 16 35 91 72 55 35 98 86 50 71 57 56 30 93 58 58 34 83 86 38 99 81 59 96 80 80 5 54 11 91 15 55 94 8 63 18 10 78 90 51 71 11 53 91 11 9
91 97 43 19 63 95 28 49 61 68 38 52 34 12 29 85 84 67 24 98 89 84 53 54 97 55 53 94 40 60 76 84 87 68 73 98 13 91 83 29 84 78 59 82 13 99 16 7 37 98 93 30 83 76 31 41 40 26 22 8 69 5 57 49 14 5 46 23 97 58 75 31 11 59 67 33 52 1 1 3 25 85 47 53 74 1 65 100 19 36 34 39 49 47 65 45 64 37 5 99 52 40 9 88 15 58 83 8 51 7 84 52 35 33 43 68 78 74 9 23 100 63 48 95 66 92 3 81
73 48 23 14 15 100 69 34 41 37 92 46 12 14 17 90 86 40 96 53 65 94 15 11 38 88 48 42 68 49 64 54 41 23 72 50 8 3 60 54 82 94 68 56 44 17 18 33 30 27 44 34 93 99 66 85 16 0 5 39 25 48 36 71 57 81 40 91 35 66 56 44 81 49 83 3 32 71 34 50 98 50 71 41 2 22 46 89 38 0 57 56 34 14 0 29 7 72 48 12 48 57 65 39 61 89 30 17 48 29 35 56 36 48 94 53 77 52 50 14 60 9 83 78 68 57 74 55
63 47 45 85 15 99 100 62 21 75 74 19 54 93 28 53 39 27 70 23 59 33 24 62 63 43 35 86 25 19 33 52 25 94 64 46 2 8 30 67 15 10 73 49 11 33 35 10 2 65 97 61 6 2 50 67 61 95 6 84 65 25 29 92 39 54 2 59 81 57 83 36 6 39 31 69 55 28 47 75 58 2 2 96 68 72 29 93 36 19 12 83 43 40 99 52 1 3 87 4 47 30 48 76 100 2 61 33 100 33 92 87 16 66 40 29 62 100 1 93 91 54 6 86 95 16 22 38
36 33 26 28 9 52 4 94 82 24 35 9 51 38 6 8 16 39 80 0 45 22 39 34 51 34 90 68 89 20 65 8 71 19 61 52 88 43 12 8 48 59 21 25 77 90 77 42 37 35 54 81 91 4 79 59 92 63 41 22 100 81 28 21 37 74 57 76 69 63 65 86 94 100 67 31 20 67 99 34 4 80 86 3 73 8 10 9 80 31 9 4 68 89 94 53 46 81 1 9 87 99 76 23 62 48 70 31 8 55 99 0 11 94 95 100 40 91 58 56 1 55 40 7 67 8 37 67
19 6 76 60 18 39 11 2 91 14 73 24 62 76 43 7 72 68 79 32 66 81 6 54 79 39 47 37 76 78 79 57 92 34 57 19 73 49 12 99 49 72 95 42 35 74 74 38 55 20 25 99 73 57 89 39 68 20 88 41 31 32 18 11 74 74 73 40 65 41 75 4 41 16 32 43 100 36 34 79 52 85 83 71 43 100 25 17 15 2 97 20 19 94 57 11 19 96 49 41 78 44 99 32 95 8 96 92 18 31 54 98 90 80 25 71 40 42 75 23 57 2 44 87 5 69 66 19
15 36 40 5 13 31 95 15 19 56 44 30 92 9 19 67 45 19 66 79 42 40 88 50 85 32 18 68 88 78 69 38 80 94 86 3 65 86 88 96 20 49 24 8 32 67 11 56 6 94 9 46 55 60 98 67 49 81 9 96 0 11 10 18 50 98 22 17 9 55 12 76 6 25 41 29 51 92 90 92 95 20 23 75 5 94 44 88 95 29 74 69 92 35 75 16 8 44 86 81 85 75 75 85 30 31 37 92 62 14 47 25 49 13 90 65 48 27 7 86 68 48 37 9 75 12 84 23
3 22 62 54 99 18 76 84 19 78 93 52 36 42 8 36 53 17 69 69 50 24 6 26 94 15 16 53 87 10 77 77 34 77 38 59 81 47 56 84 95 88 14 76 74 92 32 4 33 16 81 73 22 47 38 54 90 15 73 96 65 93 46 23 37 8 98 36 95 88 80 97 68 46 37 46 26 10 58 61 70 20 62 93 99 13 81 53 6 36 17 19 54 61 13 12 5 97 49 68 68 73 73 3 43 65 75 61 36 93 94 26 42 22 43 53 93 24 78 3 89 70 20 100 25 46 99 25
29 61 63 20 18 82 60 25 69 20 32 51 25 87 10 78 15 63 96 56 35 2 45 5 48 83 4 25 78 56 61 88 85 87 47 60 88 9 60 68 62 51 30 26 3 29 8 26 65 6 76 1 57 64 64 39 100 93 34 67 74 31 65 58 5 47 65 45 79 59 13 17 49 78 75 38 21 39 30 88 82 47 64 89 87 62 96 53 37 39 67 60 49 63 54 69 62 61 15 27 65 13 38 60 44 18 58 74 84 36 40 74 75 3 1 75 55 35 78 88 9 72 97 7 76 88 51 0
2 80 32 1 36 86 9 100 44 7 66 92 37 85 57 1 54 5 29 13 91 37 14 70 34 23 50 85 18 32 64 15 25 44 10 61 85 81 40 94 31 98 43 98 12 0 45 95 81 1 81 52 16 55 16 98 40 70 26 5 48 50 10 60 85 65 82 34 27 42 24 81 51 98 10 62 81 10 62 95 32 26 18 74 67 44 28 37 98 82 7 91 17 32 34 58 26 12 83 89 98 75 31 11 12 32 25 5 68 13 99 46 97 60 18 97 44 66 74 72 21 84 49 32 54 11 55 95
56 66 11 95 81 82 8 46 45 39 5 62 74 57 13 11 84 37 36 88 66 30 61 32 76 16 13 21 29 13 48 76 72 91 76 17 14 16 6 41 56 48 28 41 89 83 48 27 70 91 86 35 76 7 30 82 88 99 12 37 94 21 33 3 94 61 88 25 94 45 99 2 12 30 85 8 16 25 11 0 16 10 2 28 86 15 72 9 16 96 95 46 96 68 80 24 100 68 61 81 22 26 32 77 19 10 21 23 84 4 86 70 33 95 14 69 46 74 11 50 74 27 6 81 78 0 98 30
10 33 50 63 25 37 3 27 88 30 94 30 39 79 13 7 10 96 94 58 79 75 65 10 34 66 31 68 38 73 39 97 58 86 25 9 38 36 67 12 100 85 73 13 93 23 93 27 56 18 1 39 73 37 68 55 58 18 70 39 8 18 25 76 2 41 20 2 29 26 69 2 36 46 80 30 46 66 43 24 14 11 93 26 46 94 6 98 74 73 3 16 7 33 11 64 30 39 87 21 2 43 43 11 27 80 53 10 42 20 22 23 78 46 54 50 31 88 48 89 39 79 21 92 32 26 75 80
32 57 55 88 95 72 73 2 36 71 21 5 52 71 2 30 57 93 9 57 96 70 82 6 29 64 39 100 27 39 19 58 30 75 99 6 84 71 8 60 63 85 74 64 99 25 63 86 69 43 13 23 23 5 92 77 1 94 14 34 33 23 57 87 58 23 37 26 62 42 83 18 85 54 1 63 43 52 63 95 22 67 20 25 89 46 69 100 56 92 83 14 97 65 44 61 45 11 15 39 58 82 56 14 81 99 75 23 39 17 40 48 55 88 8 98 69 86 91 62 72 37 24 58 79 100 34 7
98 71 14 26 15 51 60 98 60 92 15 56 59 43 31 99 56 17 70 65 9 2 74 5 39 93 89 84 78 6 4 100 44 19 45 79 24 46 55 38 9 50 47 96 47 25 56 28 27 41 2 6 27 61 97 35 34 41 82 9 23 86 82 73 12 30 36 64 44 31 38 46 43 43 1 16 44 80 20 91 47 40 94 60 34 34 57 18 22 86 8 19 50 93 62 62 8 29 2 32 40 5 25 34 37 45 6 82 7 78 15 19 13 58 32 92 3 45 33 32 5 56 79 19 4 18 35 9
52 64 82 71 56 58 12 86 66 4 94 6 76 44 66 87 19 30 32 67 15 97 84 89 61 56 70 5 13 17 12 96 89 95 9 0 86 30 50 33 30 5 24 86 84 81 13 84 40 38 66 26 50 99 52 89 64 68 18 13 31 32 37 41 88 95 6 47 89 65 26 43 81 76 33 67 96 11 82 14 66 51 80 95 98 100 1 40 99 8 6 45 97 55 48 18 18 76 28 26 79 28 36 43 60 27 56 94 26 93 41 55 56 59 60 56 65 60 27 16 45 9 1 87 31 48 96 53
75 51 26 37 74 19 18 90 23 21 45 56 98 45 22 27 56 34 41 7 90 98 3 41 70 6 28 95 10 48 97 95 18 92 17 64 27 18 12 48 36 4 95 44 4 81 94 60 70 73 34 29 2 65 100 42 18 64 98 73 18 83 50 6 34 86 48 25 92 58 92 41 40 53 31 79 34 56 62 33 20 6 28 18 96 42 97 7 67 34 32 93 65 77 27 61 100 59 79 99 58 95 6 45 48 6 73 13 63 46 61 92 66 92 48 91 53 56 50 0 31 23 13 97 59 11 86 53
2 34 62 24 26 10 75 56 95 0 91 74 86 87 1 24 40 68 12 82 2 51 77 22 85 20 20 12 79 56 17 92 80 15 64 76 87 46 18 99 87 18 2 5 70 66 79 53 89 65 25 95 45 84 60 54 39 40 43 57 94 34 5 1 94 12 96 25 69 88 76 82 42 16 37 96 92 16 33 20 83 70 93 32 97 7 77 22 70 20 98 40 16 59 34 3 67 86 37 0 64 35 59 85 63 33 99 27 57 31 8 85 37 18 40 85 73 38 73 41 65 74 93 36 47 60 3 45
96 69 56 1 17 15 93 100 27 34 32 85 34 98 28 55 72 77 29 28 30 86 33 40 92 56 0 11 74 28 49 6 36 50 67 47 25 4 32 99 85 76 27 53 82 40 37 19 75 79 31 22 42 31 67 9 79 56 44 96 0 78 16 83 91 89 32 75 70 42 52 92 72 12 51 100 48 7 90 61 11 92 7 43 27 64 80 95 64 43 19 71 0 19 44 54 21 92 36 14 94 8 91 17 90 13 20 19 58 25 40 25 67 64 75 48 20 75 34 44 74 55 29 35 23 98 44 26
62 99 55 3 38 30 100 72 52 87 4 99 56 6 18 45 69 74 16 19 64 99 31 28 73 54 71 60 71 29 8 52 38 89 17 14 4 61 74 23 40 26 36 40 95 90 31 49 43 24 40 96 100 19 39 25 61 23 47 7 22 41 92 4 33 94 48 62 58 37 26 28 9 92 50 98 68 36 19 25 16 42 54 84 88 56 90 43 84 27 74 59 22 50 19 86 71 5 39 46 99 89 8 52 36 5 59 52 77 50 9 7 19 15 16 33 24 45 76 34 0 44 13 23 61 27 0 93
89 86 73 84 50 59 41 40 74 27 66 30 93 60 51 48 99 76 34 49 88 1 53 18 8 40 36 27 79 86 31 47 7 71 36 68 30 0 62 60 95 72 8 15 59 96 55 76 5 55 52 100 11 82 48 29 42 33 38 88 61 80 76 26 1 12 25 21 18 97 77 45 26 38 9 17 20 51 9 79 20 40 4 41 93 50 68 3 4 77 83 29 99 24 38 47 2 50 68 17 3 81 31 59 52 21 55 67 92 45 99 70 84 82 65 58 91 21 43 66 4 66 84 53 63 66 2 85
0 76 71 74 59 49 18 94 38 92 80 56 24 39 70 42 2 32 99 91 93 71 83 46 93 51 25 16 52 68 74 21 39 10 57 3 0 13 77 38 52 32 84 14 2 19 33 48 64 64 0 83 41 18 57 62 4 60 63 1 85 53 51 21 81 97 55 29 39 67 21 72 13 7 55 96 51 25 46 21 18 58 78 43 54 86 92 5 68 82 36 14 24 20 66 66 70 73 84 82 40 97 28 43 33 90 89 1 65 87 94 73 41 69 18 99 15 19 23 63 84 24 16 55 99 61 17 26
91 67 51 8 95 19 93 11 20 18 5 11 13 6 86 16 28 62 63 94 21 95 68 27 71 39 75 48 69 38 14 89 61 63 14 87 16 77 2 47 72 45 19 50 38 16 93 36 6 24 39 46 95 14 88 88 54 22 52 37 70 7 40 47 54 62 60 92 20 2 56 88 74 20 17 0 27 6 84 61 73 17 27 19 21 55 24 10 46 7 40 46 29 32 61 60 55 46 75 93 3 13 90 52 79 24 97 81 82 3 48 34 19 4 50 77 27 47 82 55 75 3 11 100 87 38 56 64
46 4 37 78 89 30 86 13 56 11 16 5 20 88 18 32 87 12 76 98 44 59 63 30 66 71 51 86 8 67 90 87 27 59 64 2 21 68 59 70 98 100 39 1 79 49 67 76 1 78 63 66 69 87 57 1 47 53 64 69 47 60 40 24 30 25 46 67 55 48 21 59 51 30 50 57 54 96 19 53 44 54 92 54 62 90 87 20 3 99 42 10 10 51 41 76 34 65 11 87 53 49 93 47 84 20 29 79 68 26 25 42 26 39 38 21 36 18 67 28 10 68 48 86 40 19 73 41
80 82 66 92 89 45 18 60 40 42 86 84 46 23 91 77 85 100 31 30 3 92 30 83 71 86 34 62 61 49 100 55 15 68 70 53 21 83 8 58 52 31 24 7 81 78 99 41 96 41 59 18 29 68 19 35 52 28 17 75 14 16 64 73 4 99 59 26 70 85 78 17 60 92 15 72 80 0 57 78 82 51 16 49 76 72 55 84 85 46 46 8 90 19 23 60 33 14 29 8 98 12 8 81 73 89 36 3 30 35 30 57 78 80 41 22 74 38 77 20 84 23 0 30 8 1 38 73
53 5 35 32 31 67 13 61 13 78 5 53 75 48 72 92 83 100 88 63 28 49 71 14 12 72 42 100 9 83 78 71 53 63 88 8 91 15 22 8 33 92 97 88 55 65 42 83 36 3 59 38 87 88 93 29 75 1 64 33 76 45 41 89 89 26 32 45 74 46 70 30 44 88 43 21 80 14 14 45 55 71 41 8 30 16 71 38 20 48 68 75 46 6 90 8 29 66 52 3 38 89 3 37 22 87 51 93 67 41 50 55 87 20 97 21 73 83 97 70 74 52 92 93 92 9 73 21
77 98 28 78 92 33 65 18 97 85 9 34 56 9 47 21 56 20 27 0 77 64 4 30 11 92 78 4 71 90 58 60 44 22 55 37 50 10 54 67 5 12 6 0 10 68 99 72 38 22 62 40 42 55 6 45 92 1 22 8 28 70 51 49 73 46 76 21 70 36 98 74 7 98 42 79 62 98 27 2 84 57 81 1 85 94 38 48 81 81 21 8 5 31 95 29 72 46 9 8 45 16 8 37 27 19 44 66 87 4 87 38 67 8 61 38 16 81 2 88 77 12 84 32 84 42 20 66
33 21 63 64 93 85 40 97 85 23 90 24 47 81 83 85 29 96 67 71 48 93 66 84 42 48 54 21 43 29 81 2 34 96 75 24 47 8 5 6 100 2 18 35 69 11 55 38 42 94 87 13 67 77 60 71 42 32 51 12 67 79 66 90 17 92 65 39 60 78 91 48 42 65 25 70 51 0 45 7 56 27 87 14 23 67 62 49 37 26 40 92 75 38 64 91 83 66 92 7 38 42 90 79 92 68 81 88 43 84 63 32 17 45 77 27 41 100 100 96 30 37 93 68 15 20 12 14
77 54 16 69 48 94 52 0 38 50 85 50 56 44 68 82 29 22 84 51 95 65 40 83 1 53 46 92 51 80 95 41 4 32 2 66 34 97 0 29 35 83 32 69 73 48 20 45 42 13 56 40 45 32 4 90 89 37 45 57 64 7 49 74 15 55 55 56 100 94 3 73 21 24 97 30 62 1 44 71 71 46 27 46 77 54 87 85 29 5 60 13 97 84 69 95 85 22 67 21 62 66 87 47 60 59 100 19 88 82 56 39 96 15 11 32 89 92 55 37 46 32 78 31 5 9 44 7
57 81 5 76 78 5 26 49 16 15 0 95 91 9 81 36 17 87 68 92 32 67 5 69 26 90 39 80 88 53 24 86 30 49 33 24 12 23 51 80 53 53 34 56 100 94 95 63 17 13 85 24 86 66 66 97 12 67 85 17 83 56 25 38 56 89 39 25 35 20 25 3 27 73 67 28 47 98 24 97 21 51 8 95 57 65 31 51 53 16 42 98 17 50 59 46 21 28 38 68 0 24 45 21 76 98 39 81 44 62 72 70 66 87 24 48 49 10 2 15 67 7 62 26 98 24 73 60
84 94 45 59 17 88 73 42 67 60 95 86 68 55 92 32 87 37 6 72 85 57 97 85 29 13 91 57 60 80 11 91 79 97 57 20 7 51 63 80 74 87 19 85 73 23 70 46 24 24 100 14 3 28 62 99 42 42 21 83 86 6 52 96 18 37 0 24 51 62 81 2 81 33 78 57 73 51 46 89 61 88 97 18 80 23 57 32 94 23 58 25 43 28 100 100 64 47 59 18 86 72 89 46 79 25 89 70 19 100 9 19 7 44 40 73 36 23 79 69 65 78 83 52 43 87 91 2
54 61 66 46 62 16 23 46 25 54 95 55 59 87 4 61 51 76 73 91 30 47 79 51 59 87 42 67 69 24 15 60 70 59 40 89 86 66 37 74 97 32 75 3 5 41 37 34 92 40 60 93 59 95 59 57 84 56 0 53 50 98 90 12 66 65 30 77 49 2 65 79 71 86 85 61 67 70 36 22 65 8 0 89 30 17 41 80 86 63 8 90 74 66 11 95 98 90 57 54 79 66 55 39 65 64 74 92 86 63 35 44 66 86 14 37 3 35 63 43 67 63 79 30 46 72 59 22
77 24 64 3 47 20 31 25 38 55 57 62 65 47 86 54 79 30 44 24 13 17 14 43 92 69 9 45 54 99 14 89 69 17 48 3 97 31 75 66 23 79 70 79 44 7 55 100 48 91 42 66 39 14 20 29 11 35 44 58 41 17 36 15 39 30 47 75 57 90 83 97 80 32 13 51 26 60 54 58 93 6 95 18 88 42 76 52 40 8 12 57 54 86 100 68 17 48 83 55 10 79 68 69 82 5 43 44 19 96 49 31 85 92 74 91 50 27 5 34 19 50 11 58 38 22 44 2
77 62 30 63 23 1 9 86 30 77 80 81 99 31 5 99 49 15 54 19 20 35 36 94 97 61 36 42 36 77 13 39 85 14 99 2 17 34 81 64 52 22 38 14 17 10 18 83 85 65 59 24 70 58 65 77 64 78 41 85 61 45 29 61 21 77 20 5 44 12 83 49 78 66 76 74 31 71 65 7 77 45 40 51 91 55 42 15 39 100 59 54 85 63 100 21 61 26 0 96 65 84 2 58 92 81 89 79 85 29 92 43 69 55 50 59 38 80 74 60 45 61 51 66 27 100 26 96
43 93 25 82 36 12 69 84 94 24 28 65 62 6 8 70 52 33 85 80 25 67 82 34 95 28 10 17 97 18 43 7 29 24 83 74 97 70 94 49 47 63 2 81 43 56 61 33 51 48 83 64 92 2 14 70 40 13 97 32 25 34 19 18 98 35 19 40 61 94 96 29 21 69 61 94 58 46 75 47 60 23 30 81 60 54 77 28 0 45 59 25 65 13 73 70 63 42 41 97 86 33 60 26 60 93 0 22 7 4 76 89 42 13 85 41 67 19 16 71 43 17 62 78 40 30 94 32
72 2 6 92 4 9 18 30 54 88 19 96 21 56 79 80 11 42 10 58 35 29 63 72 21 36 22 26 55 73 29 41 12 14 13 21 69 55 67 88 56 5 23 36 8 48 27 23 13 89 63 78 39 77 86 62 28 6 89 72 41 64 40 99 16 91 69 57 56 94 68 12 44 6 85 85 51 39 34 57 84 78 88 85 36 96 75 7 0 86 68 97 39 3 12 76 57 56 48 53 92 78 100 28 60 47 84 2 24 50 28 33 46 47 64 57 16 67 32 18 79 42 89 67 66 24 89 63
79 81 47 100 33 99 2 34 95 45 40 49 57 32 15 77 85 13 93 47 36 72 2 28 55 84 46 81 50 70 67 5 71 80 18 11 97 76 26 69 45 24 55 83 17 1 76 12 51 60 46 82 55 13 5 100 98 18 52 100 51 55 71 75 84 11 2 34 49 67 70 86 20 0 9 57 9 97 4 60 50 47 9 37 59 41 62 4 75 92 70 55 6 4 48 58 98 36 8 23 17 15 78 64 60 19 45 6 56 99 21 2 31 82 91 11 33 86 10 69 16 88 78 79 70 89 68 63
43 17 19 72 87 20 74 10 89 25 68 9 70 3 30 26 54 9 29 39 69 58 72 12 8 100 96 73 47 100 54 93 29 75 20 41 83 78 52 13 59 61 97 27 64 62 13 27 18 62 27 68 94 29 68 93 28 10 33 33 80 46 49 42 93 18 14 41 80 43 94 96 61 57 100 14 90 4 0 29 86 36 56 9 14 43 65 47 7 35 96 15 35 3 12 1 93 32 65 19 29 37 84 85 86 52 14 31 90 35 81 59 21 16 85 84 98 66 66 73 43 3 64 89 39 45 12 39
88 71 86 58 40 62 25 47 90 10 93 1 95 36 89 12 87 36 74 12 6 80 92 30 96 9 13 94 50 27 60 97 92 12 60 85 84 70 69 12 82 59 48 70 11 51 65 36 40 52 73 98 9 42 47 58 72 71 41 97 10 18 35 72 86 80 45 92 52 41 57 89 39 64 41 42 92 40 88 97 3 15 5 85 9 22 77 11 30 47 84 7 3 21 81 63 99 27 2 30 66 78 44 68 52 56 32 52 88 14 50 77 72 58 22 15 77 74 7 4 67 69 21 94 57 77 63 39
20 97 80 19 52 44 61 56 97 30 32 11 12 81 77 17 71 88 92 57 2 76 73 57 57 4 82 32 49 8 99 90 45 61 49 62 85 49 28 38 30 96 93 28 40 52 79 18 3 46 40 93 95 18 64 94 16 87 4 15 31 4 48 43 44 81 36 73 40 51 79 15 51 94 25 98 66 52 56 61 92 88 38 93 21 22 65 99 83 89 56 65 49 31 71 43 41 52 6 14 88 100 91 54 88 40 66 34 65 76 66 12 2 56 2 5 0 65 41 78 9 59 17 70 85 43 19 60
83 16 65 14 78 32 69 6 81 32 57 9 29 79 37 23 33 34 43 32 34 13 80 10 19 31 87 26 64 40 62 54 44 80 58 52 79 80 70 80 18 80 54 60 58 55 29 10 23 48 28 57 25 91 20 50 43 36 86 71 11 5 71 52 24 55 86 65 42 85 6 7 81 34 5 38 91 75 90 93 84 54 91 54 71 87 4 4 72 83 79 53 42 31 84 31 21 35 43 57 49 38 30 59 99 46 31 68 6 59 57 47 53 60 55 96 3 69 8 40 69 76 68 61 37 35 15 51
24 15 16 60 15 56 19 67 10 43 8 10 52 23 78 91 7 98 70 93 80 36 73 26 61 2 31 21 55 76 91 34 45 50 32 23 79 41 27 22 51 83 12 89 40 77 19 42 33 49 99 37 8 73 39 71 89 27 40 59 48 75 88 55 80 45 94 67 52 93 62 16 27 88 12 6 20 18 65 42 81 45 11 85 71 79 47 100 68 10 13 56 1 41 1 41 1 51 85 92 16 88 15 46 61 78 79 86 70 84 50 96 17 96 71 66 75 36 22 27 80 46 87 3 97 49 18 25
19 6 44 19 16 54 5 82 88 73 13 94 100 99 100 29 28 7 20 7 96 79 44 34 36 55 55 64 100 73 78 36 33 74 46 91 63 46 99 50 51 10 61 29 49 5 14 45 49 31 28 9 57 72 65 2 9 58 64 13 11 69 85 39 57 44 24 54 38 76 2 52 98 0 80 93 94 39 61 47 13 85 73 74 35 27 98 29 35 80 2 68 69 69 62 23 36 71 24 59 7 84 49 33 18 4 83 87 3 37 36 76 100 57 78 22 98 54 36 58 77 24 75 17 55 6 67 99
1 32 77 62 96 28 46 41 100 8 80 98 50 66 5 41 56 42 28 88 98 19 46 93 74 82 24 20 74 76 6 3 49 71 62 69 18 54 14 90 89 60 59 74 6 54 50 61 63 59 66 6 37 44 35 69 75 19 85 98 84 54 53 66 25 54 87 70 58 70 63 65 35 68 92 22 48 65 24 8 5 26 1 18 25 45 74 95 21 56 88 86 91 6 94 34 2 4 34 32 3 79 51 30 74 54 56 64 56 18 12 22 46 39 38 53 32 98 79 83 53 53 74 65 93 39 40 95
92 97 51 84 46 87 86 58 86 13 77 74 19 81 37 25 9 22 3 76 4 91 41 35 1 2 82 6 63 31 15 59 87 14 6 69 18 86 10 15 42 24 45 20 72 71 34 50 7 16 80 74 46 38 48 8 95 92 44 26 81 68 60 76 4 86 56 13 32 95 92 8 17 59 73 14 61 6 73 95 69 84 91 38 94 42 17 54 92 94 36 99 25 38 14 47 91 31 80 37 34 35 95 88 21 17 74 25 86 89 46 20 71 7 91 59 57 10 27 56 58 100 51 5 24 98 96 22
90 27 61 1 81 31 32 10 67 0 21 14 1 71 75 21 90 44 87 4 15 100 94 42 42 92 35 40 38 6 7 10 17 97 31 82 69 45 60 93 92 58 69 27 23 27 47 27 12 40 13 94 56 11 35 49 81 45 56 59 21 59 88 32 25 95 26 33 27 3 17 22 12 89 74 3 32 40 68 49 60 95 88 74 64 7 95 0 86 36 18 44 59 90 77 58 36 28 79 13 10 100 15 28 36 46 59 52 77 57 82 86 87 25 15 1 46 87 77 8 59 54 84 52 78 75 36 50
5 47 15 10 77 2 96 41 2 19 0 5 86 91 43 81 79 80 64 86 53 76 11 12 76 80 76 68 0 0 49 59 20 91 99 76 21 93 48 48 16 41 30 37 35 28 47 42 2 14 39 7 91 83 96 18 8 71 53 88 42 5 62 91 91 8 33 82 28 31 90 2 79 14 89 34 91 58 47 100 83 22 84 74 38 64 30 71 47 51 67 68 13 81 30 57 45 7 15 4 82 86 73 60 40 46 100 22 11 23 44 67 29 90 74 100 88 55 7 22 97 60 84 66 2 81 51 77
85 67 88 68 23 66 57 7 56 100 26 18 64 98 12 76 30 74 93 100 12 85 82 41 2 16 100 22 96 64 40 7 10 86 65 49 80 34 71 14 22 77 46 36 54 66 39 81 58 40 12 9 41 76 67 46 47 48 80 98 43 64 66 11 38 31 36 41 21 41 44 8 58 34 48 14 44 82 98 99 43 20 96 84 48 40 49 44 54 89 62 10 27 36 26 77 90 10 65 80 70 62 58 49 98 87 39 70 20 30 36 90 23 30 76 87 19 92 89 4 57 13 82 44 51 99 46 39
40 88 35 27 32 56 0 84 19 41 80 73 42 39 3 5 69 80 83 56 71 10 6 60 66 5 58 79 91 11 18 99 1 53 1 90 15 35 75 33 34 26 58 44 44 98 81 8 45 65 55 1 6 41 27 43 85 41 6 87 97 87 34 96 36 70 39 46 39 44 10 72 69 18 30 75 86 46 58 29 80 97 90 74 93 31 75 62 43 56 16 36 30 6 91 23 73 11 77 92 91 60 65 93 35 88 96 38 22 13 85 31 73 39 86 99 79 3 16 96 54 30 80 45 88 60 54 55
42 66 92 56 81 64 91 0 45 18 77 18 55 69 90 5 82 53 51 16 97 73 7 41 54 71 80 77 51 38 30 22 63 42 15 98 45 34 91 67 61 41 63 3 34 65 48 78 74 17 76 51 6 31 67 39 91 0 21 28 28 69 94 63 42 5 13 77 65 48 44 68 1 45 19 27 10 13 88 11 94 14 35 93 56 4 67 22 40 7 98 87 26 45 90 89 48 79 28 1 22 29 23 25 49 97 45 75 41 16 33 20 92 71 89 100 14 12 17 7 3 45 70 43 33 68 98 64
51 47 11 92 59 15 37 57 3 45 11 31 42 88 32 18 11 90 12 49 99 78 93 73 54 86 26 49 52 36 65 93 88 16 70 10 73 95 6 35 88 94 89 4 26 74 39 70 27 37 25 84 30 23 22 58 77 26 46 90 62 96 32 22 32 88 47 80 54 2 0 61 82 62 60 53 54 59 1 47 5 25 50 62 47 53 26 32 88 52 11 72 33 62 36 60 25 79 15 71 57 85 69 29 54 46 43 86 78 71 89 89 34 43 64 38 96 70 83 34 5 42 57 90 82 73 64 31
75 95 29 38 46 22 64 22 15 4 46 37 93 70 86 37 93 87 59 24 100 96 97 4 54 73 70 74 58 78 25 85 81 51 35 92 39 51 33 59 37 44 24 75 42 79 83 65 91 43 83 4 38 62 82 55 96 36 88 94 25 96 3 48 29 2 33 61 73 84 35 39 32 88 38 93 11 15 78 22 89 32 65 96 15 13 30 40 73 79 23 96 32 35 57 21 91 69 63 16 44 53 48 7 21 55 46 96 27 47 47 38 82 66 85 40 25 70 38 22 52 87 11 33 70 56 72 91
68 26 11 50 88 97 83 48 42 85 99 0 56 73 68 79 36 78 84 68 17 11 50 12 66 72 23 70 68 28 31 45 91 64 44 59 97 95 46 65 100 5 100 74 69 62 100 54 81 98 6 21 52 81 19 96 29 62 67 73 3 86 27 19 100 40 24 75 42 43 73 25 95 12 74 41 75 26 90 84 95 56 69 62 92 42 1 12 22 92 78 80 41 30 99 32 3 35 55 33 100 24 22 90 69 97 97 0 88 70 41 81 49 9 25 30 50 2 15 49 75 94 87 13 62 18 10 52
88 43 7 29 43 68 62 6 52 7 93 50 55 52 60 21 30 63 35 85 75 77 9 79 87 69 21 16 59 29 21 31 37 82 76 35 21 19 83 29 27 75 5 10 68 87 44 9 36 70 54 73 24 11 68 95 22 17 25 29 44 22 94 29 78 87 16 48 54 59 83 83 67 25 69 33 83 24 79 48 15 1 97 70 3 3 80 42 100 9 88 18 65 45 61 32 26 21 49 89 20 67 68 72 55 60 76 98 69 1 32 17 67 4 92 89 74 67 90 92 87 25 39 17 94 86 40 42
62 61 6 43 64 63 25 31 43 64 14 34 64 47 13 19 1 78 0 19 81 54 4 0 67 99 72 80 29 82 24 52 74 40 10 12 90 3 83 47 61 34 18 6 20 8 42 59 17 5 4 14 18 72 51 86 41 28 58 90 37 85 33 21 63 66 1 4 45 47 40 59 59 16 30 3 99 82 21 38 8 58 18 97 49 14 90 54 93 65 48 6 0 97 36 17 50 29 28 80 26 42 13 94 10 87 22 37 11 90 92 74 89 71 99 11 67 51 12 70 98 90 17 36 80 65 95 43
78 16 19 20 1 25 28 23 43 77 64 48 85 60 15 100 7 88 27 12 71 2 67 93 96 6 82 5 80 97 63 6 80 15 83 70 60 63 26 45 92 50 13 50 7 95 57 62 31 92 10 12 90 47 24 70 1 68 88 65 95 88 55 70 80 31 57 91 11 79 2 88 20 76 56 12 83 27 35 25 64 62 89 75 47 30 77 13 18 34 96 60 22 32 76 44 93 84 92 50 41 90 77 78 96 66 89 50 56 81 25 78 6 84 99 67 44 53 83 91 21 72 14 54 98 25 58 70
81 56 2 37 56 26 24 28 33 37 41 53 95 75 64 82 67 58 43 22 54 94 67 63 69 16 3 1 92 6 54 96 58 57 35 2 15 97 62 51 93 70 24 19 18 36 93 50 26 19 84 68 26 66 75 84 65 86 64 72 59 64 47 47 43 33 100 96 84 30 11 68 72 60 17 32 46 62 81 4 27 29 36 87 42 57 83 66 43 39 57 72 86 83 30 74 56 100 3 58 34 72 37 70 100 3 93 5 94 6 89 64 24 77 25 16 12 27 52 46 24 35 18 42 94 78 22 7
100 42 8 10 52 51 100 6 13 31 31 5 89 36 100 72 53 16 5 50 91 24 88 88 15 64 60 5 2 82 48 24 27 51 70 43 42 36 55 38 74 21 57 9 99 34 66 30 22 53 81 35 63 60 94 40 34 6 36 23 18 84 12 2 14 20 30 12 41 66 60 0 99 55 89 39 56 71 98 69 31 24 84 18 22 37 73 12 47 10 37 44 80 74 18 44 23 44 17 93 35 93 100 44 30 50 36 96 10 65 11 83 45 69 57 77 81 65 26 100 0 20 67 15 64 95 38 52
79 50 41 24 83 11 13 45 27 78 96 77 91 0 9 49 56 20 30 31 39 67 91 52 24 60 95 2 85 86 30 80 16 89 0 50 5 96 12 61 83 46 14 89 94 10 44 99 4 93 92 55 94 4 9 72 79 69 20 92 47 65 76 33 65 1 100 26 54 85 32 100 44 42 21 7 13 10 6 14 22 23 96 53 93 61 47 14 87 55 6 1 65 80 92 42 57 74 91 32 9 13 37 14 81 72 59 2 29 34 12 9 0 66 59 73 36 80 35 81 86 8 70 55 66 88 38 54
34 33 72 45 91 65 34 93 57 24 86 13 0 52 35 95 10 55 33 27 65 52 55 22 42 22 25 15 58 81 91 4 32 99 45 39 66 86 29 35 64 100 12 88 25 62 77 8 52 43 60 37 46 2 28 38 97 47 40 89 88 26 16 61 74 49 85 71 64 70 70 62 5 34 5 61 36 21 83 81 56 46 73 92 22 54 73 37 19 54 20 55 91 0 80 81 84 29 9 38 38 67 23 6 53 44 59 11 92 56 91 78 47 62 14 32 59 88 34 34 66 21 57 98 97 28 14 24
20 53 65 57 79 59 37 4 57 10 67 26 4 17 68 78 22 33 25 46 51 52 45 22 98 45 0 100 69 50 95 1 78 10 37 30 19 31 18 39 19 80 2 57 4 72 1 12 63 8 0 55 95 37 66 30 11 95 87 68 27 2 6 69 51 59 46 22 63 72 79 10 63 69 55 1 31 42 88 95 90 21 0 14 55 54 21 55 2 95 37 25 68 15 53 73 68 37 38 77 61 5 69 65 90 56 46 11 98 17 7 63 60 33 32 5 98 56 43 93 59 88 35 63 35 58 21 40
87 86 91 75 18 85 15 16 73 75 5 46 20 79 91 85 36 60 29 68 12 61 48 38 64 59 78 28 33 47 87 42 55 54 17 83 44 19 15 60 37 63 90 59 9 28 47 8 20 97 18 1 7 49 90 11 67 99 5 4 43 92 48 46 35 56 13 89 65 59 96 34 72 79 91 100 11 32 76 8 48 55 34 0 22 99 39 59 54 36 75 98 86 95 62 69 65 6 41 76 91 87 94 26 66 36 59 13 57 36 78 50 62 6 13 57 49 54 17 13 22 76 42 10 92 76 41 52
10 10 52 11 100 89 78 83 77 44 18 20 39 29 82 33 20 32 65 70 7 77 12 26 92 2 87 90 46 75 59 43 23 94 20 8 47 11 50 62 87 34 54 93 100 3 72 71 19 80 66 81 21 90 15 29 52 23 79 29 44 36 41 27 90 20 40 98 26 63 94 64 26 22 31 82 69 78 66 75 80 27 56 56 85 2 50 0 75 11 27 15 18 18 40 68 18 64 34 49 87 52 63 27 52 24 22 40 95 72 16 75 83 59 91 29 1 1 80 57 35 58 63 61 13 17 59 61
54 84 100 28 4 59 86 84 94 5 61 96 41 14 46 46 36 37 39 16 13 53 80 55 63 84 42 37 31 34 85 35 93 24 93 70 5 35 47 32 82 19 0 80 52 7 63 65 59 96 26 30 88 66 83 83 65 65 16 42 88 43 53 63 27 23 55 92 52 62 51 8 55 49 8 22 58 47 35 86 56 25 92 67 81 8 57 58 53 54 17 35 74 59 6 20 90 84 74 20 5 78 22 48 11 69 98 21 100 76 69 0 91 14 94 89 83 16 93 91 72 75 50 54 35 2 61 57
97 68 84 94 53 36 92 70 94 71 49 80 73 54 24 21 31 19 62 83 72 11 24 79 90 80 99 85 16 77 31 76 90 40 44 35 46 55 65 51 37 85 17 28 52 31 6 53 38 80 68 82 86 61 21 1 74 61 37 81 53 95 24 67 73 94 13 83 73 98 52 34 80 30 92 70 68 73 1 48 99 5 99 95 1 74 81 19 52 36 53 50 1 91 37 75 15 18 6 50 40 26 100 15 87 20 0 80 67 9 15 55 50 78 24 92 67 63 97 100 52 71 12 7 87 58 75 26
25 64 82 9 16 34 76 64 91 6 41 0 89 20 24 10 98 10 33 78 69 59 23 44 44 40 39 64 45 18 84 20 81 99 5 34 57 28 63 35 3 38 57 85 61 68 95 66 89 32 28 81 99 44 56 18 46 45 28 100 57 34 37 49 59 13 56 75 95 92 30 33 78 29 71 68 40 30 51 59 72 69 54 95 39 43 30 18 73 30 47 16 41 15 99 11 8 5 92 21 69 54 45 43 72 74 59 59 79 92 76 75 20 69 55 39 89 40 42 56 47 59 1 42 71 90 70 58
0 8 42 32 28 17 13 7 67 36 29 58 0 23 28 89 38 98 1 36 79 38 24 62 49 42 58 46 53 21 57 97 69 87 12 86 0 88 74 76 90 57 60 60 65 23 93 12 95 47 3 80 57 59 41 42 42 58 59 72 27 48 51 98 89 17 55 91 38 25 63 3 44 61 8 13 7 24 10 77 45 80 68 46 60 8 69 40 18 6 99 10 97 0 88 22 79 21 89 99 98 36 33 77 67 57 65 10 80 81 77 76 80 14 36 100 88 21 30 66 62 85 63 1 11 5 30 52
14 46 76 66 60 88 78 28 38 2 57 53 52 56 94 66 22 19 41 10 75 7 51 22 76 2 51 66 83 75 30 43 56 84 24 16 56 86 71 82 92 55 5 19 86 36 75 87 94 14 69 28 21 33 67 99 75 33 72 69 51 79 5 44 60 29 73 29 55 89 46 51 54 63 33 50 44 35 51 95 23 76 79 3 20 82 89 66 51 74 19 50 85 4 31 15 34 93 71 21 39 78 97 99 6 4 58 21 21 89 58 63 91 23 28 1 88 43 82 2 77 59 21 79 63 64 20 29
20 52 77 16 36 29 14 87 10 36 38 41 64 13 21 57 54 2 12 92 40 89 37 24 3 34 65 48 61 81 82 55 71 31 80 23 97 15 7 84 58 53 100 43 28 23 95 5 4 49 95 30 55 99 58 4 41 43 99 96 53 42 93 80 96 21 47 54 35 65 31 65 55 25 17 54 5 34 57 86 72 96 67 93 12 16 43 10 24 68 16 21 10 53 25 53 41 50 54 23 25 61 100 1 58 53 47 67 46 34 72 72 58 12 76 89 39 20 38 54 63 24 38 6 54 18 25 34
94 4 71 87 43 95 72 81 13 86 77 94 13 42 97 93 94 55 13 34 48 19 98 24 50 14 54 28 42 35 91 18 96 64 15 94 37 88 83 80 14 36 26 45 21 65 21 87 86 61 34 0 73 6 83 45 50 85 84 69 4 78 23 23 39 86 42 52 22 45 59 93 96 90 1 27 44 68 30 72 12 45 76 96 0 22 16 66 77 56 77 34 13 22 73 68 12 5 74 60 47 65 39 95 12 72 64 74 56 87 23 70 26 39 39 46 100 93 66 92 21 22 96 49 1 4 51 42
95 50 41 28 73 83 75 86 57 18 56 50 47 85 90 22 91 71 98 14 6 1 68 76 98 18 30 80 19 75 14 90 29 40 83 66 46 19 50 70 59 25 71 66 63 18 79 22 65 15 79 26 54 38 49 39 14 91 0 21 69 61 33 62 83 96 69 57 21 10 31 49 90 13 15 88 84 6 26 0 54 95 67 81 79 45 67 71 59 37 93 11 11 23 46 58 46 73 81 100 76 78 13 47 83 33 50 71 65 52 70 5 39 37 70 90 8 74 93 48 0 89 15 24 88 52 30 41
61 99 75 3 38 94 28 62 64 16 21 47 89 32 57 27 9 91 63 89 100 48 65 33 54 15 18 68 4 63 48 67 14 75 6 16 87 43 14 69 92 42 1 98 35 99 79 49 34 37 10 82 78 62 81 57 13 50 75 79 48 22 52 96 60 75 40 73 45 80 12 85 74 39 94 97 0 58 90 53 83 14 70 88 69 19 54 57 94 36 44 53 80 48 67 71 47 76 54 44 96 48 61 95 62 6 42 19 8 89 28 43 37 45 8 88 37 36 46 22 70 20 12 61 0 71 56 27
38 60 90 42 49 37 17 30 26 81 69 72 51 40 15 55 23 4 36 48 4 66 68 95 49 71 43 77 39 35 1 98 65 74 35 20 97 93 40 8 41 6 27 8 11 35 57 60 46 73 53 63 14 9 16 55 56 19 0 63 92 62 73 40 75 93 57 99 29 60 69 66 4 22 32 6 2 53 57 15 26 39 37 23 11 46 13 17 75 8 19 17 28 89 35 39 88 78 56 20 27 67 98 12 88 95 91 65 86 20 39 3 14 7 59 59 28 59 20 85 68 42 50 90 90 62 54 88
73 74 81 60 56 89 79 77 73 24 34 87 53 41 7 99 14 51 25 8 65 6 82 77 64 79 12 0 39 49 0 51 96 31 94 39 35 17 51 16 93 68 80 63 37 42 45 43 39 56 25 72 27 92 82 48 41 42 97 38 78 64 19 5 98 32 57 20 34 63 67 78 88 67 40 30 33 24 63 19 15 67 68 13 65 47 95 18 25 0 2 17 14 49 34 56 40 10 54 39 62 82 16 21 0 62 48 99 42 52 77 9 86 75 20 20 10 41 80 93 77 40 90 70 98 4 51 5
73 75 12 24 64 99 38 97 58 6 37 58 90 98 75 100 27 9 79 72 3 46 39 55 88 88 5 60 71 0 90 29 17 28 1 48 57 68 69 53 84 74 71 50 42 46 8 53 100 8 63 7 87 18 23 55 19 94 91 11 21 45 54 31 94 58 75 65 1 19 49 67 70 58 60 57 61 56 5 19 77 89 50 32 96 41 93 36 61 83 25 79 18 30 3 15 34 12 3 87 46 12 58 98 43 72 23 79 42 55 12 86 9 100 62 84 43 21 63 20 4 57 47 76 47 69 9 32
8 26 33 39 76 81 77 65 61 3 80 3 48 13 26 93 36 10 63 14 1 36 76 35 18 76 28 71 66 42 33 70 29 65 67 56 27 5 48 54 100 68 78 38 83 24 79 56 24 73 5 26 51 76 82 71 86 1 41 48 88 41 11 66 49 6 57 27 24 59 99 49 34 92 86 11 12 37 53 31 30 24 94 21 78 100 23 69 49 55 18 26 92 44 2 19 22 55 72 45 25 69 50 81 83 47 32 90 19 14 22 7 19 69 54 13 58 91 54 40 25 26 44 55 17 63 37 28
30 20 34 36 35 55 72 45 79 64 57 29 20 53 4 42 5 21 54 76 77 19 27 31 18 10 62 27 98 93 22 23 16 28 28 33 100 58 13 3 66 20 92 99 19 98 58 69 50 41 80 28 73 46 92 73 10 22 88 34 6 83 35 69 32 63 15 26 94 98 9 80 30 6 87 11 27 3 81 39 50 89 75 18 83 22 89 4 39 69 72 11 32 98 54 86 36 13 54 85 20 64 8 78 43 6 49 30 17 10 54 34 19 74 77 79 75 40 50 28 63 38 29 54 53 23 81 39
42 73 98 1 8 35 32 32 18 86 80 6 11 24 32 87 16 60 59 20 95 10 72 70 82 13 21 93 26 90 10 27 43 54 16 32 92 29 65 9 80 97 80 98 66 68 91 31 78 25 20 85 48 87 88 61 0 30 74 67 74 16 81 57 91 20 48 94 45 84 97 99 1 87 90 61 31 58 34 69 91 54 57 76 46 59 81 33 58 67 79 69 31 5 75 54 19 95 63 90 41 32 5 38 35 60 34 40 37 34 32 88 6 36 85 84 78 14 29 3 97 73 61 76 45 19 73 36
50 94 83 63 62 7 66 22 100 39 63 72 51 53 70 43 63 78 64 24 77 78 94 30 91 98 2 60 42 39 47 44 45 63 39 14 98 86 74 74 68 20 61 55 96 12 32 49 69 18 24 29 61 15 71 0 26 26 98 76 43 86 53 39 12 10 95 68 34 47 54 37 12 59 100 70 79 19 43 97 83 49 14 91 90 53 54 21 2 81 27 37 49 77 83 29 89 74 11 78 28 75 77 29 42 78 44 58 46 4 26 60 41 12 81 19 59 24 59 3 44 64 65 35 41 77 58 54
4 83 20 84 3 82 84 55 73 3 42 50 7 44 59 16 45 41 59 32 84 61 91 88 45 61 75 73 12 30 51 70 66 58 31 39 0 70 64 39 83 73 37 65 57 88 52 33 44 30 72 44 58 56 15 27 82 93 34 50 94 45 74 62 52 42 18 51 18 12 3 21 43 57 88 12 71 69 82 91 63 61 81 90 59 95 94 12 67 60 54 21 97 59 97 18 56 55 37 29 69 45 21 9 59 87 90 38 93 84 56 14 99 57 83 25 66 96 96 91 34 98 53 15 21 93 36 67
13 28 53 50 65 5 4 22 54 0 28 73 99 54 60 37 33 49 54 18 59 88 12 87 93 56 28 19 94 84 78 42 41 90 43 86 51 16 1 23 65 59 1 20 50 22 35 72 4 50 76 54 29 57 35 23 83 71 85 25 79 76 55 12 60 94 94 96 30 89 20 85 86 20 45 88 94 35 42 16 66 67 38 58 2 100 84 43 42 76 27 14 42 91 9 40 66 9 85 76 3 31 37 2 14 70 24 20 48 93 91 1 7 21 97 44 43 86 22 60 28 46 41 95 16 46 32 62
52 8 36 31 78 48 90 6 52 90 29 9 0 43 49 74 26 45 65 42 4 86 54 13 56 89 99 86 4 32 23 80 0 87 27 51 10 68 10 64 38 42 2 72 4 23 54 76 31 83 70 84 20 72 91 24 27 48 35 45 4 37 33 64 78 17 96 68 94 8 9 70 71 97 32 4 68 41 39 43 87 97 5 92 20 96 47 11 38 16 37 19 62 82 89 99 50 1 95 89 75 2 95 69 99 2 26 6 84 23 24 95 67 18 82 11 13 100 83 79 48 68 36 71 78 87 61 14
78 23 44 1 50 80 13 57 61 71 33 18 63 93 95 0 16 40 40 4 25 66 38 4 59 78 18 82 78 77 60 57 28 93 26 63 28 58 1 91 69 72 20 53 23 68 6 83 13 10 29 80 7 8 55 58 55 34 4 14 6 12 73 78 31 0 83 100 31 85 8 8 30 69 3 11 90 87 43 87 79 33 51 27 37 0 45 85 50 18 12 10 12 98 13 58 57 60 57 38 69 25 38 16 61 42 86 30 23 94 73 29 52 58 93 83 88 2 54 97 76 3 91 48 94 79 2 27
100 24 99 31 14 25 0 28 91 46 62 76 51 85 22 77 14 15 4 4 11 75 77 54 58 98 67 34 0 59 43 80 20 62 89 83 22 58 9 67 61 85 62 33 30 9 48 30 41 92 58 70 79 14 83 86 77 50 98 27 28 93 0 15 61 69 52 14 79 23 20 57 25 59 55 17 46 99 19 84 44 16 21 60 85 72 81 9 19 39 74 53 13 38 47 81 49 39 26 17 30 48 55 41 2 4 27 6 43 60 16 82 68 76 77 57 40 39 50 48 76 42 55 96 0 87 34 36
5 50 87 48 72 41 28 89 93 56 27 28 23 87 88 50 43 89 17 99 81 72 42 52 100 35 29 73 25 50 75 53 19 59 93 84 92 63 100 28 53 38 76 79 45 32 29 67 100 100 5 88 45 85 89 44 2 38 32 53 69 61 12 75 16 13 60 85 98 38 88 72 74 59 16 83 56 46 98 98 28 100 55 4 43 28 7 15 56 47 90 65 55 92 0 4 27 88 16 68 36 13 78 65 73 56 29 57 59 99 30 72 13 34 83 30 28 49 56 99 28 88 98 7 59 55 4 21
20 23 11 17 34 36 27 62 58 8 80 22 12 64 78 0 40 77 61 59 56 48 73 28 19 92 12 90 84 32 80 30 3 23 30 54 88 2 100 94 79 75 38 8 64 35 4 55 33 79 88 58 50 88 3 53 72 82 82 65 54 38 9 36 83 62 73 58 79 33 25 51 78 61 67 42 85 55 74 91 87 88 70 54 22 88 91 93 42 93 27 37 81 45 9 47 30 12 10 33 12 77 23 10 28 13 7 70 68 55 26 41 44 23 25 24 95 12 30 81 53 94 56 92 35 60 65 12
38 82 83 79 39 15 23 66 75 47 99 23 2 99 13 44 76 66 88 95 9 9 73 93 68 50 64 98 66 46 4 48 49 36 60 42 1 95 7 68 60 87 43 84 71 41 26 12 74 84 41 95 82 40 25 20 78 84 38 60 90 31 31 63 8 8 20 43 31 20 26 43 19 91 23 99 19 93 12 70 40 71 86 97 3 96 83 96 21 6 72 58 60 3 33 83 57 45 90 85 6 56 96 76 98 46 2 54 59 95 52 89 30 86 94 74 50 3 78 71 74 24 93 93 8 89 45 95
46 14 99 28 93 68 35 52 94 47 10 40 73 72 55 44 54 5 79 75 76 56 18 74 69 37 97 85 27 72 87 0 62 55 62 56 36 91 57 20 71 18 52 34 14 19 54 92 99 43 10 20 86 57 75 49 97 87 22 20 34 54 27 82 36 76 16 4 88 68 96 49 92 8 27 76 17 81 53 55 74 53 74 16 20 62 93 20 59 97 15 39 38 73 24 45 66 73 15 80 4 73 86 10 6 37 1 100 93 51 30 15 90 25 48 87 86 1 86 29 11 88 82 83 17 55 50 19
91 58 36 78 80 76 14 17 19 86 42 88 41 7 38 83 6 44 95 90 65 99 61 26 57 93 35 76 2 15 28 82 70 7 24 17 18 92 58 88 98 61 49 82 18 96 91 79 94 57 31 90 41 37 12 15 17 84 14 66 10 36 62 18 97 55 82 85 14 47 57 2 18 4 60 47 12 43 43 57 64 50 46 40 0 85 53 42 42 50 41 73 44 35 0 41 37 74 13 53 37 80 12 86 8 53 92 98 10 74 59 100 77 100 30 64 48 76 24 37 47 4 24 20 40 21 69 41
67 62 68 14 78 71 14 74 7 69 73 3 12 62 7 99 18 60 94 40 37 8 24 6 61 34 9 85 18 55 64 62 16 60 28 18 79 69 96 86 32 87 93 63 96 5 50 39 84 99 52 84 74 8 95 4 70 4 29 16 20 11 14 42 35 31 55 60 28 83 87 5 59 34 5 91 31 63 77 17 39 60 73 38 48 98 94 25 70 97 43 86 38 43 46 53 94 11 66 1 63 1 56 1 9 5 9 69 50 10 18 29 51 53 60 62 87 68 85 80 81 38 7 76 37 71 40 93
19 23 18 87 2 43 26 92 92 99 23 76 55 69 58 71 94 28 21 93 14 34 16 13 73 18 0 8 37 91 62 19 58 17 100 47 63 38 37 79 3 14 71 86 61 73 26 93 92 43 54 29 2 13 57 20 51 62 10 78 18 97 51 36 40 52 90 0 36 35 47 5 30 84 93 79 38 20 100 14 7 26 71 4 83 15 75 62 83 40 81 1 53 89 50 78 72 39 93 50 7 17 27 31 67 55 29 84 52 59 70 20 30 52 44 12 97 74 82 74 30 27 88 81 29 30 59 61
98 16 13 34 82 95 48 71 12 44 72 68 10 54 32 12 45 84 97 4 61 14 61 26 7 81 67 52 35 24 99 59 24 53 1 43 76 47 99 92 71 44 51 56 68 29 100 15 100 4 39 26 9 88 71 61 53 36 15 36 62 75 95 7 6 94 68 95 50 52 100 1 35 67 21 2 39 82 37 37 88 36 90 59 58 88 91 80 27 60 32 94 77 98 73 43 10 94 42 3 82 48 74 60 50 4 51 56 42 11 97 16 94 13 6 47 32 25 26 56 88 50 9 29 44 18 75 26
90 92 37 73 38 86 23 18 77 65 44 6 42 20 29 58 94 91 62 82 61 94 66 83 63 29 96 46 45 45 56 12 44 76 46 23 58 92 51 79 50 18 3 0 31 59 39 87 79 30 46 5 63 81 93 22 26 88 100 46 84 42 94 29 96 57 53 2 29 79 29 49 60 91 15 31 72 15 9 27 100 86 64 59 99 10 40 52 43 43 45 42 93 3 54 37 46 29 74 3 20 66 82 25 29 3 87 97 5 41 69 64 36 39 65 90 50 7 24 10 86 58 27 62 24 91 35 69
79 10 82 90 99 52 8 87 57 15 33 75 77 61 37 92 26 70 6 37 95 75 98 49 16 10 50 80 38 12 61 11 44 30 20 3 66 94 53 2 46 89 51 90 64 52 37 93 84 33 72 83 21 32 88 74 42 10 38 23 74 62 57 6 64 38 79 17 95 77 55 41 68 57 73 33 71 70 59 87 97 13 32 35 52 45 99 31 0 47 26 32 28 100 44 22 44 55 48 21 62 48 11 89 47 76 77 76 36 49 52 56 35 16 61 47 52 72 48 51 55 77 93 57 77 94 15 9
76 9 34 30 36 19 10 48 14 11 16 67 82 11 2 33 27 3 84 46 86 97 13 95 52 78 100 18 67 100 23 1 9 60 71 93 52 22 25 71 43 54 59 63 23 83 80 99 78 99 60 17 78 59 46 66 84 8 45 66 91 41 27 29 56 89 36 20 3 73 33 6 94 28 55 1 92 61 56 50 25 68 94 71 28 98 83 33 56 69 59 33 97 89 77 76 56 90 9 16 65 92 100 81 5 55 81 41 11 81 38 69 42 81 69 30 4 19 41 94 56 35 38 22 47 76 90 18
76 65 1 58 88 20 58 34 95 58 8 48 47 27 39 67 37 28 66 36 78 20 68 35 53 87 31 62 77 83 70 75 76 73 56 45 38 4 83 80 0 16 18 53 92 95 50 27 99 37 18 4 77 3 73 40 42 18 27 48 4 49 83 100 35 51 91 71 64 43 89 90 36 19 38 80 80 50 3 24 53 36 56 37 15 3 92 66 80 75 56 30 78 29 41 60 18 40 9 23 77 26 32 40 97 15 28 81 35 5 20 6 12 81 26 15 5 51 19 94 70 64 98 54 99 74 7 22
59 28 88 12 61 75 2 12 61 87 19 76 62 4 56 94 80 73 30 46 78 9 79 72 4 65 39 71 83 18 48 16 27 42 31 57 29 44 74 86 16 53 68 73 87 48 34 99 18 61 6 30 86 78 3 27 81 17 35 75 75 34 73 52 78 93 35 65 80 91 24 24 59 41 34 48 51 61 38 66 62 43 95 6 87 41 75 48 56 68 81 15 94 89 43 0 77 88 24 43 56 65 46 53 31 37 37 42 24 2 92 37 65 48 10 97 38 16 7 58 98 64 61 91 24 24 18 10
12 88 57 61 80 40 20 24 48 49 0 61 92 27 0 61 64 19 43 18 4 46 34 30 44 73 79 20 50 94 97 10 56 72 73 85 26 2 48 81 22 49 12 11 38 3 19 100 37 45 20 63 79 21 64 0 94 46 53 8 32 71 20 15 0 31 47 28 22 64 18 37 11 58 77 16 6 97 34 20 47 53 33 19 16 16 32 9 3 52 35 5 55 54 87 90 51 66 41 3 72 55 99 26 32 76 71 60 9 9 52 72 13 59 34 15 79 61 78 48 16 72 94 38 60 17 55 41
30 35 11 98 98 63 53 60 62 89 71 87 89 11 60 10 35 72 84 86 31 12 28 38 64 40 50 96 72 42 14 79 56 62 96 74 1 47 28 66 7 94 44 22 67 35 66 64 78 59 47 13 12 73 11 40 35 85 81 89 85 6 95 98 88 42 70 68 19 73 100 60 96 21 72 50 72 21 41 62 74 35 68 65 20 76 59 66 44 31 41 6 5 52 35 98 30 15 83 48 29 56 34 98 32 86 89 13 19 69 41 100 57 34 23 80 74 7 51 91 80 90 89 95 25 8 22 18
37 34 49 61 74 53 40 2 41 67 1 71 73 30 62 85 78 87 96 63 64 6 93 62 5 30 55 43 80 28 29 55 23 38 37 45 45 35 47 93 18 11 94 80 30 50 45 76 49 1 87 85 37 29 39 77 79 7 93 62 34 16 78 86 89 52 69 1 24 71 11 67 26 37 25 23 47 75 52 100 42 93 86 83 72 92 38 29 62 9 33 32 0 27 49 42 60 90 16 92 33 60 64 76 97 98 100 77 60 78 79 100 46 75 12 89 21 11 99 82 75 52 52 42 72 100 48 99
55 17 85 93 17 77 23 93 15 0 30 53 43 21 48 30 74 40 71 39 18 96 75 49 16 38 46 100 54 93 37 62 77 88 83 56 11 97 44 68 51 65 19 70 99 33 41 9 7 30 0 5 74 55 42 100 49 60 84 100 17 80 70 54 43 5 53 11 31 3 21 80 24 99 52 80 81 90 5 20 48 30 84 44 42 7 52 77 93 90 40 97 16 62 26 0 49 52 89 45 77 70 22 12 92 5 13 55 88 5 30 47 39 22 20 96 46 68 48 64 20 58 93 34 26 96 7 28
58 50 65 64 34 95 19 47 37 57 58 85 86 5 40 77 97 24 41 1 33 21 34 2 16 56 17 48 37 68 71 81 23 59 46 20 60 80 13 65 45 53 23 82 69 33 21 6 15 63 34 14 63 65 23 98 82 12 30 27 19 66 26 76 78 66 57 69 19 89 86 17 78 83 36 22 52 39 59 98 10 54 88 47 49 91 48 98 62 37 39 72 32 55 34 13 89 7 96 9 83 51 13 9 39 43 98 28 59 75 14 19 36 60 50 56 12 32 54 30 91 5 40 54 33 77 32 90
74 33 59 28 39 89 18 26 73 90 26 59 90 37 13 6 42 17 59 57 49 61 14 22 56 7 19 40 13 65 68 96 55 90 59 37 35 3 27 94 80 6 9 100 76 74 70 16 72 42 2 17 3 77 61 98 17 71 70 10 19 16 58 58 1 44 62 60 64 69 19 59 73 50 85 36 10 85 88 27 31 3 42 74 65 46 42 95 5 49 78 46 71 73 16 25 49 36 51 94 80 13 78 96 17 42 96 54 71 43 1 36 1 13 94 92 2 3 64 2 49 20 64 74 7 21 82 70
40 32 76 85 30 100 21 74 68 1 7 94 89 16 64 32 53 77 89 26 84 2 81 10 47 10 50 20 16 18 77 67 38 41 58 10 12 38 51 78 37 24 98 90 35 42 62 100 40 65 46 83 3 55 15 39 96 31 92 16 30 25 2 87 99 1 18 75 16 27 5 57 88 79 8 12 60 28 25 4 95 82 60 45 65 29 24 62 99 49 93 78 13 97 59 27 44 90 29 77 51 93 61 66 84 100 79 84 44 18 21 36 62 13 100 13 92 2 22 33 4 57 60 78 1 19 40 70
36 77 19 62 71 87 81 62 72 8 92 25 39 8 78 0 51 44 57 31 11 60 88 44 89 12 74 86 8 70 58 69 47 100 70 40 9 55 38 59 61 71 48 61 21 98 65 6 10 56 13 94 90 99 94 17 86 23 21 0 51 89 61 98 23 12 63 98 11 32 89 79 86 60 14 75 31 94 64 65 57 91 45 83 68 3 92 23 21 57 27 91 41 40 30 31 55 95 88 99 8 31 50 21 6 79 66 88 62 76 28 82 2 97 80 42 67 23 77 85 10 63 39 85 59 19 94 46
75 61 73 14 32 33 64 95 2 47 74 2 67 56 3 37 62 72 5 53 75 25 18 22 62 53 35 74 94 82 87 33 55 3 66 18 63 75 2 74 16 6 79 88 15 94 7 82 24 57 14 74 13 51 92 87 48 64 8 35 39 89 69 20 29 32 5 100 17 23 53 77 43 34 20 66 31 73 92 90 44 28 8 60 52 77 19 8 48 85 89 93 84 30 48 7 63 12 23 80 7 65 79 42 61 39 11 16 88 7 76 35 89 40 8 71 29 82 12 100 89 81 10 5 89 82 93 51
33 42 87 43 4 5 95 84 71 28 34 4 79 64 21 15 9 61 13 24 31 17 84 31 26 32 22 21 96 59 24 22 63 81 45 77 39 14 57 92 25 56 53 32 80 88 49 38 41 65 43 48 73 89 92 3 26 35 11 27 57 73 30 14 99 60 17 94 9 92 22 66 48 55 13 75 51 79 63 48 14 53 59 32 29 64 98 91 46 35 31 38 27 57 52 96 5 44 20 48 22 33 97 30 16 4 26 18 37 69 15 29 3 52 29 83 78 32 21 74 62 10 3 2 43 89 62 6
78 4 31 53 9 25 89 24 12 78 68 36 5 14 43 69 84 88 15 19 61 29 96 92 48 76 46 54 68 22 21 36 63 79 24 55 82 10 79 25 18 7 31 37 38 96 85 65 29 65 30 27 48 30 71 35 43 5 87 16 85 73 21 81 0 74 15 25 17 32 27 96 90 88 65 62 80 91 1 5 50 52 54 22 26 91 37 97 37 37 75 15 28 88 2 41 43 92 41 30 60 100 4 18 8 25 61 3 62 62 70 12 99 48 54 15 88 48 72 38 45 8 89 45 32 100 31 76
97 61 50 48 81 62 55 96 13 68 64 49 13 48 20 61 25 75 54 10 46 76 37 64 26 66 94 11 38 98 52 53 65 98 58 81 56 57 17 67 37 9 92 51 89 2 82 37 94 91 27 68 84 90 100 30 29 69 71 24 62 86 28 100 88 30 15 65 38 55 47 55 91 74 51 11 50 39 1 95 19 7 53 49 94 15 100 14 23 77 99 3 57 52 22 41 52 59 43 41 36 32 91 5 93 81 26 96 24 85 33 18 100 77 71 79 85 38 46 54 42 55 61 1 31 94 77 41
23 50 80 79 70 3 99 43 6 45 26 68 16 80 76 29 96 86 35 23 84 12 62 55 56 39 52 5 55 29 20 72 24 52 88 1 24 29 61 34 60 70 53 15 78 83 14 17 74 30 60 32 34 60 15 61 86 43 39 53 69 55 49 6 24 90 53 99 7 2 75 88 34 68 79 92 10 21 67 90 7 58 70 80 53 12 7 28 14 27 85 66 9 87 31 12 48 16 68 41 56 16 35 68 74 42 14 94 40 82 77 9 60 53 8 80 61 97 11 29 73 54 27 60 59 91 19 43
35 1 67 78 29 52 27 82 64 68 30 45 23 16 78 22 68 93 79 66 64 86 33 91 21 91 57 4 32 96 61 16 38 42 100 5 59 98 7 5 28 90 86 22 47 10 100 2 71 51 84 40 38 88 22 97 77 32 87 2 39 20 63 30 48 59 71 49 87 66 23 90 92 97 62 46 80 13 12 50 74 33 61 59 39 83 9 1 27 52 78 5 52 89 78 72 57 35 24 93 55 42 13 98 72 7 19 58 66 23 50 85 58 92 45 53 83 82 54 58 2 29 94 22 30 64 66 53
78 69 63 43 55 93 84 1 29 68 37 21 77 35 74 11 89 44 40 50 46 6 27 60 94 67 50 1 93 90 41 10 39 51 8 11 90 7 34 32 9 63 43 75 47 14 70 94 75 73 36 65 0 32 98 14 91 29 53 66 63 0 37 71 31 84 70 3 69 68 93 56 49 63 82 52 47 91 34 26 51 88 77 95 80 41 82 43 76 66 70 22 34 64 51 4 1 16 45 53 15 17 64 81 43 30 54 5 98 89 52 82 94 38 6 41 38 2 15 90 68 90 53 95 88 88 41 14
31 64 98 96 30 21 52 12 41 86 19 80 38 4 92 59 41 57 63 13 4 10 1 88 89 69 61 28 46 4 68 54 56 8 76 28 43 99 68 41 92 38 71 42 44 21 75 36 24 61 89 90 71 41 91 99 3 11 38 50 43 7 58 1 74 13 28 68 23 44 9 20 71 11 73 37 95 42 15 65 37 65 50 53 9 95 7 51 2 38 87 38 63 3 10 5 32 26 37 96 5 14 61 32 15 90 5 30 58 15 100 58 79 2 73 60 13 67 30 8 8 31 2 43 24 26 62 51
67 52 80 41 73 49 26 81 96 33 78 70 27 61 84 32 70 59 30 45 6 0 33 6 97 82 98 84 1 48 89 93 43 23 67 43 25 50 20 47 14 56 35 16 69 43 51 33 5 59 100 58 84 33 65 24 40 77 89 69 66 30 3 15 67 72 25 92 44 56 61 27 63 91 5 81 69 49 55 18 58 63 46 79 73 28 0 21 70 89 71 53 87 9 57 27 57 26 2 36 97 24 81 39 77 85 55 29 73 17 31 61 72 25 45 53 2 94 31 37 57 2 97 50 57 74 69 8
9 88 71 21 80 28 80 6 13 63 94 3 68 61 20 4 46 76 88 77 25 96 87 33 44 76 66 92 47 91 94 63 9 18 70 82 100 30 60 21 57 77 1 5 94 55 57 44 45 95 69 76 74 17 28 58 35 4 24 65 80 85 80 94 55 17 56 25 57 45 30 42 63 20 78 64 92 6 82 17 60 99 86 55 14 84 84 17 25 87 77 0 67 66 5 76 66 75 95 90 3 33 74 69 42 37 27 25 46 29 80 100 99 7 19 14 94 67 48 46 39 0 68 75 37 42 1 91
4 78 13 44 2 59 68 64 58 63 15 4 1 100 66 0 59 42 28 75 49 14 51 8 57 39 16 89 25 47 88 98 44 61 11 61 96 85 11 3 7 48 97 88 43 81 79 65 71 1 58 60 54 71 76 66 93 26 47 36 10 26 92 84 96 13 55 12 35 12 6 56 71 91 63 27 43 34 82 82 76 76 31 59 45 12 91 16 28 86 81 12 96 99 50 25 30 22 63 94 99 9 67 9 9 91 15 59 8 91 34 58 53 43 17 49 35 81 79 26 97 4 49 42 32 77 30 73
36 80 82 1 62 80 33 36 5 26 15 3 32 50 14 67 14 23 11 60 61 27 80 36 84 7 75 51 77 95 92 66 47 62 83 86 88 8 98 5 52 38 84 36 72 73 32 67 5 59 8 65 91 92 19 90 84 87 5 90 34 100 44 71 53 90 49 78 7 34 78 58 11 98 67 31 68 60 38 56 81 18 71 54 98 53 32 78 10 88 39 100 70 83 73 59 93 47 50 98 88 17 69 76 94 69 66 77 26 98 54 97 55 21 63 93 90 89 61 64 87 42 55 67 67 70 26 37
33 40 100 66 24 7 39 100 36 81 71 97 68 91 23 83 26 23 51 33 50 32 52 26 96 63 53 18 56 54 12 80 22 74 88 67 8 36 36 89 71 0 95 11 77 64 66 70 31 23 94 7 18 45 31 21 41 81 3 2 27 91 11 20 29 79 8 87 72 9 75 51 60 100 79 80 25 70 69 52 92 32 5 45 27 19 71 22 3 41 9 82 1 28 41 5 66 86 68 22 58 100 70 83 16 20 97 58 81 80 60 97 14 21 45 74 42 21 75 47 40 90 4 42 69 44 4 82
53 17 30 42 12 97 42 89 95 53 54 99 67 80 54 29 10 75 33 1 88 8 86 69 78 4 5 80 41 71 47 38 37 25 97 16 26 22 49 67 68 73 40 18 44 13 28 85 17 90 75 90 51 14 74 40 86 13 98 9 74 37 9 16 92 44 33 34 4 45 73 47 38 95 26 38 95 24 27 58 95 72 4 38 1 77 87 34 71 8 32 45 36 97 15 84 94 66 94 85 87 91 45 89 36 38 50 39 79 54 84 65 90 47 27 67 44 35 11 7 92 35 42 0 82 67 49 62
87 21 59 62 85 77 28 74 55 42 52 37 87 73 37 69 53 47 39 34 75 97 1 4 93 40 50 72 77 33 53 97 92 17 69 68 56 21 94 19 32 6 67 95 88 22 12 85 45 63 21 22 24 81 8 21 88 4 73 97 79 83 33 37 100 82 42 69 41 38 93 84 11 44 60 34 93 71 6 78 1 8 55 28 66 29 48 6 30 30 90 29 21 80 49 39 74 5 50 86 18 71 61 1 13 69 48 98 32 5 57 77 52 95 45 17 61 25 42 93 72 77 87 3 43 2 28 100
77 10 50 42 82 46 47 35 78 73 52 41 54 73 13 48 29 5 28 86 53 85 93 37 41 25 85 30 53 52 49 44 70 92 72 4 2 74 35 92 30 7 11 1 35 55 14 81 6 85 61 86 75 43 95 46 30 50 40 21 81 90 18 65 32 54 57 17 21 89 6 62 12 75 5 6 13 97 44 4 19 27 53 27 1 100 50 44 87 22 87 56 95 87 60 23 61 43 59 34 49 76 9 52 96 39 80 20 68 2 62 84 11 46 82 34 80 79 57 8 73 58 56 30 94 90 54 18
56 56 30 0 0 80 83 36 9 74 93 33 50 44 33 75 38 45 59 53 15 49 64 70 20 91 78 48 18 43 51 44 7 62 31 44 75 17 19 42 38 57 16 85 34 78 78 29 30 71 32 49 53 95 62 4 70 24 79 74 61 55 90 51 19 15 90 78 95 16 71 17 38 44 57 65 77 74 90 60 5 59 51 16 91 76 50 76 27 49 40 15 17 88 69 28 23 8 31 74 28 18 10 33 58 55 50 83 40 10 21 14 47 38 65 79 24 53 34 59 39 33 85 35 24 96 92 21
99 40 44 92 9 80 26 64 5 33 55 51 53 98 61 89 29 92 9 67 16 13 32 46 95 77 84 36 24 45 83 6 87 12 53 2 31 7 100 11 99 19 89 28 98 54 96 40 42 39 8 62 100 43 11 73 31 8 97 98 55 25 22 69 100 87 30 5 74 44 67 66 11 74 86 15 71 9 6 39 98 81 15 75 72 68 1 56 9 45 99 24 66 68 28 100 70 14 83 39 48 65 50 44 86 71 35 83 42 44 13 25 32 63 8 22 31 25 76 51 65 30 76 74 53 61 28 98
92 28 38 89 91 94 40 5 30 2 78 41 82 1 79 6 95 97 32 85 53 24 33 60 11 34 100 76 35 34 33 61 61 29 10 46 52 29 86 33 51 71 47 79 50 79 78 47 63 9 83 15 57 94 21 20 67 27 15 50 33 14 80 9 51 14 98 4 40 47 34 74 11 14 2 17 31 33 80 80 9 13 12 32 13 46 28 77 99 88 97 86 29 39 2 73 48 30 23 11 10 55 16 29 80 51 70 58 82 16 98 34 33 96 12 71 60 44 9 76 87 17 89 27 71 48 73 31
87 24 84 77 86 94 66 15 47 30 80 80 40 69 57 58 35 75 69 77 75 34 86 96 38 50 86 47 6 39 3 1 87 0 97 52 59 80 2 38 94 66 81 72 6 8 21 20 1 41 18 27 17 91 47 15 21 78 21 56 76 50 19 100 19 72 59 57 23 67 76 64 95 8 41 39 18 70 14 39 60 54 26 65 56 1 90 8 89 63 71 45 67 25 98 15 37 72 75 9 12 84 34 85 11 72 1 78 32 51 95 95 66 64 1 87 77 10 62 72 14 3 92 23 52 65 65 72
1 44 94 11 6 61 27 32 85 90 14 0 31 4 54 95 50 65 42 86 96 19 67 33 89 55 44 82 98 22 39 55 15 51 43 31 20 19 35 99 12 0 98 53 14 31 15 35 50 56 37 36 27 43 27 32 93 30 54 35 54 58 95 64 44 25 86 39 13 26 25 98 65 61 9 15 30 96 7 68 62 75 79 47 97 16 22 66 0 26 84 46 41 41 98 34 10 78 60 83 23 82 70 66 52 85 73 37 36 33 12 40 63 81 93 50 92 58 92 78 56 37 17 94 32 1 38 10
