67 58 89 6 46 84 22 97 43 22 20 93 72 7 81 35 6 45 31 5 43 65 25 21 11 31 67 96 29 72 9 50 59 58 53 20 12 1 29 32 81 54 68 38 46 79 41 77 54 24 61 95 69 8 12 29 99 78 96 55 56 40 67 15 100 42 6 61 23 9 5 93 65 27 40 86 72 9 99 0 49 24 98 55 66 98 75 30 19 82 65 34 4 14 66 47 5 94 7 68 0 58 19 1 93 55 8 57 80 61 69 48 62 51 15 48 67 85 57 4 58 81 34 82 9 81 4 50
76 94 37 24 91 36 1 83 1 87 98 96 72 40 19 76 24 53 5 80 87 71 41 40 92 70 43 24 82 9 81 72 87 25 61 41 19 82 25 95 61 5 24 43 44 10 38 36 11 12 92 82 41 62 99 19 19 4 61 25 72 71 79 48 91 86 29 67 68 36 11 98 27 47 6 33 28 11 8 82 78 52 54 93 19 78 83 59 45 65 8 61 43 50 8 100 80 13 55 35 3 85 97 96 24 29 40 21 15 29 3 92 46 9 40 6 88 23 35 57 45 2 26 37 83 1 61 76
81 69 91 56 95 3 32 23 49 25 14 82 99 65 0 49 33 89 51 33 98 72 79 9 51 13 84 33 30 29 9 5 77 93 11 48 56 94 78 39 73 81 84 23 98 91 28 39 44 47 78 44 76 12 56 52 22 18 35 46 6 11 63 96 3 83 46 24 72 24 50 95 75 6 24 63 69 36 65 39 11 100 54 39 26 83 10 39 7 12 81 25 89 15 7 15 65 49 97 39 81 22 82 13 27 57 43 86 99 97 66 91 41 51 81 93 15 85 57 26 83 16 6 19 23 59 12 77
95 60 83 66 73 42 88 36 84 13 35 66 12 41 74 93 94 82 79 99 25 32 38 42 19 100 33 70 90 57 44 51 3 55 79 91 23 56 16 21 58 78 62 37 69 31 32 21 48 60 70 11 76 44 0 10 27 36 79 51 98 20 41 71 30 60 58 19 63 10 77 75 90 51 44 96 72 22 80 64 24 5 60 69 97 32 60 49 95 72 20 31 93 6 85 33 60 28 85 51 51 44 39 64 55 81 12 12 93 30 71 74 96 22 48 34 38 9 19 96 2 79 14 72 82 80 44 39
37 20 95 44 25 8 93 95 18 31 70 84 61 17 97 52 60 76 69 18 82 49 3 39 36 66 79 48 51 4 83 44 6 81 6 9 50 71 35 48 25 85 74 89 10 83 44 43 29 70 33 4 65 6 87 76 4 7 63 16 42 39 60 19 33 75 73 91 5 6 47 70 52 64 5 18 38 58 2 89 16 39 27 61 53 20 70 76 56 56 83 61 21 94 74 73 0 65 72 92 83 22 84 91 14 33 88 16 24 90 42 0 36 73 19 75 27 79 9 6 39 48 44 22 74 96 35 94
27 51 40 96 46 38 99 68 68 100 91 11 87 51 99 53 6 58 14 75 83 66 40 0 17 18 1 75 58 82 96 66 31 6 69 86 38 79 93 80 50 41 86 8 72 11 99 31 29 18 59 59 34 66 43 72 40 13 28 48 44 1 29 5 72 78 20 93 18 12 31 29 94 0 18 73 39 98 62 2 37 65 56 25 81 93 6 90 29 80 96 69 65 39 58 28 18 61 100 56 6 0 45 52 21 96 34 55 54 45 12 68 54 89 33 75 73 32 73 59 52 15 34 80 27 23 61 19
48 63 13 98 37 32 15 27 22 6 87 26 76 54 23 10 92 93 17 4 92 53 30 62 11 96 29 6 49 82 76 16 44 37 22 43 42 68 51 76 100 76 69 22 16 88 44 52 88 60 58 85 86 90 8 71 28 37 65 40 25 53 27 78 100 47 78 7 13 65 4 25 63 18 88 78 95 73 66 14 49 6 76 94 73 65 80 87 68 88 10 1 15 81 100 90 2 34 18 5 60 84 77 18 68 40 31 89 31 94 27 82 68 92 3 92 65 82 85 21 27 0 86 15 92 17 35 86
4 41 17 26 16 4 82 56 100 11 14 100 66 9 93 67 82 55 98 96 72 91 46 5 100 68 92 73 40 62 97 88 7 47 90 31 44 63 45 0 63 34 16 99 62 28 43 20 71 7 12 57 77 23 38 98 100 23 4 36 0 68 1 79 24 88 52 16 10 59 64 96 22 8 96 90 49 12 38 35 23 81 31 76 100 37 1 61 34 91 24 26 15 40 54 35 63 22 5 60 65 51 88 53 14 56 60 37 62 37 85 32 88 37 7 81 39 63 21 38 32 26 12 60 85 14 6 94
88 51 45 43 0 97 37 56 9 73 54 78 61 52 49 35 51 94 58 10 20 19 53 32 18 67 6 99 1 60 89 36 27 44 49 84 35 68 52 59 10 48 69 11 26 84 44 71 29 16 25 4 65 43 70 42 17 48 72 76 58 95 72 86 67 62 100 43 49 54 17 48 5 65 25 59 49 21 20 49 68 95 73 49 100 78 62 45 31 95 96 17 97 82 64 53 59 44 85 83 76 72 45 19 17 82 90 36 64 3 33 34 77 45 40 75 53 46 60 69 48 6 70 94 1 19 34 50
3 60 65 54 11 60 59 20 50 19 96 53 40 19 87 5 72 100 25 41 54 89 9 33 60 56 32 64 100 43 43 27 28 67 18 44 58 19 25 80 92 30 61 64 41 88 16 35 0 31 45 33 86 37 97 96 72 52 67 32 37 38 69 20 31 89 83 58 65 63 67 4 12 82 43 87 58 33 10 19 53 81 7 86 14 36 65 88 96 35 36 84 99 55 99 5 55 67 82 44 84 52 86 51 57 5 95 60 36 24 46 70 39 69 31 87 67 59 17 31 31 86 97 100 63 21 86 73
62 14 79 67 59 6 62 7 100 8 57 74 68 1 92 52 47 72 48 36 53 70 72 38 62 60 86 28 80 87 77 74 35 21 10 55 84 67 36 49 27 79 12 43 62 99 19 79 62 38 83 53 67 90 34 26 40 66 92 26 75 46 68 15 55 77 21 56 67 34 1 4 74 17 57 47 34 88 33 99 44 94 51 39 3 95 63 55 59 8 59 56 73 78 58 5 24 42 77 75 70 21 5 63 100 100 45 82 41 51 24 94 59 93 68 88 85 61 86 4 39 37 8 60 56 2 79 34
80 27 36 17 82 22 69 49 81 33 70 47 46 88 42 38 33 77 6 54 35 77 31 79 6 31 66 19 39 66 6 8 14 42 17 16 94 90 39 85 2 71 15 13 79 59 44 46 30 43 96 1 3 61 25 20 17 52 32 20 81 55 59 99 44 24 11 56 18 30 72 83 45 94 63 81 2 18 41 67 58 6 48 40 91 17 62 8 8 72 35 14 67 20 76 59 3 96 20 57 11 12 44 23 28 82 89 62 50 77 61 38 54 30 82 9 36 100 33 8 92 58 17 76 16 99 12 31
70 22 26 22 62 51 16 25 87 13 2 89 83 48 49 96 74 57 7 92 6 43 17 40 44 12 70 90 10 26 15 28 23 25 32 75 90 43 77 48 2 65 46 4 61 3 8 63 57 59 50 99 69 69 79 90 41 30 79 44 83 73 19 93 68 50 44 56 14 13 93 40 31 66 4 52 42 30 84 39 60 53 26 81 5 28 90 44 16 6 79 8 34 89 89 3 22 3 94 83 94 44 75 59 33 83 42 6 51 75 85 59 38 56 62 92 85 53 48 73 70 6 15 58 69 1 74 98
70 88 25 39 68 79 91 71 78 1 45 14 42 53 20 26 90 56 63 72 100 73 67 92 60 42 83 76 2 40 60 31 79 64 0 83 3 12 17 46 31 66 63 72 3 77 99 82 86 13 96 71 95 41 31 43 90 44 14 47 74 93 14 91 50 91 98 21 25 94 44 54 20 14 24 36 58 19 12 74 26 80 16 10 98 100 0 69 36 54 100 52 7 100 3 17 67 17 22 79 91 68 16 70 7 47 73 58 99 56 26 39 85 73 85 82 9 17 31 82 38 65 95 53 43 53 42 40
74 50 22 91 64 41 28 45 40 76 94 34 23 85 69 81 78 53 85 32 25 91 59 33 64 12 96 91 79 55 35 25 86 78 42 87 11 22 56 8 45 20 85 16 38 17 6 85 18 11 59 11 84 28 27 99 41 63 98 96 89 46 0 100 0 69 83 45 7 75 46 48 40 16 44 15 60 17 86 14 5 21 4 25 81 30 76 38 61 44 91 9 52 6 5 24 74 32 31 27 6 20 33 60 79 61 22 52 87 48 53 65 90 78 94 15 45 87 75 43 45 37 5 0 14 54 18 82
55 38 66 87 63 50 52 83 17 10 7 5 1 55 12 61 35 29 62 91 11 91 54 3 55 7 25 43 71 5 49 36 26 12 68 53 76 92 51 63 48 24 79 13 9 70 62 28 6 65 98 70 85 53 49 85 35 78 20 23 49 83 30 43 8 60 34 70 84 78 21 4 54 9 97 98 76 46 67 93 11 98 17 23 10 28 98 97 18 31 81 24 70 76 93 3 57 19 31 60 91 38 38 52 32 22 58 6 99 77 9 96 93 25 19 84 32 32 61 34 80 51 1 21 86 13 4 69
66 80 57 83 26 2 14 56 69 40 25 60 44 55 79 33 24 65 91 92 83 50 97 82 17 34 33 63 90 0 21 82 28 73 3 27 58 44 95 35 83 10 15 100 23 5 6 80 82 97 14 7 71 28 20 18 1 36 57 61 5 52 87 73 2 55 64 80 89 46 38 33 92 23 32 8 97 60 98 7 18 9 77 30 27 62 81 88 1 89 20 38 48 34 41 62 2 91 75 47 45 6 97 59 76 5 57 16 13 18 84 42 13 96 36 18 57 27 99 7 3 56 99 10 28 34 34 75
62 36 30 73 87 63 92 22 66 21 19 59 83 36 9 96 31 7 50 4 44 47 51 1 75 19 81 95 1 34 57 78 53 54 72 16 63 28 19 67 29 59 90 29 21 65 60 63 14 68 83 55 87 70 79 44 57 71 53 58 54 88 19 75 81 92 79 56 77 69 9 84 75 78 85 51 86 68 100 96 23 41 55 90 5 72 47 59 96 80 37 53 36 90 84 42 99 66 71 86 73 38 95 56 1 92 67 5 55 44 12 41 42 59 78 48 67 51 62 93 77 20 61 93 31 92 42 49
100 100 78 9 15 82 92 32 56 73 83 19 99 57 91 91 64 36 32 46 49 42 36 86 64 42 49 86 8 5 80 44 64 73 47 24 87 96 58 82 63 19 100 39 94 79 27 59 80 48 97 38 26 45 42 77 29 2 10 72 11 88 50 75 40 25 66 37 35 28 65 81 12 17 45 62 57 44 47 5 42 57 24 20 27 24 24 37 73 52 18 50 91 44 39 96 63 36 7 62 90 95 45 93 78 68 82 55 67 72 51 25 34 6 27 60 78 48 92 14 54 67 84 82 7 19 3 13
31 27 31 62 79 8 92 66 16 31 16 68 27 36 100 79 9 60 86 68 86 25 31 25 48 35 56 10 59 64 4 15 81 3 13 68 56 54 59 27 53 83 10 28 57 17 31 20 47 77 22 36 41 91 16 73 55 38 75 26 94 64 75 80 34 22 84 73 31 80 86 37 97 78 94 67 23 13 100 6 69 69 9 73 63 23 19 36 85 39 1 19 53 76 16 59 70 32 5 39 62 33 20 27 45 96 37 60 94 14 42 31 6 85 3 19 91 69 98 54 9 0 18 36 78 54 1 78
27 4 19 75 72 8 71 41 26 27 13 36 42 34 96 5 32 16 11 86 53 68 80 48 60 50 78 94 90 95 4 14 81 74 8 35 44 79 82 86 87 80 0 23 35 65 50 6 77 33 59 33 57 62 26 2 39 34 57 37 92 25 66 54 72 96 78 51 19 70 9 89 96 13 8 39 36 99 38 97 2 33 45 90 85 28 52 96 61 58 92 78 64 53 88 57 79 87 2 80 96 54 59 40 79 39 60 18 55 30 51 78 30 62 75 31 31 91 63 35 37 80 88 15 9 22 100 45
81 47 87 26 2 80 49 23 84 10 80 46 95 33 2 19 2 74 6 30 2 38 90 32 50 54 69 3 11 99 84 57 89 31 83 46 47 32 34 43 68 77 48 33 34 80 21 61 53 64 81 50 47 80 22 100 86 64 12 100 88 94 43 89 8 71 69 52 22 50 98 40 15 69 28 57 0 3 8 5 12 86 26 93 36 34 61 88 36 9 80 32 68 55 56 82 63 36 9 40 73 83 67 70 18 34 53 88 62 35 39 67 96 24 55 93 99 32 83 23 6 44 73 7 34 86 74 16
61 63 76 83 4 67 22 66 77 83 88 39 63 19 67 38 86 58 60 78 21 47 36 7 26 96 16 72 11 74 44 26 42 43 20 73 61 76 10 34 75 45 55 5 19 68 13 16 70 53 31 62 45 12 52 90 91 16 38 82 97 18 77 81 42 49 39 76 77 95 41 68 63 40 33 29 87 61 14 7 31 4 62 39 22 24 36 95 77 8 36 31 33 48 92 28 38 54 95 92 99 21 51 56 22 87 87 79 57 56 29 63 37 9 16 22 74 0 96 68 28 81 2 50 53 93 21 68
44 21 20 90 77 8 35 48 40 68 97 28 28 1 4 92 80 57 29 36 39 1 35 0 71 6 57 21 37 4 58 49 49 27 87 33 95 23 30 48 25 23 28 19 64 2 23 68 32 84 9 24 24 95 56 39 67 95 85 47 12 57 21 71 43 6 18 97 8 47 62 31 7 74 98 15 40 51 61 59 48 43 60 18 12 14 61 48 10 19 86 61 58 5 68 73 90 9 37 10 14 98 99 45 72 3 79 10 62 42 13 65 97 39 10 79 34 77 58 79 49 92 5 55 54 92 24 56
9 49 95 98 100 24 48 83 82 4 38 27 84 25 26 30 31 84 4 2 77 16 78 6 80 66 98 90 7 100 36 35 87 16 88 45 16 17 32 1 68 19 70 6 59 73 53 87 84 8 18 31 77 39 80 61 49 84 44 78 50 95 56 51 48 96 70 89 78 3 83 76 6 2 14 87 58 79 23 37 40 30 82 69 87 38 42 31 20 51 74 64 48 23 65 77 32 9 13 71 7 44 34 68 94 24 54 0 57 16 85 80 15 52 24 22 62 95 79 97 6 26 27 100 85 83 26 26
31 65 31 87 76 92 72 93 49 51 0 70 20 54 88 29 78 8 16 56 54 31 100 94 80 65 36 84 20 49 62 84 25 30 51 87 27 52 57 79 13 73 64 78 90 31 6 50 65 76 90 40 21 55 72 87 76 11 39 70 27 58 20 37 53 77 45 82 59 62 67 11 33 9 42 48 38 28 82 85 98 70 64 6 17 31 86 96 5 60 6 68 100 100 9 63 75 92 50 2 90 49 32 75 20 22 93 93 19 57 77 62 67 35 62 36 58 93 52 38 68 44 88 16 35 97 95 86
44 10 13 51 46 33 8 85 19 13 87 36 28 18 44 34 28 57 68 48 70 26 49 53 68 72 49 72 70 6 36 26 61 32 50 17 11 48 6 76 26 91 94 12 50 11 31 60 45 68 67 60 84 30 19 41 26 19 73 14 75 97 47 47 77 15 36 88 86 5 46 49 12 25 64 95 54 7 23 50 52 69 68 50 42 39 28 61 10 79 16 74 71 84 38 21 82 89 47 78 42 72 17 82 56 37 50 76 9 48 34 90 46 88 69 19 51 60 71 31 83 17 64 49 45 81 63 79
33 50 89 99 30 28 20 87 99 47 64 80 49 33 68 62 70 45 76 57 13 73 61 94 27 0 75 75 19 99 68 98 5 34 20 72 9 41 85 36 90 9 27 83 85 75 18 6 80 62 58 7 41 79 22 84 80 93 51 66 47 31 71 69 56 81 96 89 94 15 2 45 3 27 70 4 33 67 15 57 73 76 0 36 46 43 11 23 21 83 36 10 34 96 72 51 31 67 22 40 95 60 100 73 36 5 50 9 11 92 80 73 2 23 18 7 12 22 50 94 14 93 10 16 53 78 34 93
99 68 26 35 7 98 96 57 44 53 85 42 52 13 72 13 55 76 35 50 11 45 58 28 1 7 68 24 48 48 57 78 87 62 15 16 99 26 67 97 31 99 43 77 34 61 4 52 43 100 62 2 69 22 58 50 8 59 34 93 100 41 60 6 35 48 20 60 99 56 60 38 3 7 12 29 72 79 75 85 63 74 35 56 39 35 46 66 58 94 32 67 13 3 18 32 45 51 43 91 33 97 12 11 21 92 61 85 43 95 84 91 100 2 24 0 30 20 5 3 36 61 14 59 70 11 76 65
86 71 68 90 93 19 24 25 100 47 38 22 43 87 92 47 32 72 61 1 67 7 87 3 77 58 88 85 97 16 87 33 3 52 91 34 37 44 5 90 83 21 42 25 15 4 82 28 20 82 45 22 48 42 23 22 8 19 90 0 2 73 88 86 72 96 45 68 44 88 97 60 74 38 91 50 42 57 68 3 17 17 32 70 33 35 56 64 35 69 78 38 34 43 73 37 18 97 3 81 50 47 48 12 24 92 90 8 72 47 72 100 9 95 38 16 91 29 89 77 56 53 14 38 61 99 0 25
4 49 83 39 51 76 97 35 16 89 39 22 47 45 9 13 8 43 87 89 10 93 86 14 22 57 47 9 12 25 66 92 61 83 60 60 79 59 58 20 82 34 74 55 65 48 24 20 100 72 0 59 46 94 99 75 93 17 16 62 19 93 2 93 86 70 53 82 76 52 42 39 0 33 40 67 71 0 15 49 85 95 22 100 86 9 40 59 93 79 14 62 68 32 92 99 78 17 80 69 20 80 29 81 42 60 100 100 89 71 89 9 73 45 95 85 20 37 54 3 13 39 19 92 21 35 97 70
70 46 85 67 5 70 73 47 21 83 14 14 48 59 70 4 8 50 38 46 40 17 92 9 6 83 37 35 58 100 65 47 92 80 44 92 45 79 1 7 91 60 54 80 83 58 32 31 76 58 69 42 27 88 21 77 50 1 55 67 48 37 100 15 95 50 35 44 56 19 82 12 54 87 82 93 53 82 97 2 98 63 28 23 82 82 15 65 24 94 37 96 74 18 60 22 79 20 86 13 41 45 42 90 47 12 62 11 22 42 39 90 64 43 99 35 68 31 99 92 44 29 63 54 90 75 97 32
20 88 22 51 18 8 90 81 72 75 86 59 72 96 4 55 72 69 66 55 3 34 9 63 2 54 11 4 93 21 50 67 56 6 62 25 8 33 28 56 65 7 16 98 44 77 33 29 0 54 19 32 67 72 56 1 49 60 52 87 35 93 20 88 8 51 43 17 41 1 29 61 88 100 12 42 65 56 19 89 68 11 85 94 74 20 48 11 36 95 79 54 45 95 61 94 1 36 58 59 19 59 10 86 84 24 79 88 49 64 24 9 15 86 84 57 77 77 28 43 65 39 56 86 57 14 18 28
83 50 61 55 33 84 63 91 22 55 95 29 60 65 79 51 11 27 86 74 72 80 46 86 6 26 72 21 14 43 56 35 33 1 14 5 1 60 16 96 46 48 100 4 12 33 83 87 19 97 42 44 59 50 62 0 20 16 5 24 53 77 89 23 54 85 39 13 59 76 25 22 31 14 88 21 68 16 54 22 45 61 93 66 98 83 61 15 76 61 65 87 56 51 79 79 76 19 75 31 76 49 62 62 30 28 99 86 39 88 39 77 48 77 24 53 2 100 30 86 14 53 5 60 14 43 30 25
68 24 74 53 22 55 54 5 19 21 86 72 18 35 88 39 46 65 78 86 56 22 80 95 77 23 21 8 41 68 86 25 52 45 35 51 61 84 1 27 88 43 36 93 51 65 71 85 62 14 31 36 62 27 29 45 94 100 87 11 47 24 21 63 7 95 84 85 52 23 45 26 17 14 45 88 62 37 71 16 44 64 36 54 15 68 67 89 62 47 32 82 35 20 37 76 42 49 76 25 25 74 31 34 92 12 74 71 32 63 51 16 67 56 96 34 53 6 42 58 39 25 69 87 62 85 25 88
64 13 91 55 29 68 75 36 89 41 58 59 25 51 95 30 90 37 61 98 81 9 1 25 15 6 18 68 86 39 84 40 84 88 52 47 75 1 47 23 54 9 1 5 98 93 22 59 4 55 69 67 44 94 52 99 91 7 62 96 77 1 20 12 86 89 24 77 59 52 99 6 12 91 20 72 60 28 78 17 47 3 70 55 94 96 7 82 45 70 17 43 83 28 35 77 17 23 84 28 23 5 1 45 96 23 78 36 53 48 29 7 87 74 91 40 36 93 22 43 23 79 75 5 55 58 53 80
99 4 54 61 49 62 25 13 41 26 90 18 80 14 70 78 18 14 57 94 30 56 45 33 44 5 31 36 1 80 36 52 72 49 63 33 60 27 11 42 10 87 37 60 13 10 70 0 100 56 54 21 31 42 95 55 17 35 8 99 62 20 17 49 75 70 80 25 59 77 68 37 8 37 38 67 64 12 91 52 21 57 40 36 46 93 20 53 69 53 39 95 43 45 49 21 54 27 89 47 7 41 67 42 87 26 90 97 85 65 17 93 94 79 36 66 36 67 51 9 20 34 74 76 82 47 27 10
33 24 7 18 3 97 63 99 94 20 22 17 9 0 90 81 94 39 67 92 27 19 28 74 18 49 89 41 62 14 43 11 24 91 96 97 71 13 52 62 89 1 3 7 26 95 87 3 67 73 11 69 12 81 98 54 96 15 39 71 95 87 75 28 60 35 93 74 14 34 43 10 19 51 60 22 80 11 67 97 55 31 38 32 50 70 12 78 97 14 57 57 54 64 68 23 0 68 36 30 46 55 6 48 57 75 89 44 84 77 3 48 42 58 21 83 59 91 3 22 42 50 94 99 42 94 92 3
92 15 6 17 23 93 71 92 30 76 46 26 83 38 44 61 28 71 67 71 80 19 55 71 68 31 66 58 38 84 19 89 12 4 94 27 15 94 30 93 12 68 31 87 73 57 92 65 60 48 17 84 88 48 10 79 88 45 84 21 18 19 54 62 20 8 52 2 48 34 95 41 8 70 9 34 28 25 9 52 83 92 85 96 19 9 25 57 75 8 87 52 90 83 0 24 29 34 80 91 12 12 56 35 71 43 29 73 23 72 89 30 47 67 9 33 46 68 84 46 59 45 24 77 91 74 25 5
23 93 51 41 22 15 97 68 69 79 19 38 92 62 35 71 43 76 52 58 54 88 84 29 13 45 40 3 76 59 67 45 27 52 0 10 97 71 11 15 61 84 7 18 48 60 52 100 56 74 54 70 47 65 66 1 95 17 81 1 71 98 85 19 54 8 10 49 59 37 38 43 87 62 20 0 89 85 72 19 13 98 50 59 18 46 77 25 96 16 89 13 38 92 8 93 0 35 68 100 33 56 38 68 94 22 70 34 72 80 91 78 48 61 94 16 46 58 25 22 26 71 37 71 17 80 14 31
25 84 60 96 76 62 20 20 50 82 91 62 56 59 18 61 67 62 100 55 24 13 64 70 74 82 78 25 8 59 75 73 80 63 48 48 57 61 71 22 27 67 32 93 81 98 55 74 21 94 91 88 48 84 15 26 15 92 24 69 28 75 7 40 44 77 37 68 65 77 77 67 34 31 27 45 42 97 61 40 58 98 8 92 76 10 92 18 89 54 53 57 12 16 43 100 90 27 95 74 97 49 73 44 89 53 56 63 37 88 15 21 70 95 52 84 2 57 3 7 44 42 6 53 90 73 48 64
79 87 33 99 4 2 23 68 3 7 18 10 72 51 34 29 26 80 78 61 81 95 40 42 13 94 50 58 34 63 93 76 23 98 75 19 25 80 63 91 17 16 34 96 45 43 41 18 3 99 76 43 59 67 93 24 41 53 23 5 19 64 0 73 83 11 39 86 80 2 99 77 1 50 83 43 54 60 72 1 25 67 92 52 89 55 78 23 84 27 22 25 99 3 18 95 47 17 22 67 33 27 40 65 9 28 39 70 45 87 58 59 83 88 31 25 20 49 61 15 86 34 97 40 67 62 98 32
4 75 34 35 43 36 28 97 39 41 22 61 25 47 15 24 11 84 77 61 44 86 90 62 52 61 89 46 25 31 63 68 21 15 81 71 96 88 23 24 7 49 60 99 71 69 43 98 59 62 19 10 6 4 27 77 18 17 52 78 36 17 57 14 0 1 15 95 57 98 52 21 0 21 11 80 14 53 90 13 85 35 74 53 9 94 56 46 39 42 74 23 96 3 43 10 94 58 2 28 27 48 90 80 29 87 100 92 20 91 4 60 97 25 0 30 91 86 50 90 28 52 79 40 75 22 47 54
59 28 75 16 62 37 67 98 11 36 36 9 32 20 54 50 67 69 84 57 40 50 91 83 44 59 74 72 81 14 96 86 36 6 11 68 34 77 4 26 42 62 61 80 60 24 20 88 20 38 46 90 17 32 6 50 78 62 35 64 10 43 53 51 96 92 7 39 6 96 43 79 100 44 63 69 19 7 64 13 24 86 91 46 19 55 69 18 71 59 43 99 99 84 25 6 16 83 56 27 23 6 72 90 37 15 28 91 56 16 39 73 26 21 8 42 21 4 37 13 78 93 20 84 21 74 97 38
64 62 5 2 69 70 49 76 44 74 63 98 54 26 40 45 91 2 82 49 82 70 90 79 56 23 50 43 60 76 33 96 26 21 48 95 30 81 83 8 93 64 7 22 57 55 65 81 82 58 88 65 31 76 14 3 93 52 69 68 93 20 83 68 29 12 18 78 100 63 45 25 53 16 31 84 14 33 76 73 47 24 61 13 4 99 47 9 46 70 41 8 39 11 43 6 30 5 34 74 80 16 79 93 97 16 18 73 71 30 78 35 82 17 27 51 63 76 0 80 0 9 70 79 36 69 34 96
100 31 32 63 94 71 66 91 63 0 95 66 73 19 28 52 24 20 56 33 44 67 77 7 45 13 83 18 36 68 55 66 45 74 22 72 2 97 56 62 22 82 85 28 67 15 1 61 34 0 94 97 12 36 69 59 10 49 42 56 30 51 27 53 16 14 39 2 85 11 61 14 63 99 44 8 73 57 40 75 67 9 7 62 40 94 47 98 9 86 43 1 66 4 82 75 4 13 67 80 39 24 77 53 74 69 14 12 75 5 71 80 100 84 83 49 72 19 73 2 13 86 75 67 55 1 4 78
68 24 5 30 66 100 61 65 18 56 97 16 38 68 11 96 18 93 27 22 9 49 18 24 36 46 11 28 4 16 19 40 93 73 8 48 45 61 85 68 77 80 4 52 64 53 57 9 93 51 91 7 29 40 90 14 10 70 53 38 81 4 28 6 26 34 25 68 99 52 33 12 72 10 9 65 72 84 9 19 3 17 74 75 96 6 54 9 48 80 38 13 24 11 35 55 58 75 49 81 76 29 10 10 35 28 1 11 24 27 78 74 70 17 68 23 37 19 5 20 83 90 75 84 58 63 12 87
51 100 70 91 89 19 0 22 18 8 27 64 44 69 54 85 27 27 93 37 47 24 28 56 36 28 67 2 26 40 56 14 23 51 5 59 41 71 61 37 14 74 95 83 3 92 3 48 20 43 69 45 97 52 37 46 70 54 66 95 20 1 55 83 39 58 58 8 76 72 11 44 93 68 44 2 42 31 11 63 75 76 78 40 50 77 52 62 19 9 54 25 62 28 41 13 55 32 63 58 76 63 78 88 7 96 23 23 28 49 27 60 65 75 63 77 10 75 41 74 52 47 13 46 54 17 58 11
42 47 89 12 56 48 74 62 90 85 97 65 41 97 98 92 30 97 22 98 92 87 35 37 74 57 92 95 43 26 47 76 60 68 56 49 6 63 43 83 37 16 19 40 32 75 85 10 96 12 98 69 53 57 47 16 54 30 61 35 90 31 74 95 75 22 27 3 94 54 50 96 36 44 17 58 74 27 85 61 25 28 33 7 71 6 59 37 9 93 38 16 48 82 55 42 100 35 30 0 78 5 56 100 72 47 1 75 58 73 99 98 65 68 59 23 30 46 17 45 1 6 28 10 53 91 43 74
8 59 92 97 58 36 100 68 32 5 10 41 47 53 61 59 72 39 3 45 18 98 56 23 17 83 61 35 52 50 88 77 2 6 74 99 100 97 24 61 46 71 31 99 68 23 93 18 35 41 50 7 76 45 33 51 47 47 90 54 39 33 54 20 60 14 52 28 52 92 23 25 38 3 14 8 31 11 49 75 93 68 70 77 89 35 100 88 30 95 49 59 79 77 49 4 30 75 65 94 56 31 50 22 58 33 58 23 98 29 16 72 90 67 73 5 25 40 36 28 8 34 6 98 15 80 70 98
11 56 100 6 32 21 26 83 58 47 98 65 60 85 81 32 10 27 3 69 92 32 31 93 79 7 70 92 50 58 61 74 9 39 19 43 35 36 8 47 74 8 58 74 79 44 37 19 93 12 53 51 92 26 95 11 79 73 94 55 76 78 68 15 80 68 66 79 18 35 13 68 89 69 11 30 99 29 5 9 61 34 85 89 76 29 71 79 80 7 72 5 57 44 85 4 47 46 58 6 93 66 52 39 42 44 100 17 16 98 56 65 23 32 70 93 28 90 31 9 81 51 66 17 27 7 14 51
79 59 40 23 69 41 2 46 12 43 94 24 68 95 43 46 92 28 45 95 5 99 93 57 2 88 18 25 18 13 75 71 39 60 97 70 95 34 72 40 12 39 24 51 24 81 79 98 50 52 73 76 86 12 44 66 90 31 57 41 34 14 94 48 14 28 72 69 3 44 28 78 28 86 7 24 89 71 10 92 28 48 61 18 62 24 83 96 73 0 75 16 6 94 15 99 8 52 68 55 96 93 84 9 4 43 3 17 86 17 49 62 12 11 86 64 55 72 76 71 11 96 47 90 47 100 94 55
26 83 37 36 27 48 15 1 35 85 61 5 93 93 25 57 98 5 4 42 33 51 1 0 95 31 29 50 24 15 95 27 99 19 64 1 70 78 6 6 39 12 68 39 37 31 35 11 83 89 7 66 13 31 20 69 19 57 30 73 98 61 21 76 98 55 28 9 74 2 62 68 74 54 99 74 20 97 11 77 67 42 24 96 73 12 25 50 33 1 27 13 11 24 55 65 91 63 70 21 3 40 66 82 60 64 41 87 51 38 83 63 93 36 72 5 47 21 14 96 46 54 62 5 82 72 71 57
52 5 31 98 77 59 93 41 26 80 73 92 74 46 60 84 53 52 19 16 35 5 52 56 19 96 72 88 73 45 16 62 14 52 93 60 43 75 20 16 81 47 61 64 66 27 82 70 85 53 31 71 14 79 52 64 41 41 8 26 36 8 22 21 9 53 0 12 98 65 99 52 12 27 42 65 35 77 14 18 84 92 95 31 13 91 3 87 88 14 85 6 33 45 14 48 50 88 44 79 2 65 52 62 20 45 25 86 50 3 38 88 49 97 25 63 87 46 33 81 9 68 48 80 68 75 93 3
35 32 26 18 12 5 4 10 36 61 37 48 72 61 10 53 81 87 20 100 36 90 74 75 25 53 47 57 51 84 35 95 57 13 87 21 99 32 40 22 5 67 99 22 53 87 24 37 63 46 21 30 23 98 28 58 18 54 27 82 19 79 83 6 75 37 84 0 23 76 54 15 66 79 3 81 69 46 86 48 47 19 72 76 45 4 48 92 97 98 14 49 54 55 73 97 87 68 64 84 3 64 0 23 87 28 2 24 17 33 29 83 45 63 0 34 3 81 36 39 61 21 90 81 79 12 86 82
60 28 87 22 95 13 0 14 31 78 15 80 52 98 69 34 62 89 6 4 10 60 69 5 42 58 6 35 2 59 82 88 68 42 33 69 65 8 47 31 88 30 81 44 81 58 33 77 4 35 76 33 80 29 4 64 70 47 77 81 96 71 77 68 56 63 87 45 86 15 39 60 85 35 8 23 1 86 64 12 18 87 55 37 61 5 74 35 49 52 73 98 49 58 47 6 35 13 79 100 48 58 77 48 10 56 68 20 36 2 1 27 18 57 100 29 91 27 38 78 33 82 38 49 41 55 3 59
48 83 45 37 99 55 81 93 85 64 40 58 28 51 64 52 36 65 42 3 16 80 46 64 6 13 3 13 43 97 92 89 92 27 24 58 30 59 50 10 99 30 37 11 16 6 80 21 97 56 64 4 5 97 34 8 29 53 55 53 71 41 0 25 46 96 17 45 60 51 69 41 40 72 35 71 33 36 51 79 79 65 31 80 99 60 95 75 89 97 69 32 75 45 61 58 95 70 68 52 62 42 57 33 58 37 56 60 9 62 36 11 40 52 25 86 80 47 75 0 19 97 62 23 41 92 55 60
49 79 33 84 56 31 66 60 76 38 69 42 39 70 59 56 23 7 100 81 15 73 94 10 93 0 18 20 2 68 44 99 99 40 75 69 50 55 51 96 39 93 11 49 22 30 74 51 93 75 84 98 19 49 44 3 4 49 91 3 85 54 9 90 0 8 6 58 65 18 60 11 57 16 27 2 63 16 23 83 90 66 61 42 21 33 15 64 75 24 74 18 39 80 47 28 91 42 63 56 94 1 63 31 38 15 57 17 11 16 90 72 79 1 65 38 54 0 39 54 35 91 36 65 41 44 42 35
71 19 62 36 2 81 30 49 12 0 5 38 96 38 61 30 58 71 23 27 15 2 48 88 37 44 75 44 36 36 61 86 18 68 46 63 59 30 85 67 97 10 80 23 0 36 34 31 75 57 79 86 81 14 35 20 46 91 59 6 55 65 88 72 64 80 59 90 44 68 5 91 4 77 87 24 98 35 0 27 20 40 64 63 24 7 46 62 13 44 84 26 15 8 87 26 71 72 0 3 94 91 1 92 25 98 3 49 93 7 93 2 61 5 48 63 92 2 13 97 85 34 95 83 53 79 0 75
44 66 74 46 52 73 9 14 32 34 87 88 56 55 51 36 11 29 4 61 46 88 64 27 72 14 23 60 38 81 48 55 63 43 26 10 52 32 89 52 11 74 72 54 38 31 90 17 45 64 24 53 100 47 48 99 100 13 5 26 92 2 88 25 29 59 72 14 45 54 7 11 92 75 21 89 67 45 46 28 11 77 4 39 50 94 60 37 84 3 64 59 55 14 8 4 30 61 2 88 28 17 32 100 62 22 96 83 63 34 56 62 65 45 95 14 46 36 10 9 83 40 81 88 87 98 97 10
41 66 1 94 46 48 67 73 58 1 66 28 41 52 93 79 93 43 80 55 40 53 48 31 80 59 69 55 87 68 27 22 60 46 91 10 61 34 3 72 32 68 58 46 21 32 17 38 57 54 49 83 82 12 7 54 74 56 63 43 7 16 94 45 71 1 21 38 30 9 50 55 97 80 69 54 35 20 4 88 70 1 48 82 34 85 76 44 33 98 41 72 63 65 96 29 41 73 40 62 21 93 68 53 82 93 45 41 3 26 75 45 82 13 4 36 21 33 7 34 54 29 37 52 93 9 36 90
15 55 81 20 28 3 64 48 63 79 34 13 75 43 64 57 70 63 72 91 9 79 66 33 96 32 50 78 85 75 77 24 9 68 14 52 64 89 10 77 17 45 67 13 7 81 78 57 6 12 55 15 41 66 20 83 0 38 72 79 61 92 65 19 67 63 21 83 88 99 66 96 29 8 47 76 6 75 73 100 27 45 12 40 42 100 15 97 3 91 23 35 80 26 88 58 14 1 44 65 68 13 53 34 4 5 2 99 70 34 59 91 81 14 44 31 53 94 82 49 95 64 59 67 41 23 64 91
22 88 44 81 58 76 64 41 33 19 75 6 66 71 31 31 5 21 56 84 25 12 11 19 61 29 62 5 10 36 97 58 15 76 99 1 67 5 70 90 57 14 7 32 10 98 86 58 99 53 35 74 12 35 45 72 94 51 70 13 2 1 68 29 98 70 33 83 7 67 42 4 22 87 43 99 79 10 36 26 39 71 20 62 59 71 51 75 96 60 48 19 88 45 16 13 62 64 62 6 78 76 56 82 66 18 8 75 50 9 44 23 65 61 31 40 50 29 83 44 61 48 44 62 100 90 69 84
15 34 0 67 88 88 37 40 23 22 83 2 50 24 82 65 78 4 99 74 94 22 7 91 93 52 76 96 57 92 50 20 11 81 86 96 12 4 21 47 73 48 56 2 6 92 46 9 70 47 28 54 25 6 98 4 14 24 3 20 19 88 79 58 5 50 94 70 64 20 21 95 97 49 63 41 48 67 71 36 42 9 18 80 26 21 32 98 30 15 42 91 61 0 7 51 57 6 44 97 55 91 12 39 46 49 77 88 96 17 23 29 71 8 21 78 43 86 35 21 74 22 49 39 45 85 51 15
9 54 94 33 72 66 60 90 92 28 49 21 4 22 64 0 14 83 59 52 67 78 9 78 37 76 26 42 47 37 97 83 92 3 12 30 25 61 89 71 77 78 73 1 47 49 22 47 88 93 4 82 54 69 18 0 30 95 25 81 48 75 91 66 93 63 33 70 58 44 74 90 20 78 89 61 22 1 12 46 84 28 33 2 54 85 99 32 41 45 1 30 7 50 87 10 60 30 31 100 6 35 28 85 97 10 87 47 11 90 50 93 62 89 97 43 59 85 39 80 72 34 74 17 7 95 28 46
73 15 85 56 53 24 53 37 91 55 83 94 90 26 87 65 16 41 27 79 95 96 78 80 39 46 29 71 77 4 94 98 1 70 36 85 24 57 17 76 64 25 23 11 38 8 11 5 9 44 87 67 58 100 79 92 41 68 73 45 84 88 14 97 44 0 26 88 63 15 31 70 36 92 27 6 33 8 61 28 85 56 23 9 36 20 72 70 36 68 84 29 14 46 49 10 85 28 5 58 57 35 79 80 100 34 63 12 60 72 44 37 22 38 15 92 35 12 11 78 43 66 14 100 50 62 39 21
25 76 76 53 95 43 52 71 28 25 64 92 26 56 93 45 56 79 25 13 92 60 78 35 96 10 35 94 93 81 40 76 37 81 77 16 1 97 42 80 48 5 67 6 86 49 6 69 76 46 68 100 28 46 13 29 82 88 23 23 58 34 46 17 28 86 46 35 66 21 59 41 25 85 35 75 15 64 86 52 67 87 31 69 24 23 71 59 95 79 22 9 58 54 61 2 58 51 77 86 61 10 84 41 35 81 69 15 7 71 25 2 84 66 2 11 62 30 50 51 88 4 51 60 11 70 6 84
63 100 59 42 5 85 77 27 33 71 60 12 14 40 59 26 35 44 12 67 57 71 85 1 24 19 17 33 71 19 70 23 36 8 49 8 97 20 22 74 47 20 5 81 72 72 3 1 12 64 99 4 33 40 94 56 6 32 82 8 86 50 76 63 20 73 51 53 18 40 23 12 2 59 33 71 15 12 24 55 14 13 36 33 8 50 38 55 61 1 85 49 18 98 95 32 12 66 5 57 39 26 71 46 36 65 54 48 71 73 51 51 92 86 99 60 97 95 39 79 75 3 69 66 53 22 51 42
89 37 5 0 72 80 35 30 78 29 51 40 68 67 1 35 85 96 19 98 85 23 88 23 87 60 92 78 98 60 98 14 9 28 38 72 47 24 16 99 50 63 7 0 66 43 7 28 14 86 74 65 97 81 64 49 58 13 65 34 78 53 18 72 64 11 40 36 9 22 63 68 74 19 64 99 3 11 87 88 100 88 42 97 29 89 48 22 6 66 55 72 20 8 70 57 83 99 52 63 36 76 86 76 88 88 41 60 93 59 21 40 61 50 83 10 39 68 57 94 9 84 6 6 0 29 52 16
41 79 54 22 14 38 55 67 44 39 13 4 100 62 44 79 20 5 21 97 71 91 57 77 52 51 0 43 42 41 46 37 65 87 93 62 28 35 47 87 46 78 95 0 37 18 96 75 49 84 88 79 74 83 5 25 94 12 25 31 14 91 18 61 5 44 0 89 12 8 61 42 2 8 41 15 88 85 27 50 48 26 32 45 53 20 43 41 88 97 90 7 16 11 18 81 68 26 65 4 22 63 22 88 55 5 19 41 23 52 79 96 42 46 59 51 79 73 3 91 59 32 82 12 94 19 88 41
50 95 56 5 22 35 30 63 82 81 39 97 31 5 56 52 76 91 2 80 30 11 81 8 24 43 0 94 73 82 93 64 74 100 43 37 100 36 6 96 14 66 21 37 35 53 93 4 83 85 15 52 98 63 49 82 78 40 99 19 60 87 89 70 13 8 0 18 31 45 7 26 68 4 6 24 55 33 14 0 32 69 18 58 85 25 35 17 79 89 1 10 93 69 91 95 58 76 36 81 41 15 64 88 8 95 20 86 95 68 79 21 14 95 41 71 37 36 10 64 9 69 40 14 25 91 5 44
40 32 40 11 38 57 12 53 6 99 55 4 36 84 19 81 93 9 100 84 3 64 3 44 5 19 16 0 33 37 96 59 61 49 20 85 17 4 61 93 24 44 71 45 29 84 71 30 4 64 5 55 23 13 71 38 14 72 28 65 74 24 45 63 45 69 72 22 9 64 12 9 93 23 79 98 18 56 31 64 100 17 28 90 47 2 78 23 100 29 49 90 17 67 92 55 63 95 17 12 56 69 17 44 20 49 79 13 35 30 62 6 80 18 4 51 82 76 76 53 36 76 76 0 24 59 56 82
53 45 54 23 35 52 22 23 57 42 11 92 54 2 36 92 21 28 31 47 39 54 63 27 20 27 28 97 51 71 3 87 4 53 43 76 79 5 84 54 25 83 2 34 92 82 22 85 61 16 60 45 41 28 31 45 70 15 49 70 23 30 8 41 76 13 95 49 41 68 99 52 6 79 45 2 30 27 12 39 98 98 28 30 91 86 99 2 40 41 20 61 54 64 83 52 8 43 6 2 58 49 81 86 59 45 17 59 79 84 54 65 57 74 78 23 35 12 32 43 92 33 19 77 97 7 100 49
76 31 94 34 92 14 16 85 61 94 69 32 66 36 60 55 42 90 73 42 36 97 23 96 82 43 22 37 24 10 59 85 24 60 37 92 32 63 60 74 13 34 38 38 6 64 59 97 11 83 27 59 53 45 12 54 6 4 75 28 92 23 11 14 55 20 90 20 18 9 81 27 41 54 42 22 55 50 16 37 6 90 41 98 5 90 75 78 57 37 89 41 98 71 51 22 62 33 71 92 15 21 54 15 87 45 64 64 79 80 5 74 13 47 90 93 22 52 86 46 34 48 91 17 74 0 5 54
72 25 84 40 41 62 58 83 60 67 48 61 8 76 37 26 66 41 57 29 19 97 12 52 49 37 78 90 56 63 30 71 84 83 90 45 58 53 58 41 88 99 51 11 46 46 51 30 27 88 84 69 49 61 18 25 73 37 87 88 92 28 30 7 7 92 67 18 76 10 97 94 91 29 47 83 18 34 94 25 33 35 66 58 69 97 97 95 36 97 28 36 31 100 14 18 61 22 63 47 80 39 99 51 16 57 76 68 15 26 91 87 22 91 61 97 12 41 17 1 61 23 16 63 20 2 26 92
39 70 32 30 11 55 50 35 72 8 18 65 82 47 39 84 27 2 45 80 93 64 61 42 92 41 89 57 39 27 52 51 45 32 67 7 44 76 62 43 49 95 87 52 87 87 63 94 51 34 88 73 22 18 83 75 67 70 80 1 10 91 23 35 56 50 14 19 100 8 76 38 36 48 61 41 17 83 90 98 70 25 29 19 49 67 77 23 88 53 6 34 29 16 59 52 9 49 77 90 70 91 14 61 75 3 20 31 13 65 82 0 93 52 53 59 67 4 18 23 63 21 88 38 83 56 28 82
76 44 18 42 76 11 43 72 89 61 51 78 66 58 36 6 8 34 95 2 40 65 4 25 49 47 81 100 33 80 26 62 36 83 3 62 30 81 46 41 59 51 8 22 52 7 25 10 23 73 68 53 13 53 66 73 65 52 25 24 22 99 2 77 18 73 81 71 73 37 82 80 84 19 30 77 98 3 81 84 92 41 75 89 60 26 81 4 5 5 98 94 70 52 72 67 39 29 33 83 77 51 9 10 100 56 1 93 80 92 50 1 33 6 91 85 47 74 97 0 24 28 41 14 97 35 35 48
2 32 77 20 91 89 37 12 97 65 6 65 60 48 29 11 9 61 66 99 78 4 85 81 60 72 0 96 40 87 94 41 6 68 86 31 89 39 76 81 70 43 95 44 90 7 67 31 84 97 43 34 86 74 30 89 50 26 17 64 30 23 35 15 36 92 33 63 90 49 75 14 47 81 99 15 67 29 45 90 17 17 50 95 66 44 36 55 62 39 8 69 84 88 45 81 70 24 33 21 81 65 64 99 97 63 7 28 20 2 69 38 42 24 15 81 64 24 45 77 83 56 47 63 69 23 58 86
63 18 87 75 47 32 49 38 81 54 86 53 66 35 92 63 65 15 88 21 64 38 53 89 56 89 1 100 53 57 0 2 27 85 7 35 2 4 77 24 50 26 51 86 48 78 22 2 23 45 72 4 72 80 75 0 37 58 26 10 45 6 45 12 37 55 9 40 31 89 55 18 17 64 28 22 39 95 33 74 69 4 23 9 95 51 63 40 38 98 93 33 94 4 49 23 70 7 75 60 28 93 41 65 5 49 98 74 18 79 15 94 72 71 36 82 17 31 9 91 91 41 69 46 53 67 1 75
84 24 22 3 44 62 51 66 13 58 15 49 62 1 67 45 84 29 98 64 75 93 76 28 58 61 62 28 31 53 6 78 49 21 55 8 40 48 37 34 84 64 65 55 93 49 98 79 87 31 44 7 85 9 4 31 39 68 56 93 32 77 53 84 25 29 34 100 44 82 93 92 23 27 54 89 11 91 36 82 35 40 37 46 50 90 15 15 52 49 8 4 30 96 31 81 54 22 44 0 5 93 16 70 26 18 28 80 4 33 78 59 57 69 84 5 46 86 62 9 8 73 71 77 62 87 3 16
64 3 75 17 36 78 39 88 50 98 72 1 48 41 10 70 36 67 8 17 52 78 70 57 35 9 5 87 43 79 83 24 32 57 59 33 4 21 82 8 59 31 95 88 14 45 78 58 98 11 96 0 32 25 31 91 90 33 59 96 22 62 10 70 49 30 44 46 84 48 3 97 90 55 63 57 8 8 54 61 68 76 97 7 55 23 47 0 84 47 0 100 43 50 55 31 10 26 0 83 91 74 87 25 80 48 98 74 15 26 87 9 74 64 31 80 68 5 68 12 69 99 48 9 11 96 28 9
12 77 70 28 43 21 73 80 60 88 32 55 63 41 54 20 17 61 14 66 45 69 38 18 37 7 55 27 87 23 86 64 39 29 53 91 7 60 3 54 36 43 86 41 6 60 94 62 18 84 32 11 90 22 15 17 9 51 60 28 55 5 1 78 57 58 3 49 96 16 81 68 0 91 93 13 98 26 36 96 6 81 90 50 64 28 19 22 72 35 59 28 6 4 70 92 27 47 28 44 93 8 35 77 69 58 70 49 90 49 89 12 38 27 79 96 27 55 20 60 2 83 9 93 68 50 15 57
69 62 57 10 29 16 40 10 83 65 59 9 54 30 47 16 77 73 92 69 93 25 5 12 50 14 53 73 55 11 57 90 33 33 51 52 83 9 69 64 37 57 26 15 47 79 90 36 49 82 81 29 14 87 64 53 65 39 5 6 56 16 83 24 95 93 91 67 24 9 1 49 27 67 37 78 95 55 83 81 40 3 71 40 9 35 31 82 76 40 67 47 39 87 46 86 55 86 22 40 65 48 38 8 8 76 63 50 26 7 84 99 65 53 76 70 42 58 52 32 69 78 97 32 22 91 7 70
33 76 26 54 14 86 99 12 97 59 57 75 26 64 23 33 10 96 70 92 98 71 23 40 97 9 81 5 57 91 30 76 2 17 11 73 65 31 56 21 75 34 34 9 39 88 35 65 85 83 75 25 24 3 4 13 29 100 53 79 52 87 18 38 100 93 88 3 92 91 61 38 93 6 81 58 81 56 46 70 38 38 82 5 77 80 63 3 71 77 88 54 11 2 45 22 34 48 11 3 17 5 67 81 20 33 64 40 88 67 54 2 63 55 38 63 74 16 61 8 81 54 70 11 72 70 89 17
64 29 30 24 52 70 8 22 73 18 56 66 56 4 4 0 59 20 34 28 3 8 74 40 26 24 75 92 27 4 29 84 55 19 80 45 34 61 55 9 87 11 7 19 90 27 50 71 46 63 42 15 9 8 17 32 80 52 59 19 47 36 82 5 98 30 32 34 11 44 10 56 26 21 38 79 11 54 35 5 77 62 5 68 84 20 39 38 41 41 58 7 21 85 56 33 94 43 75 35 94 71 20 76 93 33 20 16 47 38 44 73 29 0 36 42 84 55 86 70 68 64 33 47 29 21 57 22
68 98 38 20 74 5 2 91 76 82 65 21 64 4 74 45 66 31 97 56 15 72 37 0 48 73 52 40 100 49 77 1 53 97 14 26 92 82 37 19 19 93 78 51 57 8 15 29 73 40 27 82 7 38 9 33 58 1 57 14 0 30 28 77 61 57 1 94 63 66 25 26 66 75 53 69 28 91 52 0 34 59 88 95 93 85 4 1 7 48 29 90 11 72 0 83 6 17 63 96 83 63 38 1 8 50 22 36 67 58 58 11 12 44 49 68 32 42 77 9 7 44 12 88 2 88 91 76
32 14 16 29 2 10 25 56 88 42 94 99 64 87 36 67 75 5 63 97 65 72 95 95 88 51 28 93 25 53 60 20 98 22 40 25 8 83 29 17 32 21 34 53 28 21 42 70 54 63 38 96 18 78 84 37 63 0 90 23 70 96 62 3 40 67 70 69 71 34 78 77 14 85 5 85 69 0 30 9 16 92 52 90 20 88 21 86 91 93 67 23 41 25 67 72 88 51 87 59 97 7 92 64 9 62 26 77 76 4 95 81 72 25 82 53 2 33 96 3 81 47 14 27 72 95 88 44
17 8 92 50 27 100 68 83 73 41 38 95 72 97 1 43 89 83 39 2 98 45 0 26 18 70 35 47 79 24 67 6 67 27 64 31 68 97 44 63 22 8 37 71 62 95 38 55 53 86 6 75 48 10 69 37 16 14 86 70 93 70 73 82 55 96 24 88 17 0 36 53 69 22 43 36 80 0 68 35 56 66 56 54 85 44 11 99 41 86 92 70 37 81 46 84 22 26 32 7 50 20 28 15 20 45 71 25 49 80 56 8 40 33 85 53 100 92 20 56 2 71 13 2 100 1 66 5
18 32 92 88 18 99 4 36 70 43 33 4 53 14 7 5 34 58 32 18 83 5 18 66 88 89 75 47 38 3 62 7 35 53 99 66 8 62 55 75 51 98 76 69 32 36 47 16 2 91 68 9 51 98 67 40 86 25 15 59 64 15 41 94 57 55 52 46 21 69 72 18 83 7 95 79 65 33 30 39 38 61 78 72 16 54 21 3 62 16 43 80 100 60 71 85 95 90 16 19 3 92 40 52 47 80 34 64 16 95 11 100 88 40 78 57 7 100 49 1 53 61 67 83 48 53 69 29
97 64 10 42 36 25 27 24 54 24 38 15 30 6 1 10 53 53 55 36 88 94 56 29 13 12 75 75 97 7 80 63 44 59 80 10 6 58 98 5 42 37 54 93 81 85 84 66 39 98 87 52 78 97 14 3 17 92 81 78 11 70 41 44 29 97 29 27 81 78 25 35 29 9 56 33 54 49 60 44 95 31 2 38 68 15 28 25 7 54 23 90 84 22 52 71 47 54 42 26 75 35 98 61 4 45 16 3 78 80 38 75 76 66 31 77 22 78 66 49 33 8 39 24 81 92 100 78
32 72 88 98 42 43 18 72 35 82 58 55 100 42 100 50 33 46 60 84 28 54 68 13 77 56 4 75 8 50 5 43 52 20 22 99 52 100 39 53 6 2 8 87 84 27 72 67 21 55 39 74 88 46 55 47 28 52 29 45 8 95 8 73 72 11 6 30 17 84 46 100 24 50 47 78 58 63 3 11 34 1 75 16 92 77 8 62 77 78 26 40 45 14 43 6 8 32 13 73 88 0 90 93 42 50 60 100 10 5 90 10 95 13 24 74 75 32 83 21 99 12 87 32 86 76 60 52
98 77 62 80 49 72 54 93 78 25 65 26 3 72 67 59 1 70 80 20 41 23 27 75 53 46 98 77 98 88 0 56 76 93 69 65 92 45 80 63 74 39 95 57 39 78 45 10 31 7 34 21 90 72 10 58 33 87 46 71 54 89 76 26 38 64 93 24 90 75 96 53 94 27 27 41 8 58 88 47 35 4 17 59 56 15 8 20 10 79 48 38 14 49 85 94 26 95 26 5 41 92 56 67 6 70 8 45 85 28 66 45 86 63 26 80 30 68 6 63 19 20 8 13 75 26 20 95
43 60 94 82 90 6 70 30 74 44 14 21 81 45 9 83 20 11 59 58 34 9 29 67 2 20 39 18 5 36 47 21 5 40 81 47 44 47 94 6 83 51 10 58 42 97 85 87 1 98 100 9 55 14 47 97 12 87 2 49 83 74 83 31 26 21 44 41 6 23 11 53 64 22 87 91 68 13 89 78 40 8 19 66 84 89 46 26 49 89 80 44 78 23 69 56 55 12 54 64 65 47 62 49 4 76 51 63 38 71 13 91 2 42 87 57 78 11 75 45 2 84 3 1 40 11 50 34
28 49 15 89 73 98 36 100 25 43 32 55 74 60 56 95 46 45 96 84 60 6 26 13 71 57 83 72 100 54 15 45 79 12 21 35 8 2 94 20 14 74 78 87 61 36 56 62 75 27 71 11 30 37 51 73 64 86 79 44 42 77 2 0 40 86 50 30 98 30 53 83 24 95 61 23 10 8 33 54 87 49 91 78 1 18 83 66 29 82 60 65 89 68 9 34 90 83 65 1 57 93 63 89 65 68 14 96 57 46 0 0 76 21 22 18 35 83 95 43 30 97 90 49 21 93 30 90
85 31 54 65 50 1 57 63 83 2 3 48 74 12 82 62 96 30 72 54 95 46 62 22 77 74 70 68 88 87 65 27 64 63 45 98 76 0 38 9 83 39 66 2 50 59 46 83 68 95 6 48 16 42 91 21 38 88 18 53 71 76 19 11 86 97 88 19 1 77 95 23 57 82 56 58 35 83 35 96 0 36 11 96 85 99 23 58 45 4 24 8 77 26 80 38 59 61 77 85 97 53 79 26 27 39 49 28 51 63 49 16 41 81 0 91 27 56 8 10 81 95 20 52 27 78 16 11
40 39 14 12 2 29 7 32 68 49 25 20 4 43 58 55 34 11 97 48 21 12 13 15 81 63 87 51 95 92 85 1 62 24 82 6 8 5 67 62 99 70 44 22 28 20 64 84 64 88 46 79 76 56 60 5 99 6 74 91 79 50 96 41 99 27 38 2 37 39 72 97 30 30 63 90 39 7 33 96 90 8 20 8 63 89 91 93 45 45 30 79 98 8 84 43 19 98 44 5 58 1 26 72 12 11 80 12 69 47 6 72 28 43 59 98 33 31 36 46 23 84 75 70 71 31 43 91
52 61 36 31 15 62 4 80 1 85 91 83 58 87 76 58 11 51 2 96 67 56 89 48 74 57 15 3 72 9 25 8 0 72 89 93 19 4 2 51 63 84 100 74 93 11 80 33 43 22 59 59 13 10 13 92 47 60 3 86 91 97 7 78 70 18 10 62 49 74 11 36 27 30 82 49 31 11 28 60 73 73 1 85 6 88 56 43 22 27 4 61 71 70 56 7 15 32 78 47 85 43 94 5 11 30 95 25 72 91 84 34 98 40 30 25 29 22 40 45 85 76 76 21 91 96 63 99
64 30 76 72 56 98 77 11 69 20 75 59 12 23 61 37 82 26 22 31 18 12 34 4 77 91 19 71 79 20 73 37 25 20 43 5 13 93 54 42 30 56 58 53 25 18 59 65 41 69 67 100 55 91 96 58 22 69 51 68 91 81 81 62 11 40 92 67 21 27 68 64 4 81 72 59 12 20 51 86 41 69 72 89 66 52 15 37 81 81 2 84 98 28 99 73 44 63 98 73 73 66 5 56 13 66 97 58 15 64 86 42 62 9 55 72 69 40 62 32 37 53 75 4 18 1 12 93
70 97 64 63 53 4 68 42 42 7 62 78 77 59 100 54 39 28 18 17 68 82 69 13 99 35 30 87 61 92 82 35 100 56 53 68 2 85 54 4 67 19 72 55 72 62 35 95 81 23 64 88 93 16 22 3 25 25 32 94 32 14 67 54 16 96 100 53 22 91 64 62 61 86 41 94 16 49 98 32 89 33 31 82 50 13 53 99 60 36 89 39 3 77 20 6 15 76 84 82 43 51 94 41 3 81 58 8 28 36 22 85 50 60 8 10 24 3 28 36 100 98 8 53 35 89 86 60
10 92 21 34 40 32 2 67 48 5 88 96 31 41 85 0 40 98 25 76 88 78 21 20 0 65 69 60 24 91 48 43 61 75 53 69 81 1 31 80 50 63 3 20 94 85 44 85 64 68 32 77 60 62 76 84 12 55 93 67 19 5 36 16 17 52 39 58 13 11 56 83 23 58 96 100 24 73 2 62 2 100 17 5 75 90 16 85 30 95 95 77 12 4 5 10 46 79 67 30 24 94 39 39 90 92 72 71 50 53 74 6 35 73 81 77 70 60 87 1 63 31 17 34 37 83 0 20
27 58 16 7 35 64 28 69 91 10 33 56 10 40 9 10 1 52 48 67 12 12 31 58 54 90 65 34 52 38 76 75 87 39 83 86 3 48 38 26 25 31 48 33 35 66 24 62 32 7 68 51 11 33 8 56 65 53 54 35 85 81 88 49 87 5 88 68 62 12 7 86 13 81 29 20 43 88 75 48 93 29 93 7 35 40 49 100 56 22 1 91 66 74 12 26 54 69 78 66 61 15 32 32 30 2 72 60 53 54 25 80 99 68 0 95 53 63 6 91 14 5 97 97 26 50 5 73
1 86 13 84 17 66 84 62 84 25 77 43 78 67 12 33 97 89 70 22 12 10 22 92 6 52 8 46 78 86 84 20 86 50 10 9 33 33 66 61 35 22 54 11 9 1 96 48 35 32 97 38 69 87 84 17 39 82 8 7 98 90 86 31 26 78 11 14 20 4 56 82 9 73 41 22 81 83 65 49 92 47 64 67 90 41 97 28 91 88 31 82 96 5 18 45 21 92 70 72 94 47 17 79 28 40 90 100 77 22 9 80 83 32 55 31 13 60 52 96 7 72 53 33 10 74 12 29
74 6 96 39 6 63 65 30 7 21 79 44 73 89 9 2 76 17 16 100 43 91 3 90 72 59 71 46 98 2 71 20 29 45 21 34 17 82 72 93 86 22 35 27 41 24 52 6 15 52 95 8 99 46 74 79 3 32 30 84 10 62 60 96 30 54 91 32 3 68 85 37 38 24 92 17 59 28 69 45 74 70 68 16 68 41 73 49 35 89 26 75 68 28 15 78 56 82 4 32 38 12 26 52 28 81 34 51 15 0 2 93 31 88 74 24 21 1 15 7 50 83 21 5 92 76 36 62
8 64 53 47 6 65 34 69 43 39 68 68 87 9 96 85 40 53 66 72 54 47 39 66 97 84 24 59 55 20 91 76 76 61 66 48 31 87 52 39 67 35 36 68 10 14 4 15 76 26 76 31 22 47 0 6 30 97 70 7 5 89 42 4 82 9 2 46 67 8 58 18 71 28 51 19 60 92 67 89 23 72 58 33 17 4 68 72 68 23 44 16 66 59 16 33 52 90 4 56 58 43 80 55 8 21 50 99 23 71 100 23 8 57 83 36 94 64 54 62 33 85 85 98 67 26 95 73
22 42 95 67 51 74 18 89 27 23 97 74 10 85 19 14 56 23 78 19 66 72 17 86 15 64 64 74 8 53 17 89 2 70 51 61 93 21 79 61 86 14 42 56 98 52 16 73 8 33 42 95 27 89 1 98 55 64 0 26 4 35 4 84 47 45 6 65 16 97 92 94 52 10 92 71 68 48 92 66 28 57 24 66 78 98 79 80 6 84 2 61 64 51 58 22 16 81 71 30 17 27 61 84 78 43 70 78 60 6 83 0 97 64 93 80 35 24 29 8 29 23 97 9 85 30 48 67
45 34 46 69 48 68 13 27 52 13 26 24 9 40 14 69 62 62 36 87 51 59 89 42 19 66 54 67 16 42 85 99 31 8 22 85 37 92 5 3 27 34 35 45 96 100 4 40 19 31 8 99 48 83 36 16 42 16 42 16 47 24 30 5 35 54 68 2 90 90 89 13 28 63 1 97 83 69 99 12 73 81 48 54 32 35 52 33 70 93 39 26 74 47 72 0 0 72 76 79 19 91 48 43 4 76 99 98 4 19 23 51 91 29 49 41 20 49 42 89 16 38 100 13 45 78 36 100
82 38 61 93 25 20 89 56 25 54 47 13 38 54 74 10 89 8 14 40 79 30 36 60 44 16 24 58 15 73 21 60 24 44 88 4 97 49 28 40 81 47 50 72 56 79 11 13 59 62 51 47 42 3 21 73 9 67 15 34 68 19 12 90 62 17 77 4 31 46 44 45 40 77 77 29 32 66 66 53 33 24 86 53 45 64 48 15 38 100 60 26 59 23 85 40 94 24 8 58 19 81 54 84 41 97 70 98 65 40 84 42 29 71 56 39 67 39 33 5 8 95 9 76 89 17 41 41
5 60 42 3 73 11 90 52 95 18 63 20 16 36 48 25 57 9 49 92 23 80 9 73 37 71 15 70 27 28 52 49 78 76 0 59 79 76 33 8 37 89 22 84 63 28 73 33 48 79 27 3 68 0 0 94 56 87 88 48 77 75 96 79 9 37 32 3 39 39 45 85 54 8 70 34 48 43 69 73 6 91 22 62 79 81 48 38 80 15 29 83 71 8 23 40 50 15 100 71 73 17 60 9 21 65 28 3 24 7 59 57 82 36 91 45 19 81 91 69 18 22 73 88 29 52 67 91
89 75 65 49 24 79 74 4 16 43 13 35 38 11 21 100 73 81 72 20 45 57 28 96 14 11 0 53 76 96 7 38 53 32 83 0 45 29 93 55 47 42 45 94 16 12 91 22 43 83 100 82 65 82 80 63 97 74 36 91 68 48 75 81 86 37 29 45 77 76 11 27 54 43 12 34 10 10 83 57 73 35 60 8 38 73 21 78 83 8 19 28 72 33 50 63 16 99 75 33 74 71 55 19 21 55 88 90 16 8 73 94 20 3 61 45 55 59 82 34 48 72 50 46 46 74 70 16
30 29 93 53 100 35 80 25 78 97 61 18 92 37 7 57 87 76 85 3 34 13 54 29 26 78 7 6 95 23 17 35 33 35 74 54 88 30 69 75 87 69 56 6 6 38 100 97 93 84 86 69 96 32 32 98 47 54 61 83 0 84 67 39 61 95 47 76 49 8 61 45 36 63 67 64 62 68 48 72 21 0 3 77 42 79 64 57 15 73 34 18 71 76 35 13 29 7 4 27 7 79 70 46 22 48 80 63 74 32 55 51 73 9 92 96 33 77 95 39 20 87 34 52 47 92 28 58
12 38 33 1 50 11 31 22 59 73 7 17 60 19 60 35 93 18 91 31 56 56 93 9 47 67 3 70 3 0 58 23 57 36 22 39 42 6 53 17 81 9 20 41 59 74 3 34 3 39 78 18 92 58 0 89 93 37 72 61 42 29 81 44 51 72 1 36 14 55 84 90 40 44 14 61 83 86 78 97 45 81 12 66 45 62 32 80 19 93 25 0 5 12 57 74 44 84 58 93 20 97 80 100 70 75 40 92 70 54 37 27 54 19 75 9 37 34 37 53 40 35 41 66 28 40 49 41
37 86 90 69 3 13 42 4 99 29 16 1 40 55 35 62 16 32 2 3 27 94 30 69 9 32 82 81 96 71 78 71 74 11 35 63 65 79 1 94 2 13 53 19 48 94 82 56 99 45 99 39 66 5 34 73 14 63 45 63 47 52 88 73 54 14 30 50 98 10 74 4 42 55 5 92 4 22 92 2 38 55 21 40 7 95 84 73 4 75 48 93 54 35 5 84 55 79 25 81 5 47 46 72 35 74 36 29 66 45 28 29 95 56 57 22 54 43 40 40 53 5 62 95 71 28 0 10
15 21 49 8 9 65 83 23 16 14 31 74 52 24 35 53 85 7 7 19 31 85 68 23 93 51 46 34 36 85 41 72 11 95 96 73 43 6 0 87 64 75 5 31 41 31 91 59 12 9 50 20 91 11 90 5 82 89 39 91 100 85 55 94 76 51 15 49 0 64 36 27 48 58 15 76 89 4 56 94 22 51 26 29 77 10 76 28 45 47 79 53 77 97 87 41 2 54 36 87 75 0 11 43 47 25 42 2 87 61 49 14 0 100 95 6 17 50 30 77 11 76 12 55 67 60 86 44
61 63 99 79 50 24 16 48 80 3 31 73 49 32 5 99 12 1 75 66 25 90 61 69 57 20 34 2 17 45 98 83 33 45 59 20 9 74 10 20 48 28 83 47 42 57 98 29 91 78 4 19 8 47 38 42 18 60 51 29 61 11 20 42 90 62 66 96 47 82 91 2 92 74 99 39 2 79 83 77 7 10 6 45 32 15 69 10 42 93 4 92 99 63 92 15 24 6 45 64 75 90 8 60 14 85 32 69 35 19 34 100 16 21 71 71 56 6 65 53 31 77 24 26 17 43 41 88
23 57 17 29 49 3 42 73 94 28 47 56 99 93 8 63 4 1 21 11 87 16 89 95 32 56 70 61 66 26 14 2 1 45 94 45 86 69 31 6 66 16 0 50 36 65 89 46 76 38 89 89 8 37 67 68 92 9 0 74 82 14 57 62 68 39 40 9 25 57 34 49 26 81 1 10 97 23 33 7 22 27 41 7 62 74 70 28 49 45 6 40 50 62 32 84 88 77 17 54 97 95 96 7 25 48 1 77 67 51 69 97 87 49 18 43 67 31 0 80 23 24 62 75 22 12 45 34
11 17 57 95 24 79 21 56 33 45 52 59 23 79 57 58 44 60 52 94 93 3 90 23 52 28 47 46 20 53 50 7 4 65 76 3 25 68 70 45 90 20 36 26 70 54 34 92 77 48 35 0 41 75 10 12 79 21 17 20 43 21 79 11 74 21 65 88 3 89 22 75 53 9 60 74 87 68 23 27 74 71 97 37 42 20 23 76 33 59 45 29 14 63 81 75 17 42 53 76 87 58 92 81 41 51 47 86 3 48 61 90 50 98 2 2 98 81 32 100 88 20 75 79 82 72 15 27
92 51 33 17 88 43 88 94 69 98 11 20 17 38 21 22 60 93 26 12 98 71 63 49 77 57 18 80 78 86 21 95 53 97 74 26 96 82 82 37 42 96 48 84 95 38 28 21 27 71 39 1 62 72 64 24 93 31 64 88 70 59 43 71 90 62 23 66 73 1 60 43 18 18 74 60 98 73 94 36 41 58 14 77 16 81 95 8 39 4 55 26 5 94 2 6 58 83 68 16 91 100 81 63 57 99 26 60 13 82 74 9 66 68 43 26 55 39 94 90 7 17 56 21 48 81 84 68
12 29 8 5 2 56 84 96 63 52 2 4 52 75 61 56 83 76 98 52 43 68 75 48 59 12 81 25 38 68 10 89 39 86 66 69 85 42 73 24 97 33 28 82 78 72 24 76 46 38 77 36 76 5 11 6 42 23 80 41 9 100 23 85 47 56 5 6 58 23 49 87 41 48 38 5 1 13 43 4 73 84 64 15 71 81 27 82 50 2 52 12 79 92 26 97 34 83 16 85 35 64 47 95 96 68 6 25 83 81 32 74 79 14 2 60 19 65 61 7 42 50 54 76 68 1 98 28
70 50 47 22 16 21 60 60 96 60 36 94 94 29 65 67 10 46 46 5 38 88 28 83 68 16 98 43 13 5 62 17 34 95 64 45 83 80 67 26 35 26 59 84 15 24 68 50 1 51 57 74 47 34 98 60 63 32 46 54 44 42 6 67 21 44 64 55 28 6 51 77 39 27 52 78 74 94 66 78 48 86 95 83 46 35 57 59 82 55 32 53 7 49 83 32 43 60 80 78 69 5 13 19 3 4 54 59 36 18 27 26 10 44 1 95 52 5 57 93 60 1 99 68 93 50 19 16
34 35 3 47 84 6 80 77 28 93 78 76 41 31 86 72 68 68 87 99 68 85 30 78 55 36 82 86 76 92 93 16 13 72 96 11 25 10 76 17 42 41 94 86 9 31 8 39 69 14 77 32 80 83 100 92 11 7 99 93 33 62 1 7 91 77 65 36 79 5 24 67 90 37 48 95 97 98 91 49 37 45 88 34 18 92 71 87 75 46 47 42 65 98 40 82 88 35 82 94 43 71 75 21 14 22 17 79 38 23 11 11 57 47 41 36 78 48 22 12 62 69 19 30 93 7 70 23
74 37 1 61 67 24 91 71 67 42 30 73 12 81 11 9 35 29 67 83 76 22 28 26 44 53 49 18 35 44 56 3 88 84 95 25 74 80 5 68 39 6 15 69 11 11 26 40 30 94 5 99 97 20 27 21 92 78 80 11 92 94 40 84 0 11 41 35 38 60 64 98 64 43 73 51 4 35 15 3 28 16 80 44 74 82 22 100 28 38 34 5 32 58 40 68 35 93 9 63 88 79 5 65 7 71 85 2 81 63 45 49 50 28 57 18 60 100 47 31 80 63 98 25 99 75 26 29
24 61 30 39 55 80 27 9 83 11 54 60 82 63 66 80 42 43 41 88 3 55 50 32 31 61 8 11 48 28 15 88 28 9 16 4 22 50 89 82 3 90 21 95 69 80 41 64 65 26 40 22 81 79 30 54 86 50 64 74 36 82 11 62 57 79 47 67 49 12 68 40 47 25 7 9 31 62 76 55 91 29 81 31 22 6 88 62 91 41 27 46 12 88 0 70 45 51 36 71 25 36 59 4 68 31 67 41 56 32 94 76 16 76 36 72 80 72 80 22 34 73 51 9 84 83 93 75
45 39 58 76 74 56 45 43 50 60 23 27 94 29 48 79 31 14 70 84 7 11 4 14 41 68 10 62 66 39 45 76 99 80 63 14 15 45 91 75 70 53 8 25 4 33 48 39 10 76 57 5 89 3 96 22 78 45 38 78 31 93 35 43 18 16 79 20 13 90 43 100 71 47 24 59 22 90 15 55 72 86 26 46 77 76 83 8 56 74 82 80 73 95 20 73 97 24 3 47 13 55 36 59 20 82 50 81 34 24 64 16 73 59 40 68 81 27 92 71 32 97 61 46 37 46 38 5
47 56 19 43 94 28 59 79 68 21 45 99 12 49 100 82 16 32 94 68 33 44 51 17 26 57 2 19 76 46 1 12 44 3 31 63 87 70 46 43 24 58 25 14 59 96 86 56 31 41 64 61 28 98 22 27 55 58 60 15 30 97 31 35 66 35 92 28 69 84 38 27 76 54 0 34 43 40 27 67 20 57 64 31 61 36 87 88 57 0 61 14 92 57 13 32 19 24 44 21 57 69 63 82 84 0 86 17 45 56 78 59 58 60 89 56 48 99 51 85 96 78 82 72 13 7 31 76
23 88 70 10 13 9 46 52 55 16 77 62 92 58 77 11 48 78 99 92 60 9 2 16 58 87 51 11 50 13 92 53 60 35 36 87 6 88 26 76 96 31 30 3 1 70 41 70 3 44 56 35 5 6 23 76 30 62 40 89 55 58 19 26 20 48 87 13 32 70 52 56 70 70 45 79 91 24 81 41 17 90 41 45 89 78 57 61 61 60 86 48 70 2 81 24 20 93 35 54 56 12 50 73 72 27 8 73 52 46 37 29 21 71 81 45 50 66 24 68 87 69 35 85 39 24 80 92
75 94 4 38 99 72 16 4 83 42 12 20 25 39 51 11 71 17 91 50 82 53 98 59 92 59 23 31 20 11 11 74 47 75 62 45 94 8 43 26 21 26 38 2 10 87 17 46 50 8 34 97 66 34 61 92 3 3 32 78 8 72 26 57 11 71 32 20 48 19 30 12 57 99 79 99 42 93 100 86 71 96 25 14 45 86 88 88 67 100 59 26 74 58 13 9 78 97 83 51 42 4 36 15 18 64 88 89 1 64 98 33 56 97 49 97 20 78 44 23 37 95 95 32 64 81 96 17
42 54 12 68 67 59 47 57 30 40 5 54 25 38 82 58 54 69 60 69 52 89 34 39 24 17 42 95 57 3 80 78 74 68 16 8 95 66 88 53 38 27 79 22 51 51 6 63 0 78 91 65 7 60 49 56 64 71 16 58 20 90 87 33 71 89 17 3 66 51 8 53 67 89 25 85 95 16 96 10 44 90 55 66 27 57 91 91 30 6 81 27 48 33 61 16 69 98 75 61 34 65 23 53 73 41 85 83 29 80 71 58 60 19 10 51 69 96 15 0 78 22 2 39 31 6 36 47
62 68 27 81 25 34 89 48 85 65 21 41 29 47 49 28 88 36 57 37 91 82 40 68 26 44 75 67 14 57 44 1 78 67 50 17 24 3 97 26 81 77 15 63 18 93 56 90 84 95 98 31 59 51 26 78 41 25 20 23 89 98 79 26 24 89 2 49 15 12 76 9 17 64 61 75 14 4 4 100 83 56 26 11 24 48 54 100 24 75 39 59 94 35 68 43 67 50 2 98 42 64 43 28 93 83 33 9 43 47 93 54 95 96 87 81 54 46 86 32 98 23 28 96 63 89 70 86
