4 41 66 9 76 42 44 0 62 83 88 78 88 1 62 9 70 85 29 30 8 88 34 83 77 34 49 3 22 98 36 93 43 94 12 19 98 22 20 34 76 45 49 44 71 26 31 60 22 9 3 66 77 8 78 1 58 30 65 83 76 21 61 30 87 66 30 33 19 11 52 15 69 7 0 95 27 22 58 1 63 66 100 38 29 70 38 41 55 87 26 81 53 100 61 42 99 7 57 14 72 71 53 57 23 30 29 67 74 69 78 11 40 4 50 91 42 71 7 49 81 4 12 83 28 9 29 71
68 4 24 32 55 20 45 57 38 97 1 91 65 0 21 51 64 76 8 20 50 91 31 75 59 68 55 90 44 61 49 50 44 76 54 18 78 89 90 57 32 30 46 94 21 79 19 37 84 58 10 53 96 77 62 19 81 22 61 87 32 34 95 8 22 90 2 5 18 99 9 35 98 39 85 3 54 30 75 46 58 35 4 33 45 37 34 4 5 79 1 88 23 23 92 42 26 41 52 59 23 29 31 94 74 72 99 88 79 87 25 14 63 93 54 65 78 55 38 1 80 91 96 15 69 61 95 91
37 88 77 51 56 50 74 82 73 35 46 14 22 66 81 27 24 60 18 78 48 42 92 24 92 75 12 92 89 45 98 55 25 67 71 60 20 18 67 56 57 58 16 53 89 69 90 13 56 0 97 59 83 83 66 70 73 6 19 30 96 87 27 47 60 51 67 87 41 29 21 34 3 48 66 35 16 64 35 28 90 58 11 47 50 42 81 61 15 37 19 68 100 50 5 45 85 45 97 56 43 22 74 86 57 26 89 45 25 63 4 99 77 5 46 5 34 74 93 72 61 12 71 9 77 17 20 57
77 55 5 32 58 5 41 89 27 23 9 16 30 63 51 73 13 54 64 42 50 88 7 18 1 5 93 69 8 56 35 82 99 1 35 66 61 42 0 52 46 23 4 46 37 28 94 85 3 41 20 43 86 84 65 68 91 30 24 56 40 98 84 77 74 0 39 76 39 51 54 7 77 61 17 55 38 0 78 65 87 66 69 38 66 82 68 81 37 28 63 2 97 50 52 68 20 57 57 97 53 34 84 59 36 8 32 32 58 49 39 26 61 3 77 22 40 46 29 0 0 4 26 25 44 70 60 54
69 32 90 4 30 91 13 83 11 78 0 87 37 52 67 70 73 45 79 10 10 44 92 80 41 8 61 27 99 61 94 56 41 14 70 30 53 21 17 4 88 79 13 61 97 76 29 28 36 42 73 15 71 30 29 89 38 50 42 13 90 25 63 36 54 63 98 93 11 46 83 64 69 31 8 71 30 97 70 58 22 74 46 87 12 65 57 17 59 78 52 99 45 83 90 50 78 0 8 78 51 26 55 99 43 58 92 54 95 46 33 46 74 92 18 40 29 91 57 9 100 47 11 5 44 75 9 6
11 71 68 11 12 25 49 71 77 69 4 36 53 69 26 61 91 52 82 23 75 83 15 43 10 55 63 49 9 71 8 67 64 74 98 48 83 36 95 14 16 33 92 73 41 38 39 81 7 23 53 27 6 45 99 78 91 34 44 12 61 20 9 75 5 40 35 37 85 89 90 68 22 66 58 83 70 44 9 70 10 47 53 8 18 60 54 27 68 71 99 83 70 76 21 27 96 48 88 89 88 53 91 86 75 0 24 14 6 83 73 66 44 50 13 88 95 74 4 79 83 94 22 1 88 4 45 92
80 45 86 8 62 24 99 100 80 90 31 11 90 8 61 81 57 96 25 57 52 75 9 58 57 44 47 44 97 26 33 36 67 14 65 69 77 2 97 70 14 49 54 71 72 27 18 10 6 97 27 67 36 9 49 60 95 23 20 85 5 71 79 28 5 5 11 48 87 90 4 43 32 25 91 8 76 20 26 30 35 34 34 90 36 80 42 98 45 19 56 58 38 76 64 80 1 86 78 36 78 8 92 4 54 18 91 77 55 67 26 32 70 62 98 92 61 25 54 18 25 73 18 30 90 61 87 8
87 54 83 12 89 45 78 65 10 87 73 58 9 5 4 36 97 92 19 49 98 79 36 31 100 31 81 46 24 41 31 64 5 35 24 22 85 83 9 48 0 74 35 82 54 93 13 57 22 98 48 45 25 40 97 42 25 0 5 4 26 54 44 64 65 75 45 91 61 11 37 17 38 24 19 44 54 66 60 43 78 31 78 68 83 98 23 100 90 90 77 24 67 28 83 95 43 18 31 4 48 79 6 20 56 10 85 52 14 35 53 99 80 54 87 97 96 55 81 77 11 89 46 31 91 92 9 21
76 53 14 0 14 11 36 51 85 23 88 77 66 53 97 13 30 23 13 22 19 17 61 35 60 63 37 98 82 56 89 64 14 32 92 41 19 37 46 95 96 76 71 92 34 1 96 41 2 82 39 56 39 10 66 56 85 21 97 48 52 19 97 79 29 33 58 80 77 18 17 60 23 28 69 16 77 1 52 26 10 79 42 28 20 25 82 84 18 40 96 7 37 31 99 48 44 60 90 76 45 87 23 18 70 29 79 24 42 33 37 37 58 90 61 24 24 2 53 48 99 49 55 21 96 6 41 1
88 51 2 60 2 84 91 38 6 86 53 79 87 47 52 82 64 67 89 6 29 64 84 15 91 73 84 11 62 53 46 42 6 100 95 21 36 74 84 26 18 8 60 3 17 57 28 37 17 28 84 64 57 95 30 34 26 13 1 49 15 34 52 84 31 71 68 7 78 27 98 55 37 21 93 45 61 79 23 54 60 32 75 60 36 0 59 32 92 83 51 48 5 78 89 78 2 71 67 54 80 12 79 76 29 10 13 6 24 98 57 76 74 35 84 65 4 16 39 44 46 33 89 91 18 61 33 64
83 10 57 17 84 53 70 80 98 73 20 46 46 74 99 5 25 30 38 62 14 23 78 97 31 51 35 63 69 2 67 2 64 24 98 8 16 97 97 41 6 41 77 97 43 10 72 81 18 34 41 66 78 54 43 13 20 75 34 56 33 0 84 34 58 84 7 100 53 20 18 80 30 5 27 28 79 29 42 63 68 59 99 45 49 65 91 55 73 49 3 58 46 78 57 54 84 92 71 25 9 37 96 3 73 7 87 67 24 41 20 8 77 61 92 68 7 72 73 4 73 25 66 88 65 34 66 43
73 13 30 94 20 81 74 68 91 34 34 19 83 87 44 46 19 79 59 8 88 47 63 88 45 39 72 4 0 80 45 53 35 54 16 59 3 20 27 25 55 24 60 50 66 45 51 7 70 49 38 43 38 49 45 46 11 75 61 94 17 73 60 81 79 64 76 37 22 61 18 76 9 61 14 4 34 78 60 60 50 66 28 52 91 50 1 74 94 24 91 9 30 2 69 24 19 37 90 12 78 29 14 89 71 53 68 16 23 99 4 67 94 37 14 63 94 53 27 70 91 44 5 81 38 83 81 1
16 28 30 28 99 86 51 51 24 70 17 89 38 61 16 41 23 41 0 42 95 48 2 61 74 32 24 3 90 82 3 80 99 98 9 94 20 88 58 57 33 92 100 65 32 62 95 97 73 6 16 90 52 25 0 37 17 84 55 45 86 3 82 32 4 45 93 14 10 44 100 88 68 53 47 75 44 92 79 30 28 7 28 56 83 91 21 53 14 14 47 29 39 3 90 85 62 100 14 67 30 27 68 65 54 98 22 2 35 10 56 29 19 37 21 89 59 2 15 88 96 78 76 81 22 20 21 3
43 5 17 2 59 61 33 1 41 58 27 87 40 37 99 7 52 69 54 32 29 19 77 90 34 79 34 52 52 76 1 23 82 88 26 93 46 50 47 55 58 24 24 22 24 88 2 44 65 93 92 69 91 92 31 53 19 71 18 54 71 29 86 8 84 20 51 99 57 80 30 75 51 26 65 26 83 65 28 10 58 10 99 67 17 72 75 85 85 41 52 55 43 58 89 53 87 78 87 61 92 82 13 90 8 68 62 64 48 40 62 93 79 99 50 12 79 36 59 21 98 82 82 64 56 65 68 20
85 45 83 67 55 17 70 90 75 58 38 78 10 75 95 18 82 37 74 76 8 80 20 56 48 73 30 2 27 47 0 49 70 48 32 15 60 50 30 76 9 49 52 75 6 98 17 2 77 40 68 32 27 74 53 98 28 45 66 36 39 49 79 36 97 22 36 18 100 2 85 49 10 36 1 88 91 0 94 60 87 75 57 48 100 18 96 50 69 7 60 23 72 55 6 45 81 80 55 4 75 14 7 85 73 73 100 90 39 20 88 16 58 58 88 21 19 57 30 56 12 78 53 29 14 61 40 5
70 96 2 25 17 39 67 61 20 74 97 81 46 98 74 76 14 49 23 21 16 24 23 56 34 62 89 52 62 82 37 93 52 28 57 24 54 71 90 98 5 2 44 37 38 95 59 87 98 31 61 18 51 58 49 83 42 41 12 12 94 42 44 29 85 41 47 88 82 29 8 81 71 18 38 92 21 90 23 7 86 41 98 81 23 68 23 39 49 1 74 30 71 7 58 49 7 50 95 81 94 27 36 7 96 97 34 41 84 1 78 59 64 86 57 49 86 40 81 7 60 18 64 58 50 20 100 69
16 55 62 67 47 93 89 40 57 52 41 62 61 45 67 49 4 57 72 25 90 9 66 77 39 7 18 67 82 83 91 27 31 28 85 16 43 54 60 85 16 0 25 76 13 24 30 18 100 28 50 4 6 12 2 2 41 95 62 30 56 20 74 97 77 37 84 65 66 69 27 42 23 16 93 60 19 99 33 19 76 56 40 47 55 26 74 13 43 92 78 20 71 38 71 29 67 41 61 60 43 51 92 93 30 69 39 46 35 71 92 90 52 76 73 65 25 49 17 28 93 87 83 68 42 43 89 18
63 99 70 15 78 83 27 41 43 20 57 91 31 19 39 56 54 74 36 79 17 26 26 71 29 50 12 75 9 87 21 12 72 40 3 2 79 77 31 69 73 69 39 66 12 60 18 31 3 72 63 31 44 31 68 44 89 5 90 85 81 33 9 79 86 27 29 75 42 71 77 83 19 19 70 31 99 80 6 43 20 69 51 94 75 15 79 91 39 92 79 9 69 24 22 4 93 7 75 27 74 66 69 95 70 93 80 85 100 65 43 57 88 57 26 63 83 48 3 13 20 66 98 5 70 32 64 99
29 47 16 94 1 94 40 5 14 77 58 28 45 3 60 27 76 61 79 30 65 28 14 94 22 11 34 54 4 44 5 26 72 8 63 5 92 73 83 88 48 7 97 50 73 81 62 78 69 14 68 62 95 87 42 91 82 68 97 14 28 97 9 93 36 61 8 99 43 11 78 31 67 22 84 16 87 90 31 16 96 31 63 50 56 86 85 7 24 97 2 44 73 51 6 52 10 6 41 75 6 44 7 93 32 82 69 85 52 53 36 2 76 50 72 89 4 53 94 78 5 62 63 72 28 74 1 98
43 33 55 8 72 80 54 11 7 63 11 93 38 74 4 53 83 3 19 42 73 72 42 45 11 57 5 60 75 0 73 79 52 62 56 50 68 44 54 22 32 57 65 29 75 93 97 69 60 54 51 3 47 76 66 64 24 5 99 53 11 67 17 68 89 80 2 0 88 74 4 6 24 95 75 56 35 37 71 0 5 98 97 59 40 3 94 5 41 78 7 60 48 23 38 82 0 98 72 22 44 5 91 99 95 88 51 75 77 54 66 96 87 69 79 28 17 46 73 97 62 13 58 77 69 23 1 90
34 100 26 79 82 73 65 12 58 95 22 38 83 51 59 91 91 34 56 47 82 100 91 78 31 31 61 78 28 83 8 18 51 48 43 50 35 11 82 43 80 31 21 18 80 4 79 54 37 63 13 1 62 72 93 1 12 1 42 25 75 23 4 93 78 51 74 18 25 30 53 91 26 80 66 81 66 69 68 30 54 58 78 94 20 28 95 60 86 16 39 35 93 51 90 79 93 76 72 77 43 94 52 100 88 3 24 11 50 16 56 78 19 87 54 64 11 28 57 41 11 51 3 96 83 84 18 78
33 30 43 56 47 5 45 47 63 91 84 21 20 18 21 1 74 4 89 41 64 60 51 5 13 53 98 52 40 46 24 36 90 67 68 71 64 30 4 46 86 85 39 70 78 84 68 52 54 23 14 25 51 3 95 55 67 33 60 66 40 22 65 15 95 34 82 17 46 57 11 72 87 26 46 61 17 80 45 49 35 68 56 87 82 65 73 64 2 37 52 83 15 96 30 10 63 33 22 91 35 29 41 97 21 25 24 68 13 1 30 1 30 68 93 68 11 63 66 26 14 96 84 98 6 89 5 26
28 85 42 52 46 87 8 77 35 44 35 56 53 95 7 28 60 49 67 42 10 18 60 8 21 86 29 38 39 22 27 75 28 29 47 47 86 6 62 29 33 39 74 33 66 66 86 66 83 58 30 64 84 7 63 75 97 0 59 15 81 40 57 23 56 12 70 84 95 52 31 47 48 85 58 6 86 64 10 15 62 13 31 85 81 79 6 94 46 6 25 8 51 55 91 65 25 97 70 83 31 23 65 9 81 88 81 93 89 100 46 5 93 34 99 59 95 61 22 11 32 95 30 65 37 54 80 78
97 96 71 25 1 56 52 96 8 84 47 68 8 97 51 33 29 16 49 40 74 8 32 5 8 98 74 66 51 1 91 71 67 32 88 80 3 44 67 31 33 23 82 79 61 39 93 89 46 27 41 79 70 74 79 44 54 98 2 6 71 93 40 47 66 59 87 81 49 48 28 0 53 11 53 52 4 65 93 47 95 14 31 75 26 9 42 92 6 98 88 36 67 8 1 94 26 21 79 63 68 61 52 90 88 94 100 65 55 11 67 20 24 29 6 24 30 63 26 13 20 19 76 19 12 59 91 55
99 33 77 9 55 29 22 72 25 6 37 22 30 7 42 75 71 3 49 30 10 82 36 66 76 66 7 57 40 50 55 59 33 86 42 89 33 63 42 8 77 33 42 53 6 64 90 76 75 66 13 99 69 65 18 87 70 4 99 21 27 83 75 2 72 34 74 75 62 31 89 75 1 62 8 81 91 25 9 62 69 52 71 38 53 88 26 29 42 89 66 61 78 4 99 86 43 96 53 93 88 15 96 58 64 49 88 55 27 64 31 77 52 19 31 13 95 22 21 76 89 29 45 47 47 25 95 68
72 74 90 66 15 81 17 48 99 78 97 12 78 71 29 79 48 86 62 64 62 21 26 48 76 72 49 21 24 25 68 49 85 77 93 36 20 79 24 38 4 66 75 36 23 48 86 18 73 46 58 39 68 61 87 10 76 26 56 55 54 49 96 30 66 89 48 57 7 21 68 45 45 29 13 52 22 100 74 45 22 71 37 76 68 20 47 27 36 64 8 11 91 71 24 38 77 67 52 37 47 99 49 78 90 93 34 10 65 95 89 49 4 22 22 25 16 53 30 10 65 38 0 54 21 72 54 56
92 99 11 78 0 30 61 27 77 32 4 16 16 33 90 79 57 85 46 7 30 58 79 39 100 69 11 9 84 57 16 30 64 74 74 92 12 52 64 30 26 86 28 34 49 67 4 87 75 8 10 30 94 12 87 78 37 21 32 97 90 18 10 72 7 23 25 100 25 55 98 61 85 70 25 87 49 35 29 100 59 44 75 3 97 0 31 49 60 12 34 70 14 68 64 34 45 46 46 94 65 44 3 29 66 31 35 52 55 64 1 20 7 78 52 34 48 44 65 77 91 48 0 21 53 59 75 64
35 56 0 42 52 50 2 100 68 68 14 56 15 59 68 29 57 65 79 34 59 87 32 96 39 12 60 41 8 63 0 15 30 87 56 45 43 6 64 98 93 23 33 37 20 12 84 36 12 65 92 7 59 86 93 15 43 99 23 27 17 12 76 74 22 60 71 83 35 32 56 88 61 7 19 30 2 30 18 80 9 38 5 99 61 62 20 56 36 24 24 29 71 34 14 84 81 3 36 82 32 17 84 18 76 1 42 93 52 38 17 2 77 10 66 80 88 77 19 13 47 12 85 34 8 70 12 11
74 63 59 86 76 58 54 62 71 84 47 55 40 85 5 71 32 2 7 14 41 81 89 85 88 28 62 25 74 99 0 10 87 36 1 38 5 9 49 63 11 7 20 73 49 73 82 14 70 94 20 96 37 49 49 23 6 58 85 42 9 8 95 31 94 2 54 86 44 35 98 10 21 31 11 72 10 70 55 33 91 10 83 4 22 56 68 100 32 94 37 54 76 72 56 60 23 34 75 28 56 6 24 82 83 73 87 99 27 8 39 30 83 93 71 60 83 42 84 86 15 37 60 4 85 68 3 35
35 37 88 1 24 22 61 52 36 40 1 25 85 62 53 77 82 80 38 5 1 77 49 94 26 11 39 86 88 7 15 25 8 19 81 87 63 53 71 6 55 29 40 100 99 18 44 67 51 71 5 43 78 17 44 74 87 44 48 39 4 47 21 60 94 41 35 6 59 44 99 11 9 26 42 37 8 85 24 78 3 11 46 7 27 73 14 9 20 47 31 69 13 93 23 11 14 25 50 0 38 31 34 96 87 9 28 77 42 34 59 81 10 16 23 50 76 52 70 24 76 46 88 56 50 34 4 99
34 30 69 25 72 51 37 21 94 29 47 30 26 11 0 26 21 23 56 75 3 20 83 0 94 20 24 55 99 34 29 83 71 73 29 70 69 39 75 61 8 43 51 63 66 46 77 48 38 44 61 38 14 5 11 98 56 92 74 45 21 15 32 5 9 12 15 89 32 16 89 9 62 5 65 14 15 30 88 37 59 83 2 3 53 87 19 22 9 78 83 49 85 36 37 100 61 56 39 90 21 61 3 85 20 40 80 69 97 30 27 2 54 21 11 66 53 93 56 31 98 45 35 90 60 57 97 64
97 92 88 40 95 40 68 48 78 4 77 69 61 68 48 76 7 63 72 93 99 50 33 14 40 84 11 89 45 40 19 50 44 73 64 56 33 26 2 33 45 67 40 22 92 33 79 93 51 54 30 1 44 73 66 82 23 79 42 5 70 66 97 13 70 69 94 79 8 3 52 65 38 45 98 74 78 35 19 87 73 21 86 86 84 36 68 66 69 11 75 77 17 83 80 71 63 59 29 70 31 30 4 59 47 86 88 38 8 81 95 0 11 26 10 84 85 3 20 23 71 88 31 36 63 14 52 32
89 67 20 54 47 86 14 4 62 12 57 73 59 66 79 3 31 37 87 22 33 81 19 52 28 23 41 36 97 55 21 92 88 2 6 91 8 45 32 99 7 44 39 71 2 49 83 57 15 73 2 45 39 43 6 12 33 0 68 8 26 61 76 9 80 76 87 17 98 69 2 57 81 47 10 27 52 16 10 58 95 45 72 0 91 83 40 56 92 39 47 33 77 39 26 73 73 57 5 58 58 54 63 22 19 96 59 98 17 21 8 2 79 66 36 63 74 94 9 2 0 10 51 80 85 18 74 17
14 99 17 36 42 3 85 3 81 94 81 59 64 18 91 79 84 53 65 77 65 51 5 12 57 64 24 51 99 90 2 35 13 47 100 24 67 15 13 83 14 44 47 61 26 74 88 92 82 3 32 27 60 83 88 19 91 33 90 75 49 94 30 66 6 12 10 62 92 33 83 58 75 74 13 53 80 29 35 13 71 26 100 41 78 46 76 15 57 13 52 57 43 51 51 16 24 59 67 33 99 11 93 81 75 77 7 63 73 87 87 34 15 85 100 8 64 92 11 31 67 94 0 51 34 69 63 89
39 60 94 29 93 41 32 68 96 82 28 88 17 36 3 41 12 23 100 41 69 71 38 47 26 56 27 94 89 19 28 13 44 64 63 100 75 28 35 67 45 28 82 28 68 78 65 84 64 77 65 12 63 54 56 10 56 30 25 51 54 98 20 16 13 0 73 76 73 93 69 37 13 78 70 51 66 85 92 51 35 25 24 1 90 30 20 69 92 51 39 32 60 18 63 91 29 61 82 32 70 25 34 52 96 29 76 81 39 96 88 63 0 6 56 25 20 29 55 44 52 65 10 50 87 100 56 77
22 16 78 17 61 98 65 41 19 100 41 55 24 6 26 35 21 28 25 0 88 41 83 2 62 46 56 13 34 35 69 74 45 46 10 76 42 28 97 27 44 84 36 18 18 71 25 65 89 14 47 25 82 93 49 84 44 25 16 63 25 68 44 23 88 8 89 89 58 68 39 2 55 3 60 2 23 62 36 84 75 87 6 70 24 70 50 28 30 29 10 47 7 84 9 36 38 9 40 37 50 14 22 65 73 41 95 14 41 64 45 68 63 30 94 7 5 54 16 80 5 29 79 37 23 94 30 14
44 26 1 6 32 34 8 25 81 62 86 83 42 80 29 24 95 85 4 26 38 65 57 27 12 8 10 8 15 56 32 83 15 54 73 88 63 59 79 45 5 53 95 39 8 57 59 49 37 70 90 12 72 95 72 35 11 61 59 9 96 8 6 91 32 44 70 20 79 18 12 46 55 85 58 92 86 24 85 7 22 71 95 84 80 42 19 59 41 85 37 18 17 71 46 49 100 71 9 34 62 72 25 43 0 93 90 40 11 22 3 85 43 99 55 32 26 78 86 62 72 69 99 54 48 0 70 76
65 7 52 26 97 96 16 57 85 71 35 41 16 80 10 93 27 7 85 36 94 33 73 15 46 43 5 86 36 10 71 70 86 81 14 70 98 87 44 77 79 67 53 54 42 73 1 77 59 50 79 27 84 28 96 92 61 91 16 52 58 43 87 33 65 94 76 2 27 57 51 42 25 44 22 98 17 36 86 12 15 24 11 56 99 55 91 56 29 13 49 12 52 45 37 92 22 59 84 68 80 86 78 6 2 83 50 66 99 32 23 75 57 97 87 81 12 29 40 39 45 73 76 87 94 53 36 52
21 37 25 41 90 19 0 13 74 18 56 8 68 58 1 53 21 13 13 19 59 74 70 76 4 43 24 47 33 23 14 98 80 54 90 10 48 6 9 65 19 77 74 40 48 12 38 18 81 21 68 93 51 53 60 97 59 41 39 2 8 5 49 88 7 81 66 2 98 69 59 63 61 23 84 20 93 47 90 24 66 6 78 63 43 58 71 87 87 4 52 40 11 18 96 99 76 70 38 36 10 49 54 11 27 100 100 59 14 99 52 71 84 45 95 63 55 35 11 88 41 39 13 84 5 45 41 95
56 80 43 20 76 24 3 19 55 15 63 59 60 71 6 94 40 16 97 23 82 95 51 75 7 58 2 84 58 62 43 5 3 98 59 13 68 98 15 42 61 23 4 9 92 6 11 84 88 74 98 57 92 64 80 41 4 15 89 89 57 16 69 84 20 38 90 50 32 59 60 83 72 86 61 98 7 2 49 74 78 26 29 72 9 92 85 61 29 3 84 79 14 75 19 82 74 14 83 44 70 80 1 28 10 83 98 34 80 54 91 12 35 76 32 9 62 0 54 92 85 8 1 17 81 53 45 13
42 25 78 20 21 54 1 59 64 92 70 87 90 67 62 42 47 59 80 79 69 75 86 10 75 95 15 30 50 18 54 85 50 33 46 17 48 38 28 9 65 98 30 2 15 69 14 63 31 85 78 46 24 47 48 8 90 20 89 34 76 66 77 54 24 1 4 27 33 67 95 17 9 11 18 38 23 30 26 7 49 73 70 94 38 42 7 9 89 10 97 96 76 9 24 75 46 85 50 63 95 70 81 47 71 25 80 47 63 42 64 92 13 23 16 96 27 58 89 45 5 22 33 40 84 80 31 63
82 16 67 9 9 98 43 6 23 62 43 2 52 99 86 47 92 85 72 26 90 75 15 21 21 82 65 93 87 24 68 11 16 14 20 91 17 85 8 38 62 41 97 79 55 50 40 67 46 54 12 63 14 88 99 48 58 37 74 56 8 100 26 73 0 46 94 90 9 48 58 99 26 34 48 6 10 55 59 27 32 81 93 79 61 81 72 53 73 48 48 71 21 21 17 5 96 83 12 90 89 95 64 84 2 69 18 82 0 30 60 90 71 58 48 29 79 52 63 94 35 31 95 7 58 38 7 7
67 15 4 63 83 67 81 79 75 26 91 14 31 74 73 17 75 26 62 39 64 85 89 91 55 36 35 67 23 1 62 31 42 85 20 53 62 57 50 49 67 80 26 71 81 82 38 68 85 0 82 72 49 60 54 48 2 84 85 21 81 28 28 61 16 82 90 25 84 94 71 83 41 1 26 13 97 11 99 65 93 95 65 2 42 54 67 81 60 95 17 24 91 85 31 1 94 24 2 29 100 4 9 88 2 40 75 41 68 27 29 87 41 89 35 45 58 21 60 47 35 21 16 1 98 35 7 97
5 5 57 82 57 84 11 0 35 66 80 59 68 35 65 59 44 84 9 45 96 77 63 54 34 95 7 69 43 79 9 60 95 53 37 64 69 18 17 82 18 23 38 77 43 63 94 71 11 61 66 90 82 35 87 44 24 45 14 69 81 17 91 35 84 55 24 83 40 41 48 25 63 11 34 10 9 64 46 55 40 3 14 60 91 64 46 54 97 79 93 39 25 76 30 1 73 66 67 97 28 34 61 51 35 46 50 10 27 0 91 0 67 57 8 60 61 45 1 45 56 81 91 91 70 54 96 8
83 21 85 54 97 58 11 14 30 11 89 91 10 12 24 21 18 44 25 52 62 51 44 43 33 13 15 19 29 71 13 23 73 53 3 88 0 96 79 39 97 28 70 86 18 39 95 92 28 58 27 80 83 72 24 28 98 14 29 1 69 62 86 70 97 12 84 53 35 60 69 51 22 78 3 9 21 87 58 11 89 40 85 20 42 47 58 50 92 16 28 49 75 10 9 58 25 9 87 66 45 18 54 46 27 9 40 38 73 55 68 63 27 7 77 95 55 26 82 36 66 100 66 85 81 0 70 23
60 48 63 76 28 37 5 91 53 74 64 3 92 72 100 32 21 25 64 73 83 87 53 57 33 32 66 73 15 62 80 3 28 42 10 7 78 21 77 26 28 64 31 34 88 20 66 29 5 65 69 72 8 23 87 15 60 47 59 42 22 7 21 84 47 35 27 0 10 67 15 67 99 57 80 44 94 13 10 31 50 45 20 87 65 96 21 100 41 74 55 100 7 4 66 80 97 28 29 97 64 78 49 35 59 31 88 3 73 49 91 91 64 15 48 2 51 76 40 18 48 70 56 26 99 55 31 61
97 86 66 78 51 95 4 29 25 42 70 24 5 24 65 77 37 99 41 13 70 91 29 70 21 76 26 4 27 89 83 39 97 38 31 22 53 90 66 21 74 81 88 96 79 96 77 39 7 69 48 56 19 27 25 61 45 0 44 60 13 31 77 68 62 2 40 19 35 7 36 30 45 56 36 22 22 84 8 2 64 98 18 18 41 34 24 30 27 32 45 3 57 46 37 73 79 6 0 25 89 64 71 79 94 60 70 97 86 81 99 29 46 90 46 92 87 94 61 78 92 15 0 49 90 52 55 57
17 50 53 46 49 34 9 6 59 54 75 35 88 53 54 1 43 60 49 66 72 12 2 4 14 19 73 3 93 23 6 39 59 12 3 4 60 33 50 25 57 74 48 37 47 12 72 6 57 7 1 3 58 83 51 95 7 66 27 24 58 90 38 72 96 24 88 89 17 3 91 25 58 24 60 55 51 29 86 49 61 85 52 86 80 6 65 38 78 56 87 30 70 84 70 16 39 65 34 88 59 79 43 39 41 87 50 19 100 64 78 57 31 2 31 46 34 17 81 98 90 58 17 0 67 32 57 3
72 39 93 84 34 18 45 10 53 55 40 97 23 16 34 20 71 96 53 32 50 25 97 7 23 82 50 94 93 54 76 86 35 94 19 52 55 7 17 91 97 15 18 12 18 34 47 55 26 64 29 28 90 68 15 28 86 97 72 66 88 0 37 32 56 44 2 63 18 71 48 72 28 88 75 78 80 88 39 98 86 99 53 36 58 22 82 64 93 59 16 32 44 75 21 99 15 28 77 78 60 87 60 90 51 81 100 67 13 83 32 96 25 89 55 54 47 70 53 65 68 85 52 31 35 89 0 58
94 63 43 29 61 72 66 52 85 1 40 40 30 75 36 29 28 11 99 81 25 11 62 23 80 69 86 95 64 0 65 9 81 99 8 86 28 40 41 37 30 53 56 53 69 79 81 22 3 33 12 5 82 59 4 100 63 79 80 65 30 95 87 26 2 96 34 64 96 36 55 99 10 16 24 8 77 85 70 58 64 69 100 39 100 38 64 31 75 100 59 69 11 65 97 28 46 30 40 72 100 100 86 56 75 86 47 27 50 39 52 48 77 82 80 29 6 11 24 75 8 44 35 56 67 83 32 46
64 42 78 53 0 73 90 35 7 93 45 93 31 66 65 70 3 1 43 1 21 41 48 67 65 59 45 45 87 98 63 33 12 30 62 33 17 81 54 92 45 77 87 55 1 74 40 63 14 56 40 67 21 2 46 9 63 25 46 5 23 95 83 33 4 80 74 74 48 83 11 81 48 54 29 2 24 14 18 61 93 94 37 22 89 9 82 23 93 48 26 62 15 7 87 74 94 1 21 84 23 23 30 57 92 21 37 28 30 67 81 7 6 4 63 68 93 54 98 46 82 15 99 6 16 95 84 39
40 9 100 77 89 65 71 36 13 0 11 30 38 89 28 11 88 10 2 34 10 93 39 98 6 82 18 21 20 45 46 71 73 76 13 93 20 47 50 23 38 86 58 5 58 72 83 60 24 52 52 24 16 78 12 31 43 46 46 43 91 67 76 83 72 19 2 54 25 67 0 52 34 18 69 48 98 95 31 32 70 7 65 85 48 39 60 87 36 54 93 53 54 8 4 69 10 78 23 56 56 77 79 77 39 13 11 6 86 13 91 64 70 10 78 74 5 9 4 85 39 4 99 93 62 39 6 94
49 8 32 0 37 39 68 4 54 6 100 73 58 54 13 55 1 70 70 23 24 62 60 27 66 41 76 4 54 20 46 45 21 43 32 85 0 44 52 24 79 84 28 6 30 63 95 97 93 81 70 88 14 67 91 19 90 77 53 82 19 1 5 95 48 35 49 4 76 36 64 42 76 2 5 18 75 74 35 32 91 45 88 28 14 23 12 9 85 11 24 62 93 13 53 22 31 29 8 87 81 2 68 73 8 95 66 86 39 93 14 45 84 78 2 50 37 4 13 65 44 45 65 25 20 45 81 60
15 24 71 23 41 85 45 8 45 62 93 72 8 30 55 74 63 94 7 42 0 84 41 63 45 17 15 60 17 96 55 89 67 88 69 44 6 43 49 12 35 12 87 33 74 28 91 96 74 80 6 31 13 47 17 77 49 13 94 75 6 97 6 84 71 68 5 90 57 7 0 50 18 33 67 33 81 87 4 100 75 7 68 80 17 4 46 58 98 54 60 45 78 51 62 59 68 23 50 82 87 54 51 17 4 34 67 13 80 96 17 56 52 75 35 20 83 99 56 35 98 27 93 39 88 75 11 54
93 49 36 38 31 69 12 76 55 89 52 70 93 97 99 55 41 12 61 16 23 78 23 9 34 34 53 4 56 54 59 17 24 49 49 50 8 65 1 41 4 87 66 22 49 84 54 97 74 59 93 12 3 30 15 72 83 43 34 79 3 7 43 2 73 20 48 27 12 19 73 54 75 46 69 12 67 1 96 88 60 30 82 45 26 84 33 88 42 60 31 17 43 54 59 57 38 29 52 16 6 77 1 71 38 7 8 72 77 43 68 55 65 28 17 22 22 32 72 90 32 1 57 83 22 37 3 99
87 82 25 52 8 22 61 27 67 16 71 90 48 21 48 73 25 71 50 82 74 66 100 46 19 88 8 92 47 73 79 8 47 49 54 39 17 63 76 37 5 91 73 30 2 67 70 96 82 0 28 61 46 55 100 38 37 44 32 42 25 23 76 13 67 80 93 80 52 81 9 18 92 44 70 36 58 34 89 76 99 44 72 5 95 5 39 80 24 80 18 74 92 71 6 93 29 11 37 94 70 19 89 21 26 23 61 82 55 34 38 95 93 53 88 96 29 8 76 12 43 40 67 12 51 35 99 65
53 62 68 79 1 85 98 63 43 6 23 23 19 47 61 63 79 63 85 78 3 17 75 68 69 83 60 68 39 34 34 37 85 22 44 4 91 74 14 12 42 44 67 57 9 15 99 51 96 94 68 74 56 92 9 17 63 85 22 100 31 26 74 99 15 60 80 42 95 18 38 100 69 66 83 70 59 98 87 42 85 10 98 35 33 38 5 86 50 69 66 89 6 17 3 11 55 100 0 26 9 90 3 96 51 28 62 80 9 61 7 90 45 19 98 6 16 41 93 82 81 72 24 79 86 19 70 14
25 33 10 28 31 23 50 89 82 56 56 27 76 37 52 29 40 93 89 97 49 3 10 59 30 61 27 35 1 48 53 88 49 82 77 17 13 28 4 66 30 0 49 39 18 54 8 57 86 99 8 36 39 70 14 1 83 86 39 93 71 31 7 30 56 27 26 70 46 25 95 86 95 85 73 81 35 85 20 36 81 87 92 31 30 56 73 31 51 90 7 96 61 23 20 33 53 51 60 39 73 66 74 96 53 34 31 89 50 22 0 34 67 51 34 6 47 5 97 77 12 48 68 54 30 68 4 100
8 74 72 66 1 12 36 2 16 65 37 43 50 61 0 52 16 45 15 51 74 75 59 65 94 37 59 69 32 62 35 56 36 88 61 16 9 38 84 96 26 14 15 3 0 72 48 87 88 44 40 47 76 82 52 4 85 61 68 30 58 38 57 83 94 100 81 69 80 79 55 74 72 6 35 73 58 19 48 86 85 59 44 100 90 59 28 94 46 41 48 52 31 50 72 2 79 49 43 52 3 79 89 73 94 88 97 29 6 44 92 32 67 92 74 90 81 54 11 58 87 39 100 22 28 66 97 48
75 36 93 33 32 19 98 96 77 29 44 55 55 39 49 28 5 48 38 58 50 46 32 70 50 27 89 13 6 79 60 61 61 42 75 0 17 43 42 2 88 6 10 92 88 72 49 66 32 63 71 75 66 76 61 70 48 72 31 75 50 84 84 34 0 16 75 84 47 55 73 42 10 70 18 69 50 1 100 75 16 6 22 82 76 82 35 39 8 92 53 61 9 4 20 49 3 43 9 38 48 29 47 72 51 66 6 89 50 90 3 14 79 2 99 47 15 98 16 99 57 68 70 68 8 94 21 96
94 36 92 9 16 49 44 92 11 46 51 48 57 97 77 9 68 6 33 63 99 13 37 68 56 19 52 36 17 5 57 19 13 92 22 16 37 58 58 67 37 62 46 53 88 61 59 78 38 21 6 16 70 62 17 83 42 1 11 39 65 85 95 46 73 32 11 89 88 78 50 22 26 46 10 3 95 23 70 79 86 100 59 44 29 81 72 66 17 46 66 96 11 91 77 4 4 35 2 17 38 36 15 1 14 78 23 0 31 46 46 69 89 96 53 96 69 87 80 31 11 42 95 33 91 4 71 61
22 59 19 30 85 30 46 25 91 42 82 99 59 41 66 50 46 33 36 67 73 97 82 36 25 100 74 20 55 3 0 45 57 93 48 87 44 92 33 88 87 96 20 1 64 19 87 72 76 85 9 53 21 37 42 66 49 51 100 3 16 59 17 32 28 20 16 81 41 66 5 78 32 66 58 84 47 88 29 42 52 69 4 70 9 49 1 9 28 42 98 87 90 88 69 75 61 89 69 10 68 53 76 77 45 62 72 80 59 39 55 92 33 1 30 64 23 29 99 88 69 23 46 79 40 5 57 22
2 57 41 51 97 95 12 46 96 5 61 62 74 15 41 4 63 84 92 83 31 98 78 79 27 91 52 87 90 2 26 34 20 38 29 97 27 29 66 21 3 52 39 3 42 60 26 38 60 52 14 75 43 24 33 68 98 70 50 79 66 3 66 37 66 34 58 36 59 19 13 6 33 94 20 74 48 22 91 87 17 35 46 47 4 30 41 52 30 50 8 17 13 37 83 44 50 24 9 65 3 14 51 60 3 19 61 2 14 14 23 54 90 28 90 84 31 74 100 71 74 16 68 3 0 15 14 25
91 12 92 65 10 96 24 28 48 57 37 4 40 77 70 75 16 85 76 58 87 8 8 100 10 79 18 87 7 15 20 65 28 32 58 53 7 79 53 96 100 72 37 71 94 40 6 48 13 55 86 40 85 99 70 60 87 59 70 27 33 80 81 73 97 11 34 100 85 64 70 16 94 87 88 57 2 27 46 80 24 8 29 30 10 3 67 61 8 6 0 47 77 88 97 19 10 50 71 46 28 89 53 33 46 78 71 3 93 85 76 10 5 35 43 16 69 21 40 99 56 81 66 37 84 1 5 86
49 72 30 99 29 21 70 41 39 74 67 16 96 48 35 84 74 3 16 98 82 63 98 75 35 16 82 91 99 22 69 39 30 83 97 8 10 52 25 74 66 22 61 84 9 77 83 60 25 19 100 94 5 59 52 80 17 98 67 18 72 97 29 63 35 67 28 7 96 36 99 100 55 61 70 60 88 94 34 48 48 19 8 25 77 63 80 99 3 13 65 99 46 47 82 69 98 65 28 93 23 90 40 72 87 27 68 0 84 84 71 77 61 95 44 43 75 9 86 6 25 54 25 100 40 37 88 67
43 79 57 99 15 9 18 61 56 28 99 44 27 32 38 12 67 44 75 92 66 20 53 94 34 21 88 48 93 54 48 93 55 67 96 19 49 55 83 39 62 63 90 84 12 30 81 29 16 36 64 98 18 20 32 40 50 82 7 93 14 86 75 46 62 30 56 14 13 100 88 42 73 28 83 3 100 83 51 49 24 21 1 19 86 100 13 93 9 69 40 16 72 96 10 95 18 86 73 74 42 29 32 21 90 81 68 12 84 10 36 31 32 21 40 86 29 29 36 94 35 53 62 88 72 82 16 87
3 73 70 25 98 2 52 7 11 19 68 12 78 62 63 11 53 49 5 71 47 44 93 34 35 3 37 74 9 71 7 99 17 35 50 0 31 25 69 93 47 11 22 95 6 18 98 13 97 91 45 85 68 87 54 68 71 17 1 44 53 27 50 54 89 74 92 17 87 25 92 59 76 56 29 2 65 76 76 76 47 52 43 67 60 91 33 48 1 65 26 62 30 3 21 10 89 85 30 83 92 63 70 36 31 12 43 57 1 80 3 95 82 78 91 1 34 74 39 26 8 74 50 33 13 28 51 58
18 87 13 7 20 53 4 88 73 68 6 45 95 47 21 37 43 62 72 63 92 21 88 3 32 39 72 10 70 13 94 45 33 4 48 86 5 23 35 66 6 12 33 13 47 67 70 78 31 27 10 48 72 43 56 11 14 24 85 15 16 93 92 15 46 16 16 44 33 6 66 41 24 36 61 16 87 24 48 34 95 35 5 83 9 37 43 83 61 23 78 64 37 78 24 47 95 51 83 23 43 41 94 53 63 50 21 35 79 74 15 66 55 34 21 37 56 19 16 79 0 92 31 63 73 21 21 29
96 46 70 36 18 51 30 67 20 88 2 94 71 25 17 64 100 26 99 83 49 44 100 77 36 96 94 14 38 52 31 73 26 94 62 82 77 11 48 62 15 98 54 36 59 90 46 7 97 84 90 70 7 60 40 50 30 30 13 56 47 26 41 66 51 50 75 77 17 43 7 58 43 53 93 8 54 32 37 52 24 47 49 99 11 55 18 73 7 26 84 46 25 14 3 58 23 57 55 37 9 60 38 99 6 13 26 27 60 20 27 33 77 5 11 20 38 6 75 42 95 23 8 21 46 37 67 23
93 36 76 85 64 62 10 78 77 80 19 58 94 80 83 54 56 58 62 94 50 23 80 72 13 34 18 83 70 69 15 85 45 23 98 29 77 36 58 93 97 21 27 15 12 75 21 12 13 25 58 72 80 88 42 65 75 75 10 9 78 99 53 53 33 10 93 45 28 25 21 32 45 74 55 38 19 3 42 78 1 12 9 54 85 22 45 22 24 13 26 86 25 77 89 29 23 28 66 95 89 69 76 65 80 42 78 45 8 9 76 11 45 11 11 17 78 93 40 32 95 95 31 91 26 66 6 47
8 0 9 36 42 83 51 30 4 32 45 77 86 80 51 32 90 99 5 92 98 71 39 23 73 8 65 79 52 40 93 51 1 12 50 90 48 42 34 22 87 59 65 14 66 29 75 33 39 4 56 80 5 61 2 47 38 72 20 7 51 84 59 79 61 6 63 83 26 45 59 82 63 92 85 48 79 24 62 99 27 3 52 87 37 24 21 75 53 18 29 68 36 48 90 19 32 69 82 80 12 64 84 81 58 31 99 27 50 45 82 19 25 81 65 93 74 66 58 60 53 74 12 22 85 97 36 33
14 39 43 4 100 90 57 10 96 21 51 54 53 42 23 64 9 28 30 2 0 86 21 59 30 96 37 82 21 83 53 85 59 43 55 39 89 94 2 39 93 40 60 100 82 62 38 15 60 33 10 8 25 90 1 6 45 40 65 57 18 13 8 38 74 87 34 83 54 47 19 95 42 51 39 25 51 13 68 41 99 42 59 21 44 75 62 83 91 30 49 77 13 10 99 98 70 65 4 23 53 62 45 54 4 60 42 25 50 56 22 84 10 16 28 94 0 94 1 77 68 0 86 21 11 98 75 10
49 6 99 95 85 85 33 100 38 10 40 82 61 33 8 89 16 18 77 69 59 64 72 70 3 30 45 55 1 40 10 16 94 64 44 91 59 49 47 65 91 47 47 32 0 4 34 86 95 78 52 22 45 3 61 10 40 10 93 34 61 54 37 97 5 4 30 92 13 12 88 0 68 47 56 89 86 72 39 12 5 64 12 67 59 26 66 86 50 94 23 21 7 31 62 88 36 84 58 86 5 18 23 81 99 61 11 66 61 83 0 15 86 88 90 82 22 3 36 44 11 22 54 5 31 31 60 45
75 46 63 57 98 47 52 69 41 45 35 63 47 64 55 33 4 8 84 8 6 88 38 85 6 1 60 92 55 98 28 66 95 51 95 16 99 14 85 94 51 10 18 25 19 18 10 25 9 57 5 91 47 0 17 26 94 45 0 72 33 60 0 59 50 86 68 64 77 38 39 77 63 95 33 48 76 62 64 43 92 83 17 29 89 23 55 81 87 76 61 92 75 6 17 42 39 70 5 84 99 79 94 48 28 50 76 36 97 25 77 49 22 73 20 51 73 69 27 44 86 24 81 97 78 39 19 18
13 90 47 81 96 13 31 65 63 57 32 71 30 64 93 51 82 62 69 69 21 33 75 80 78 21 67 83 22 62 34 84 18 9 53 76 33 94 28 34 3 13 10 100 6 17 46 42 27 78 38 12 41 66 22 60 86 51 55 88 3 55 18 82 86 23 79 18 33 89 36 97 14 57 20 96 37 57 79 93 14 23 88 15 77 83 79 33 62 65 26 83 26 83 62 79 54 81 4 16 34 56 50 78 51 94 27 80 13 23 46 18 71 51 32 19 60 23 39 52 59 96 73 46 8 88 76 29
69 87 100 48 78 97 60 43 76 59 89 38 26 31 31 93 4 39 53 56 39 93 13 52 7 53 49 68 68 44 78 26 24 73 52 71 58 0 93 48 60 89 91 7 10 81 50 11 42 0 17 10 34 17 13 31 8 33 9 2 35 10 34 43 41 82 95 66 68 44 6 59 67 81 68 61 53 97 36 57 76 54 96 11 79 41 9 47 71 2 27 16 71 0 20 26 51 49 93 85 41 86 6 32 59 72 98 15 55 73 3 60 56 1 93 89 53 75 9 8 89 93 100 19 13 84 48 71
56 4 98 62 57 30 42 43 57 47 5 45 21 19 100 86 34 94 10 56 96 55 33 92 1 81 42 60 64 78 11 61 62 100 99 1 77 75 66 60 82 16 10 59 71 1 70 18 60 68 93 45 47 91 86 82 25 67 57 3 98 0 92 54 86 24 34 65 1 49 41 36 54 93 84 1 18 58 7 11 82 88 64 47 41 40 57 42 68 46 100 4 92 48 51 62 94 85 9 19 79 1 67 25 72 14 81 32 29 10 80 93 73 74 48 68 88 54 48 30 83 43 86 61 27 97 22 5
98 95 100 66 43 22 65 65 50 64 51 52 20 80 47 2 1 69 24 58 75 19 95 22 73 5 21 4 92 67 53 42 73 74 59 60 14 0 45 96 70 90 27 43 66 3 90 99 47 7 54 85 25 52 24 81 64 63 20 98 46 81 38 62 92 16 24 78 42 93 30 15 22 33 18 30 49 13 54 48 34 77 49 53 43 8 94 58 99 73 29 32 92 72 84 51 65 38 47 37 52 91 62 22 31 29 50 77 85 92 81 86 50 14 77 61 45 70 6 16 97 6 22 14 78 64 22 69
86 60 96 72 84 33 33 5 64 30 46 12 22 84 82 6 2 2 37 11 49 78 46 78 73 80 89 1 64 100 57 17 79 71 81 84 2 87 4 25 63 48 88 88 87 89 3 9 39 63 46 54 50 17 43 65 82 98 34 0 29 70 90 24 34 87 82 61 58 61 37 1 64 91 17 34 30 10 32 83 35 14 61 14 80 41 68 32 26 44 73 20 75 98 18 24 27 99 2 31 23 71 19 89 95 71 47 13 26 10 56 72 71 3 40 61 100 48 22 20 61 8 59 11 89 81 44 12
38 49 96 81 12 96 9 71 62 81 48 37 35 66 7 21 19 52 39 87 96 34 58 75 83 37 90 99 93 31 87 2 16 21 43 85 45 15 66 68 96 10 48 15 53 89 84 41 55 23 60 26 13 98 22 83 55 47 67 2 4 68 39 57 78 98 5 58 90 52 30 92 41 96 40 37 95 19 91 0 37 68 51 65 71 52 30 70 26 67 70 48 18 41 29 17 54 66 0 93 21 42 65 93 65 71 66 79 90 14 1 82 10 17 69 72 60 21 44 60 76 42 57 99 69 14 25 10
0 94 50 8 57 58 46 80 29 95 75 85 50 44 54 75 26 0 23 27 3 15 25 53 11 94 70 45 75 2 81 19 93 46 12 1 73 26 36 65 64 73 28 68 21 43 15 54 38 27 82 17 71 17 8 30 80 18 9 48 47 36 89 62 44 39 61 90 64 57 23 52 82 22 84 53 30 15 47 23 44 7 30 75 72 20 81 88 48 66 42 77 56 95 71 76 54 40 46 39 55 71 63 12 87 5 8 75 55 51 62 91 92 98 51 66 51 43 8 89 37 63 72 29 12 84 18 1
37 71 34 79 88 74 24 73 62 25 22 81 22 65 57 72 8 83 31 45 90 90 5 14 24 48 59 52 1 17 94 6 85 89 94 24 52 30 10 61 49 39 0 28 30 87 73 53 39 26 47 4 43 61 54 63 62 49 57 33 95 82 23 48 72 67 31 43 4 41 8 59 8 90 64 44 95 63 19 89 74 8 22 11 52 41 97 52 10 10 100 38 22 5 47 100 1 27 9 1 92 32 13 45 38 24 35 23 57 51 69 54 80 45 87 41 54 69 43 39 69 22 44 16 88 11 56 62
58 1 37 72 58 11 24 85 99 4 17 82 48 90 87 32 61 90 15 43 38 17 91 100 65 40 91 48 0 29 60 94 63 74 52 92 61 91 7 68 83 56 71 81 46 28 12 64 87 48 32 22 34 59 53 32 82 5 31 63 60 37 10 93 76 28 40 96 76 97 95 0 68 56 74 15 92 31 97 22 81 17 51 59 41 74 72 55 26 49 39 63 28 28 78 13 64 3 11 16 34 68 96 15 25 55 88 27 97 80 45 51 79 57 71 48 90 71 33 95 80 68 49 93 41 71 25 44
49 19 79 61 20 36 61 88 50 2 5 27 10 5 19 5 83 62 54 3 17 93 72 96 59 61 24 71 86 56 70 35 24 85 97 71 3 42 38 45 72 12 35 68 9 98 54 39 79 33 65 82 75 98 77 63 19 16 34 71 44 78 4 95 46 66 1 6 94 54 13 24 55 89 66 97 19 7 10 78 57 14 28 80 72 55 22 53 36 41 87 69 5 38 4 41 65 45 80 85 30 59 31 79 81 96 5 56 22 15 1 27 62 92 13 42 92 56 95 63 29 76 87 68 77 1 67 87
35 1 99 91 0 34 53 62 22 99 36 97 55 80 43 35 38 61 2 13 87 1 45 7 35 39 30 90 29 60 1 62 50 53 3 56 86 73 46 73 30 36 33 46 8 70 6 99 75 64 85 99 66 8 76 93 86 36 100 48 44 40 17 1 71 84 44 9 38 34 46 6 79 93 41 43 10 81 5 77 22 13 37 68 59 55 51 77 33 25 27 51 56 46 60 18 44 98 69 59 22 17 26 31 89 52 82 76 0 1 15 26 62 96 29 78 22 48 40 53 53 14 64 85 38 60 47 56
2 67 42 45 45 15 95 39 14 43 15 7 39 36 57 6 52 63 18 57 45 99 82 66 23 52 43 31 12 65 94 80 36 60 32 24 62 69 7 57 36 59 99 9 63 3 78 68 97 97 61 13 22 43 19 45 81 14 47 29 99 28 22 64 3 72 26 100 0 98 6 26 53 80 67 86 12 91 72 53 20 96 53 44 12 17 91 35 25 46 51 38 24 19 5 91 84 38 9 69 54 96 36 17 82 68 14 100 2 28 62 44 67 11 21 32 83 35 54 47 25 44 85 78 81 1 96 84
33 41 46 61 64 8 23 10 14 23 27 62 37 9 79 18 70 29 76 71 73 90 32 35 83 50 13 69 32 72 12 11 18 4 16 23 79 2 35 6 65 85 82 82 30 63 78 90 50 63 10 85 58 63 63 2 93 57 3 55 34 75 53 31 52 85 91 91 23 90 34 76 29 66 65 91 99 78 19 88 14 42 30 42 80 13 33 93 94 26 75 22 13 89 32 95 6 10 30 80 51 36 73 1 31 24 61 52 11 81 83 55 50 36 68 59 53 85 22 7 18 17 69 30 22 60 38 41
30 24 23 97 79 99 22 27 24 31 20 79 93 91 76 56 88 33 91 35 45 16 93 56 94 23 29 14 16 42 24 42 72 32 78 66 51 77 81 3 45 89 2 42 52 100 50 97 58 35 54 81 53 14 18 18 55 60 86 23 45 82 12 65 45 93 19 9 81 26 33 66 53 36 66 85 15 30 44 55 83 98 91 69 57 59 39 6 62 60 30 7 28 74 64 97 70 56 12 81 1 57 4 45 48 71 90 20 66 20 59 32 66 89 78 84 11 95 9 86 33 76 69 99 83 68 1 82
11 56 54 10 62 51 63 85 24 63 25 14 55 44 41 67 14 32 1 64 43 2 78 49 58 4 37 6 100 79 97 54 33 3 19 50 81 42 39 48 25 47 35 79 70 32 81 16 85 89 100 98 6 17 93 51 75 80 22 19 32 37 70 80 24 28 19 51 24 41 46 99 94 10 22 76 91 34 100 95 43 69 39 26 2 92 2 71 81 81 14 6 53 89 29 32 93 43 8 79 93 63 29 12 8 27 2 49 75 70 48 44 40 45 74 60 75 76 56 60 95 17 95 66 67 1 18 82
5 13 0 98 21 24 65 89 35 80 44 53 66 56 23 32 60 26 61 28 62 72 90 56 87 96 25 71 66 74 36 72 34 92 39 20 92 80 86 95 31 36 27 46 29 99 64 80 35 5 65 91 14 42 54 44 67 56 8 1 54 68 37 47 37 38 74 69 61 3 50 78 78 44 5 14 11 22 100 84 19 60 20 5 15 58 58 21 98 95 12 64 62 68 30 82 16 75 61 18 65 32 40 10 12 45 84 28 59 26 17 71 1 100 46 24 42 32 15 13 10 96 30 72 4 96 27 79
16 43 99 33 6 84 6 65 5 46 1 66 97 16 35 78 7 98 85 52 98 97 52 16 2 73 11 10 35 60 23 99 96 48 54 89 14 51 77 29 64 68 90 59 29 35 74 97 10 3 61 27 42 64 70 28 73 19 89 93 1 16 33 73 72 95 98 64 29 32 67 47 74 58 16 47 71 89 56 45 99 70 3 72 10 58 47 10 14 79 47 45 67 38 79 43 1 43 56 42 86 28 33 63 17 11 58 19 99 11 47 36 75 0 8 20 9 10 64 38 33 17 88 32 33 67 44 80
9 62 4 11 23 54 61 1 85 57 64 33 99 5 56 45 66 69 75 93 80 79 84 73 27 80 97 24 97 93 52 27 49 0 84 24 64 77 88 41 24 19 14 82 34 28 67 62 9 33 15 11 43 5 78 66 65 87 46 9 76 63 20 34 77 84 55 80 79 76 27 63 96 73 42 43 81 38 46 91 94 24 34 95 65 33 58 47 84 46 36 27 59 78 65 72 90 2 44 14 25 86 73 52 62 9 72 10 45 21 70 90 12 47 13 62 79 15 26 42 24 41 94 98 5 18 1 70
51 56 54 21 77 65 28 19 76 41 61 68 78 66 28 30 34 76 36 76 28 32 34 46 49 31 52 42 98 98 61 82 76 55 6 17 13 24 82 33 12 66 95 17 15 61 19 95 50 86 89 8 31 26 20 24 32 25 23 78 34 67 48 25 62 14 83 23 81 67 78 5 61 73 78 51 46 72 18 57 39 6 58 68 31 43 25 73 0 44 41 57 22 21 96 56 28 34 94 78 7 89 99 60 61 56 86 9 60 7 40 42 51 57 9 47 38 96 54 93 78 11 7 46 71 97 43 84
95 77 80 84 17 36 9 50 32 23 73 8 75 99 71 66 99 94 67 12 54 0 18 5 13 8 71 68 46 19 76 16 57 24 76 60 79 85 50 92 51 79 42 32 100 31 95 49 37 80 97 1 94 98 49 48 82 90 70 96 3 89 80 25 58 40 39 56 43 65 83 84 51 6 75 22 78 30 26 17 87 27 71 32 45 83 70 65 68 88 92 43 12 54 31 93 36 76 42 8 82 89 25 40 2 62 54 31 35 91 0 73 75 29 94 24 71 20 26 22 86 56 11 3 84 38 72 49
44 8 98 33 17 24 41 6 89 24 13 42 8 65 76 51 90 7 6 24 48 36 19 48 53 61 20 50 27 5 41 35 46 29 9 44 57 91 9 98 51 26 78 47 78 32 17 18 18 2 95 84 38 92 96 66 32 82 69 24 21 37 1 78 43 34 25 16 16 10 60 77 42 53 66 0 73 46 32 20 97 86 5 74 40 67 99 15 57 94 33 77 32 83 54 56 29 23 49 78 72 57 49 25 77 69 85 93 99 48 88 74 11 46 96 79 2 65 50 35 100 52 26 1 51 85 77 59
19 1 92 11 17 73 30 26 18 27 54 27 56 14 10 66 14 75 27 69 15 19 95 3 85 70 65 65 49 89 27 56 86 99 7 51 76 32 41 64 69 39 83 96 48 32 4 8 50 73 34 80 70 92 4 1 72 88 20 41 48 50 92 26 41 50 73 81 41 38 84 72 31 48 13 83 90 25 12 30 3 71 51 2 93 11 77 34 100 8 53 89 77 58 70 78 47 27 52 39 20 23 13 70 0 78 88 99 92 23 36 53 61 38 31 24 77 93 1 16 21 27 68 5 75 32 40 80
11 71 37 93 73 61 61 76 31 44 73 53 27 22 60 11 48 90 19 30 60 3 44 41 97 15 17 40 49 34 96 89 46 99 41 5 70 41 97 10 73 7 52 13 69 33 6 15 21 6 45 73 33 12 73 77 92 40 25 35 81 77 89 27 45 53 64 18 27 94 90 42 63 94 67 38 95 31 93 33 7 96 77 90 97 13 32 26 87 45 94 47 81 56 82 49 85 62 17 54 99 71 17 21 46 52 95 70 86 80 78 79 87 12 24 24 2 4 58 70 68 55 98 32 65 14 42 56
15 26 85 71 24 53 97 28 36 44 42 95 48 16 90 80 31 90 5 42 29 68 79 76 87 7 24 50 44 22 40 42 81 100 68 36 90 36 62 76 99 14 79 60 59 73 74 30 54 12 56 24 96 77 86 56 75 20 77 60 63 96 63 18 84 57 48 14 31 79 42 53 64 81 81 37 40 30 48 82 2 58 11 12 44 37 18 62 94 79 45 71 63 92 24 30 53 20 28 83 17 77 80 63 39 11 85 64 55 15 49 49 13 25 27 90 66 20 71 28 31 21 42 79 19 49 93 88
58 7 14 55 88 79 46 100 28 92 19 2 100 51 55 100 31 9 36 10 89 65 93 78 50 86 89 35 38 99 53 64 21 77 58 31 54 71 32 14 17 1 43 13 51 84 63 47 58 33 20 37 54 4 85 16 64 87 11 62 62 61 17 97 46 18 32 30 32 39 40 0 29 93 31 37 76 78 12 64 43 42 69 87 36 59 28 89 8 12 60 61 32 3 32 58 5 81 68 74 8 96 81 55 51 36 28 35 59 9 60 38 88 42 34 94 1 94 100 93 9 58 86 79 62 89 5 37
57 48 21 55 52 19 39 26 95 40 93 68 1 92 66 5 99 25 3 73 71 68 65 47 42 54 20 63 70 90 64 16 75 39 7 98 85 58 47 16 24 2 33 60 67 73 2 1 31 67 26 73 81 55 7 91 84 45 25 33 16 88 60 56 8 5 64 58 48 44 17 55 56 37 42 78 92 98 9 47 64 52 100 21 97 87 52 0 28 79 10 22 74 0 13 54 33 44 43 54 66 79 26 73 95 28 84 56 16 73 62 98 5 38 10 35 15 28 51 38 31 44 46 25 30 72 67 1
15 41 70 76 72 52 93 6 35 32 39 68 52 66 27 50 71 43 95 91 15 88 95 52 42 72 90 14 88 51 7 80 83 65 97 82 25 40 59 71 5 40 62 50 60 68 0 48 51 40 23 81 37 82 89 9 74 10 68 73 79 30 72 65 70 95 54 44 42 35 48 66 37 44 68 3 31 64 90 19 48 76 10 41 80 40 59 16 54 4 4 55 90 80 49 96 94 58 70 89 26 85 24 81 16 81 73 77 87 31 17 2 8 100 38 28 20 63 47 23 84 29 3 27 9 67 4 86
54 4 13 5 65 36 11 34 58 70 78 31 44 9 39 39 60 7 14 69 19 56 40 2 45 64 48 46 31 48 29 64 18 100 39 29 51 80 36 11 61 58 53 21 31 37 78 66 72 4 8 55 17 43 97 38 79 72 22 41 92 68 77 36 3 5 95 16 69 41 17 70 89 65 78 15 38 87 3 60 53 52 82 13 83 64 89 83 16 7 9 42 41 39 30 26 40 88 59 1 47 67 82 43 28 6 12 47 81 39 39 20 78 84 38 93 50 83 93 65 79 78 51 3 22 93 56 12
34 50 13 8 69 26 0 83 44 39 88 28 39 85 69 45 15 58 1 48 43 5 55 26 59 42 82 9 41 41 18 83 11 54 72 75 78 40 34 58 4 55 99 58 4 68 71 66 83 69 41 19 24 56 35 18 82 65 60 53 71 21 12 71 58 97 45 40 55 97 51 31 45 8 14 72 64 26 36 48 37 32 58 1 25 85 99 86 74 30 0 44 99 64 63 28 14 48 34 3 50 17 11 27 68 40 90 9 38 63 92 90 63 59 92 74 73 3 19 8 8 60 78 2 65 64 43 63
57 78 58 80 43 87 56 2 4 14 59 91 15 94 51 8 89 68 53 65 94 20 90 77 64 80 64 80 1 1 82 53 47 70 38 68 44 66 100 54 87 85 40 16 70 86 40 97 74 99 70 26 85 39 84 45 26 94 96 100 81 27 67 29 52 1 20 40 8 53 62 86 20 64 8 72 14 40 75 73 58 85 0 94 95 50 60 20 37 6 19 55 85 71 4 27 6 0 56 11 65 20 67 80 26 1 56 87 71 31 95 57 40 63 59 43 0 20 11 6 10 51 61 63 20 41 36 48
90 9 52 39 55 48 10 3 12 91 54 6 9 62 28 47 56 8 72 71 31 88 95 71 77 72 73 41 58 23 76 47 57 88 78 26 51 65 3 43 62 18 93 78 32 32 64 21 93 48 79 42 24 2 63 2 51 7 38 37 12 66 12 76 99 23 44 25 31 100 80 7 70 45 70 12 27 66 16 2 64 58 36 21 21 17 62 36 33 26 89 92 84 62 99 40 57 21 72 76 11 64 81 34 41 97 79 76 79 82 24 87 78 5 31 77 68 92 20 88 63 34 81 37 73 13 95 84
59 89 100 51 84 43 0 23 64 79 50 8 65 20 19 35 53 79 92 26 52 38 24 97 42 1 48 49 20 75 82 93 16 8 9 98 80 27 46 41 10 44 29 41 54 53 19 91 44 58 13 71 47 89 7 42 13 23 78 87 94 34 46 81 38 38 32 48 27 42 21 92 86 47 69 51 87 73 0 62 22 79 50 89 25 68 85 5 66 0 2 50 20 1 77 74 75 97 4 4 74 93 64 17 61 81 91 1 22 43 87 66 31 70 51 54 76 19 91 69 43 31 77 81 15 49 3 32
14 14 94 53 72 37 1 36 70 8 33 98 6 88 84 34 30 75 59 93 28 72 42 23 30 8 43 50 50 49 2 46 4 97 88 12 98 72 60 45 39 35 34 14 66 75 41 15 13 56 27 82 80 28 2 90 16 30 75 11 70 63 55 33 95 23 84 61 18 19 64 54 89 82 95 90 30 76 12 74 50 85 67 25 62 54 64 3 45 62 43 36 41 4 66 38 40 93 1 52 13 53 47 89 73 61 15 11 6 20 84 14 68 3 67 14 39 64 36 93 57 66 100 42 66 74 71 76
90 3 33 75 100 98 100 62 53 25 83 68 88 86 68 75 85 52 91 85 24 34 53 40 29 16 43 9 63 8 72 5 67 45 19 12 3 95 15 72 71 81 22 39 81 22 100 6 99 91 9 96 18 51 17 80 44 89 76 17 15 3 57 77 9 60 62 72 89 85 77 42 60 44 37 38 62 16 22 94 74 92 72 47 30 52 0 9 13 96 4 13 54 46 90 52 63 18 93 42 50 45 80 83 29 91 15 28 53 73 52 90 62 94 17 78 95 28 43 100 1 99 62 22 6 23 39 24
29 23 11 0 63 84 26 36 77 88 89 100 0 89 1 28 22 60 56 98 4 66 41 30 76 4 52 31 12 4 52 11 8 69 20 72 79 87 86 68 78 51 26 12 35 39 33 55 35 59 29 80 36 4 77 73 47 59 34 75 8 4 1 88 64 62 87 2 26 90 97 8 35 42 9 67 31 12 20 25 91 90 100 44 88 73 91 53 73 3 40 66 10 49 36 83 10 23 8 63 65 72 36 51 76 73 49 12 50 67 34 29 93 93 86 69 14 75 35 10 94 25 99 67 100 24 16 53
18 60 36 55 54 61 62 23 71 5 43 44 22 38 34 46 46 39 34 31 81 20 77 43 84 67 13 86 35 93 76 26 58 80 64 86 23 48 19 14 71 96 51 44 71 61 19 30 27 10 98 68 66 67 32 56 46 4 32 73 81 65 37 11 12 79 16 12 2 68 58 87 30 32 70 66 45 75 52 89 64 11 86 6 95 80 67 16 53 74 21 23 50 28 63 19 35 36 32 52 90 15 15 100 47 55 20 81 96 24 78 90 4 18 20 81 19 4 50 90 93 41 44 82 96 74 12 48
44 49 14 31 2 14 6 16 29 65 55 54 57 94 8 69 61 56 29 13 20 10 13 72 65 85 98 0 24 46 77 71 25 78 73 35 38 2 43 2 100 78 57 82 10 3 44 60 6 76 12 21 75 100 99 50 85 54 31 47 24 80 89 41 6 22 69 92 18 77 34 28 39 51 66 71 78 91 90 62 18 65 53 80 91 42 31 80 97 45 56 81 9 78 33 52 72 55 53 58 9 97 15 97 97 66 35 69 40 3 6 22 0 90 20 90 50 73 69 58 3 8 92 69 15 63 12 42
23 75 72 11 92 67 16 19 1 98 38 68 18 46 60 65 94 65 27 24 29 59 61 26 69 18 52 44 13 38 32 67 34 19 34 1 73 82 67 7 43 6 82 36 35 13 38 71 29 33 86 82 43 92 84 88 31 3 61 67 4 59 85 88 57 73 42 48 15 90 40 10 59 8 67 84 48 34 1 56 99 62 96 25 72 7 62 57 94 2 36 24 68 48 20 38 64 86 19 98 78 48 65 16 89 77 52 50 67 80 25 11 36 20 87 17 88 41 25 69 32 22 79 8 91 16 9 59
62 67 76 94 65 26 72 80 23 48 100 6 2 35 56 7 57 45 84 51 92 83 23 4 2 80 24 95 15 60 94 81 80 51 56 30 30 8 84 25 74 34 60 3 66 10 82 60 2 8 24 66 9 80 70 49 71 78 71 29 73 42 100 20 0 37 68 65 53 5 33 82 55 30 74 97 67 22 53 58 34 53 73 40 5 93 12 8 76 81 1 23 95 100 75 81 59 73 28 77 28 66 97 42 93 3 37 31 36 100 56 85 18 90 11 91 26 58 71 76 48 75 4 17 45 13 76 53
20 36 51 46 75 2 16 2 79 2 58 60 37 30 64 79 80 27 1 50 52 0 66 1 26 58 79 51 40 36 28 55 26 73 51 54 51 8 73 22 17 21 10 20 73 10 71 35 45 41 17 90 85 27 7 40 32 35 17 80 11 43 90 13 19 54 96 61 86 98 16 96 19 49 9 19 82 58 47 30 68 94 19 85 41 97 18 42 9 61 47 20 23 14 95 71 68 30 7 49 51 28 49 43 81 70 82 4 97 91 6 87 30 37 66 26 84 7 82 12 47 52 87 43 3 70 1 49
38 40 36 1 24 88 58 52 59 23 96 78 57 47 55 10 31 32 97 32 24 26 51 17 86 92 51 36 100 4 51 93 100 4 59 80 88 30 39 65 16 72 88 92 86 1 58 92 54 13 28 86 24 76 88 100 19 60 82 6 43 6 94 9 42 22 49 46 43 98 78 55 65 38 5 100 86 81 58 61 13 42 38 38 86 48 64 94 56 35 55 87 32 82 64 56 97 43 36 8 5 39 0 15 55 76 92 43 30 82 39 80 27 65 46 23 51 57 25 64 13 73 44 20 39 18 61 48
98 44 68 77 82 75 37 30 58 13 14 28 17 65 6 30 87 64 41 24 35 44 44 99 1 95 69 79 92 66 66 93 49 53 30 17 18 24 49 70 88 31 34 15 8 64 52 18 57 54 72 36 13 58 13 33 1 68 26 93 42 18 5 6 38 35 75 11 76 80 90 54 91 13 87 50 97 84 69 65 20 59 87 54 50 57 89 28 3 74 70 80 24 11 89 53 40 30 67 77 100 50 46 87 75 94 71 55 97 50 44 30 97 33 35 94 99 8 64 37 79 13 86 89 18 60 83 72
86 60 68 68 21 3 37 84 35 48 87 57 36 2 73 93 85 80 54 25 77 91 84 76 2 94 4 39 8 34 63 89 47 43 49 100 57 59 98 37 90 50 72 32 61 83 23 38 52 33 8 25 39 49 37 64 13 100 11 46 51 88 41 51 75 11 68 19 97 39 50 49 74 62 27 69 2 30 38 59 34 37 60 57 95 26 19 86 61 60 96 5 0 85 65 19 74 79 11 30 99 69 91 91 84 36 43 9 79 36 72 69 21 97 18 7 59 82 63 79 51 11 64 94 40 44 22 35
53 40 32 3 73 79 77 37 42 45 40 6 8 43 91 95 92 86 54 63 39 75 48 5 82 60 61 70 79 19 62 96 73 14 50 77 97 72 46 62 44 17 81 60 90 67 5 47 90 62 95 62 37 81 90 33 11 20 50 53 17 33 79 93 85 62 87 63 60 41 12 33 31 43 0 100 8 99 10 71 56 72 12 24 8 73 44 85 49 50 38 34 74 33 15 58 53 76 93 21 3 49 97 10 7 53 37 58 62 26 73 77 42 1 1 60 34 93 85 2 78 65 90 2 57 17 29 18
76 77 80 72 62 83 22 46 52 90 15 44 15 7 40 80 64 5 45 83 0 90 25 45 64 1 23 68 55 75 75 10 88 58 7 36 94 84 94 41 3 27 26 77 87 61 66 23 80 60 0 74 72 59 94 75 6 26 29 67 78 27 92 11 22 88 6 56 75 7 28 78 49 56 67 23 77 0 10 10 44 56 10 87 47 72 15 32 67 75 69 63 83 60 95 97 72 4 30 4 66 99 41 51 14 32 42 28 73 3 100 15 49 47 0 93 78 71 66 5 38 62 28 98 8 75 84 8
20 4 74 75 59 96 53 95 53 5 84 17 4 11 60 44 37 43 4 75 63 63 87 95 95 74 49 4 12 78 82 25 50 11 18 28 71 13 12 46 7 78 76 47 56 95 8 36 8 20 35 29 46 8 27 25 88 65 93 6 68 83 84 4 96 47 76 56 16 63 16 75 8 31 30 42 74 63 52 80 99 14 55 8 89 74 80 95 50 7 37 74 65 49 58 59 57 17 63 26 61 35 33 43 42 97 23 79 33 26 9 77 44 60 95 50 2 43 19 74 39 12 9 0 11 42 71 41
0 63 44 23 53 72 65 38 10 53 31 9 32 39 8 47 95 51 33 65 1 40 54 67 6 100 86 9 73 83 29 96 89 27 60 94 68 62 17 31 82 35 17 80 34 4 11 16 44 40 59 29 79 28 94 62 88 42 96 71 0 31 34 49 91 18 1 21 34 13 25 39 50 73 49 46 49 79 74 46 64 67 96 22 36 20 59 76 32 26 58 21 5 53 30 3 31 25 35 83 36 63 69 57 92 73 47 58 66 14 33 85 72 19 77 34 28 15 100 87 46 17 18 98 28 20 7 75
41 30 2 22 67 95 75 14 97 93 83 71 44 34 36 48 25 60 46 2 9 99 1 30 76 78 23 0 72 35 72 53 19 71 38 81 52 27 68 73 96 67 47 86 66 73 28 64 22 90 78 29 85 0 60 44 8 88 60 68 8 41 90 16 4 2 66 2 34 37 47 89 33 17 100 98 81 18 7 15 89 31 23 9 31 96 74 87 41 48 69 90 82 71 76 69 76 3 81 74 91 25 82 38 25 86 96 61 4 30 81 2 77 91 75 3 26 20 45 95 73 0 17 94 15 41 90 97
41 19 0 100 100 55 90 79 15 87 86 99 17 77 57 17 17 81 88 85 74 29 29 83 89 11 82 37 44 86 2 44 85 19 45 74 61 18 6 46 95 6 22 33 81 84 57 27 79 74 90 32 85 45 28 57 84 15 57 74 92 35 40 11 1 88 51 34 55 94 13 80 96 0 90 21 17 16 46 72 51 17 19 64 1 3 26 23 95 27 10 19 6 34 69 9 22 90 10 33 45 55 33 15 61 29 91 51 78 26 77 44 35 61 73 20 60 66 77 24 78 1 27 37 70 78 55 95
65 48 45 59 73 32 74 83 99 97 96 69 9 99 81 40 56 68 89 15 23 55 96 27 68 38 97 13 0 6 61 66 6 26 75 18 16 39 97 62 57 23 50 39 73 72 83 35 79 100 9 44 83 98 65 10 40 96 97 51 96 65 90 10 43 43 20 90 10 73 100 16 56 58 79 0 57 84 88 55 24 98 8 82 3 55 26 70 92 88 19 64 38 19 65 38 82 46 66 80 98 48 61 9 98 60 43 23 14 61 63 42 82 67 27 81 36 19 38 84 62 51 52 47 37 26 55 2
38 36 88 8 74 17 57 44 36 47 31 93 98 36 89 27 15 83 16 98 2 77 89 9 63 67 75 46 36 7 0 83 16 22 13 73 33 6 21 11 26 80 37 27 45 33 71 78 7 9 17 99 46 28 80 24 23 15 15 11 89 37 22 39 21 96 43 41 73 13 64 92 31 90 34 95 27 92 96 97 35 3 47 83 0 46 100 10 78 54 42 79 29 100 0 34 73 62 40 11 28 58 37 7 44 68 78 53 59 84 67 28 71 31 91 38 80 24 95 10 27 62 95 32 60 63 92 39
45 69 78 47 36 51 68 25 67 28 29 2 28 8 98 86 23 68 98 50 54 24 64 59 88 6 44 35 46 54 93 26 54 12 56 39 34 94 55 2 2 73 10 53 85 81 14 45 70 80 17 50 51 21 23 94 100 47 89 2 36 55 8 76 43 15 45 47 81 52 47 28 73 59 47 68 97 87 7 64 58 91 11 38 74 10 57 99 37 19 26 78 3 24 65 85 53 51 96 63 10 36 50 35 16 3 14 97 51 80 42 35 70 57 30 93 43 11 74 69 73 98 47 86 18 48 87 14
19 31 81 92 81 85 36 1 10 61 59 49 59 70 0 60 19 34 34 40 94 39 80 65 3 68 74 85 66 78 28 37 90 77 28 81 92 17 2 38 7 61 71 25 83 87 94 67 13 51 19 90 91 27 57 65 6 46 94 1 56 35 6 97 0 27 26 78 18 70 79 51 26 58 56 77 83 42 72 34 13 38 46 23 68 33 29 36 20 78 3 97 29 38 69 21 75 51 50 95 60 83 27 63 31 83 89 37 28 89 0 7 23 32 46 80 22 19 100 65 54 4 40 74 12 16 17 35
8 40 63 31 32 84 66 75 28 26 14 53 72 21 100 44 18 4 27 70 91 52 0 16 92 25 97 97 55 95 57 9 58 3 72 18 5 51 31 19 75 97 14 29 1 70 86 86 62 64 25 47 90 41 92 80 93 17 23 70 16 26 97 10 97 32 18 40 92 75 44 63 56 40 63 96 66 36 82 100 94 48 85 46 71 64 39 75 8 54 11 41 39 59 85 32 83 90 65 82 8 99 53 85 66 46 78 55 50 54 85 6 14 56 58 65 31 40 60 51 47 80 33 61 71 25 23 84
