34 56 9 98 88 70 96 72 37 31 24 90 60 38 0 6 80 19 54 72 44 33 61 46 43 87 79 91 68 85 99 38 51 5 36 85 59 21 45 80 72 10 79 20 35 3 79 42 90 21 18 4 42 14 90 36 94 96 74 73 86 28 25 51 72 38 84 5 26 6 67 97 24 96 78 30 58 70 84 32 88 25 51 30 82 11 42 86 64 1 68 11 50 3 85 71 13 36 46 89 39 22 25 12 41 61 59 9 2 97 98 17 87 83 94 78 85 30 81 71 85 100 85 68 30 76 4 0
35 87 93 86 15 95 60 12 92 9 76 30 55 97 77 76 79 20 62 8 47 21 47 36 52 19 80 18 97 21 84 91 17 30 54 57 29 27 34 96 26 96 99 94 9 88 65 74 43 54 11 44 3 91 67 78 12 37 89 24 15 3 15 93 86 37 29 2 35 97 18 37 24 29 16 1 46 81 30 5 39 65 29 72 19 13 61 84 30 96 94 21 10 11 14 81 44 90 95 34 100 24 32 16 74 89 53 15 25 5 68 23 63 31 30 41 81 87 24 17 78 12 88 25 16 4 34 83
71 13 14 98 33 1 79 35 75 11 30 4 30 94 78 84 86 87 76 4 9 62 75 89 48 7 34 76 87 90 100 68 11 99 27 28 64 87 80 93 70 67 52 53 36 55 88 51 24 65 95 89 78 36 73 73 41 24 47 4 26 96 85 73 72 62 36 59 14 57 2 54 45 32 79 82 51 7 14 20 59 75 99 3 18 56 77 13 50 86 100 77 96 55 75 70 75 65 8 35 15 66 84 42 74 56 39 7 78 45 95 95 17 87 98 82 70 95 74 79 25 28 29 24 17 83 53 28
16 32 9 74 25 26 11 17 73 93 77 8 100 81 37 13 72 28 12 31 100 64 70 22 92 98 66 45 31 55 16 1 85 79 5 62 21 53 40 28 42 86 36 58 75 66 99 10 38 49 82 74 52 29 66 78 52 88 86 67 60 23 32 46 45 23 90 9 94 78 34 38 34 55 71 75 47 59 14 13 85 97 0 66 32 4 50 88 47 6 95 40 39 2 57 39 63 40 54 66 12 86 99 19 51 80 5 0 18 22 28 77 78 29 91 48 1 40 50 95 28 88 69 35 73 10 53 47
8 77 57 90 96 54 20 0 4 31 79 25 56 80 1 20 6 9 38 33 65 33 69 38 20 100 21 95 12 28 6 43 48 33 50 58 22 54 53 15 66 16 1 83 31 33 96 42 69 60 16 22 55 20 6 10 100 29 71 23 93 80 77 62 80 82 81 88 78 77 13 94 49 68 82 19 63 65 27 63 49 38 56 37 11 62 1 87 99 60 49 75 70 19 16 8 88 38 66 30 100 33 26 56 47 39 43 65 90 81 98 43 18 13 98 2 25 56 97 85 53 30 28 35 35 84 13 75
39 12 10 17 41 71 7 66 37 55 20 87 81 63 66 8 16 44 21 50 7 60 22 91 77 53 52 71 4 48 79 69 67 52 52 73 61 35 73 33 40 60 50 2 6 26 93 4 7 45 24 37 97 42 64 51 17 76 41 73 51 46 58 60 69 85 30 14 52 80 3 16 46 59 33 10 88 30 65 65 7 13 47 87 54 22 20 67 67 9 50 36 11 95 80 30 16 89 73 53 84 89 81 45 61 20 99 88 0 48 51 4 13 1 48 84 25 99 16 87 55 94 22 67 73 14 100 78
85 74 71 45 69 78 84 1 57 45 99 61 89 63 7 35 18 64 56 79 96 27 31 98 34 64 34 59 21 61 81 25 23 82 89 48 15 78 100 98 38 50 10 19 69 98 21 29 16 43 70 88 82 29 82 20 43 57 71 21 18 40 4 21 86 60 41 29 70 68 88 36 12 32 100 63 83 52 58 40 33 63 74 35 11 49 97 33 27 17 20 25 5 11 17 64 27 64 45 72 78 41 48 38 13 41 93 26 68 91 57 16 9 66 70 94 71 33 39 96 11 44 37 59 88 75 4 31
32 94 53 71 70 74 70 86 95 98 41 45 41 100 98 21 8 48 12 95 77 100 85 80 26 31 91 1 62 71 1 69 9 93 39 29 96 52 28 38 35 21 35 87 37 20 70 95 21 47 40 4 23 68 19 53 13 92 14 10 85 69 4 66 47 87 12 71 23 94 86 53 28 77 67 62 62 97 62 10 47 96 74 8 5 94 94 15 95 38 35 84 78 40 7 45 8 75 19 58 48 73 18 17 41 17 9 36 31 58 41 47 77 50 72 88 28 49 93 45 12 41 18 51 93 16 48 25
44 68 60 95 31 71 4 20 84 23 93 89 24 53 60 89 96 59 90 41 57 36 95 67 75 85 76 62 56 89 47 68 23 79 74 28 18 91 71 70 0 40 46 67 23 83 19 99 5 45 66 69 16 3 16 37 98 100 64 2 19 40 44 3 76 55 35 75 57 66 46 82 92 95 77 58 34 54 57 69 8 51 73 66 35 8 16 39 87 57 17 17 29 14 45 31 83 5 80 41 24 77 57 6 53 65 82 91 61 0 89 61 45 70 1 68 36 9 73 72 92 74 26 19 19 51 50 3
83 92 78 34 84 11 8 74 27 19 100 14 25 48 14 3 58 37 71 21 42 72 68 41 49 79 29 76 5 84 0 85 63 21 40 76 54 45 5 1 28 70 57 53 44 92 46 4 7 7 4 2 88 68 34 87 84 88 36 9 54 47 77 32 58 38 38 97 48 30 55 23 14 3 86 91 17 16 20 88 48 65 5 87 58 32 13 69 20 84 12 16 68 81 74 4 71 77 84 2 46 99 42 44 0 96 44 76 3 49 50 19 28 14 60 6 86 31 81 28 52 91 55 33 34 64 96 70
75 22 26 27 44 13 25 23 55 90 0 16 8 6 13 48 9 4 6 56 84 33 6 77 34 95 95 78 65 60 100 44 53 23 83 16 38 99 39 42 65 37 94 27 64 33 22 74 82 95 99 57 5 88 54 86 13 61 23 80 93 17 57 83 40 52 77 67 13 51 6 37 85 1 85 44 47 94 62 28 27 0 3 98 66 1 50 47 66 87 16 84 96 49 59 17 89 15 42 31 71 95 69 55 33 86 84 44 31 33 40 89 17 7 60 1 30 37 57 57 64 31 85 12 14 37 44 2
70 11 44 13 60 24 91 59 54 57 41 8 35 92 41 30 24 59 72 75 25 90 13 78 49 73 42 95 52 45 4 7 46 41 63 62 82 14 10 77 35 33 79 86 10 43 57 80 58 54 93 41 53 66 19 95 75 77 14 93 88 95 12 94 93 92 87 47 26 26 1 91 97 31 15 70 91 32 94 13 99 16 80 60 99 72 43 36 85 93 27 22 52 74 21 61 34 81 11 43 57 8 83 25 60 71 98 41 79 98 12 84 47 8 40 36 100 35 19 95 22 93 100 82 57 55 93 85
5 72 78 61 56 32 33 60 28 18 99 88 99 61 54 89 30 43 83 71 47 68 96 91 83 10 17 64 62 68 33 50 7 83 76 19 82 20 98 71 40 75 55 29 49 1 31 80 71 16 87 42 82 2 99 56 30 56 13 78 19 52 81 15 33 30 3 96 23 72 56 87 4 11 27 49 56 29 31 34 68 31 17 64 53 27 63 23 51 19 96 62 88 38 76 78 59 70 78 81 4 20 16 44 47 84 10 94 61 15 91 71 18 12 24 66 8 68 66 16 80 61 12 100 62 26 52 86
98 9 98 59 10 85 11 37 29 82 0 90 7 45 47 69 45 44 50 93 8 33 96 74 19 60 99 61 8 75 29 98 51 5 10 78 68 22 83 48 18 73 33 51 29 37 66 53 21 31 21 84 16 5 96 1 42 35 62 77 76 13 43 88 26 79 83 79 52 37 99 81 28 74 95 44 73 12 35 57 57 56 19 15 64 68 38 99 48 38 48 14 82 32 1 99 22 11 40 30 66 65 28 45 77 47 95 3 50 2 77 47 65 47 35 48 68 97 46 73 69 47 14 80 7 66 78 67
40 86 89 37 67 1 19 100 81 100 5 45 64 66 94 95 60 53 0 2 29 38 2 5 66 97 15 90 35 47 6 70 99 18 61 32 15 85 93 93 37 64 84 66 30 50 92 80 6 30 100 53 34 10 80 96 73 45 22 30 27 29 65 77 76 28 50 72 14 19 12 19 40 90 72 26 0 60 7 65 29 92 31 64 12 88 25 91 65 44 37 30 82 74 40 48 55 35 72 12 32 45 39 77 78 11 21 34 16 71 84 41 43 73 53 94 69 84 28 0 3 14 63 14 27 75 44 20
28 92 34 29 46 95 87 4 44 31 33 39 40 19 80 44 76 7 29 0 66 41 50 59 49 49 31 72 30 50 7 21 6 12 52 81 87 20 99 62 59 78 19 28 71 26 88 44 44 62 74 83 46 58 27 73 9 32 33 72 42 63 97 19 20 40 26 46 11 45 34 44 61 39 77 33 43 46 68 0 54 63 28 22 74 95 8 44 20 84 29 58 52 53 40 28 22 0 28 77 31 14 99 12 84 50 83 38 80 42 7 94 99 51 64 93 52 38 70 94 0 79 31 99 92 92 44 77
58 70 70 91 59 44 50 93 9 78 42 99 90 53 73 56 29 78 52 13 88 85 86 79 7 0 70 6 3 13 82 80 63 60 58 38 42 30 57 22 32 99 51 60 87 50 51 42 2 88 30 53 70 48 54 47 59 0 95 49 60 40 9 94 25 15 8 92 58 21 27 37 24 10 48 91 24 56 52 35 33 18 99 62 59 23 44 62 29 91 91 36 49 18 20 12 49 33 13 58 87 62 59 23 66 27 46 48 47 62 28 96 89 68 50 43 24 2 21 46 47 9 0 90 15 5 28 14
16 87 36 27 82 88 57 61 94 45 19 87 93 21 61 38 86 80 60 51 26 14 44 49 86 84 31 91 97 13 53 54 47 45 21 71 90 24 6 95 87 2 4 39 79 24 99 91 29 14 75 7 80 85 55 19 42 1 56 83 74 28 32 96 15 27 60 7 53 51 48 91 3 30 95 69 69 75 50 12 97 94 64 66 30 15 87 37 63 84 76 45 69 88 41 62 51 53 57 30 83 24 8 54 55 28 70 94 64 83 16 57 50 78 40 100 4 65 98 91 57 95 77 27 5 8 74 65
47 30 33 15 3 63 34 41 66 13 68 57 3 65 56 39 70 27 71 68 17 27 13 4 36 17 77 46 94 24 55 76 91 99 72 44 91 71 10 90 64 87 11 94 88 82 35 35 13 99 89 45 83 26 4 83 91 39 33 22 75 19 22 44 68 18 64 65 68 81 84 15 72 62 50 10 43 60 45 90 27 10 69 22 75 43 67 5 71 30 77 3 89 36 43 99 26 43 69 33 89 69 8 62 9 60 95 37 87 47 65 91 88 61 65 3 31 42 10 42 36 4 43 27 38 6 84 89
41 41 5 30 35 62 23 2 42 65 58 80 24 91 94 92 58 43 17 17 13 53 42 37 71 71 19 78 69 32 67 73 41 98 14 52 9 8 90 19 11 33 23 21 73 71 27 87 77 71 15 14 96 72 96 98 75 1 99 6 94 49 2 58 6 69 40 89 50 49 59 53 64 6 26 20 71 64 79 75 28 10 97 80 53 80 25 45 87 82 14 90 15 6 81 75 53 80 97 63 58 11 65 89 4 18 92 86 32 4 64 45 41 58 7 6 78 29 74 67 7 92 13 72 35 74 67 45
70 44 26 65 55 42 20 63 18 53 47 98 50 25 39 85 43 46 66 75 59 68 3 38 95 62 6 58 64 84 86 76 23 27 17 8 22 100 94 69 8 80 4 15 27 68 38 0 6 73 10 66 90 33 40 33 63 23 30 83 14 6 62 25 28 59 32 89 37 3 32 74 39 71 67 84 44 83 22 72 12 55 26 74 74 95 47 84 14 5 54 62 94 62 95 19 85 67 6 64 82 96 30 39 30 47 52 92 86 23 66 48 8 4 60 24 60 50 42 63 76 57 20 33 79 31 27 37
74 52 59 58 21 80 8 28 57 66 36 14 87 94 56 69 92 28 69 99 5 48 71 1 35 88 77 92 31 70 97 28 65 83 27 33 29 7 36 38 61 83 45 89 17 30 63 80 13 57 62 46 72 64 8 73 17 55 36 35 53 89 60 83 1 38 29 14 36 18 4 25 75 91 65 66 62 34 83 86 100 21 82 47 9 92 35 10 58 14 59 93 87 32 45 39 5 32 75 49 30 11 40 86 88 79 39 3 82 8 59 13 45 92 72 32 85 3 9 62 86 84 100 95 55 95 14 53
64 91 65 18 17 47 30 29 24 60 18 27 53 71 10 38 9 79 52 84 90 83 52 2 66 95 76 2 79 74 4 23 27 34 27 48 31 51 33 82 2 48 20 32 96 40 99 50 60 82 80 21 25 96 97 90 22 26 69 39 67 47 30 85 60 87 19 45 66 72 20 37 95 41 86 30 52 44 1 96 46 35 88 78 3 97 44 11 53 36 80 47 85 66 19 66 0 97 2 26 98 8 15 8 9 62 43 24 47 18 68 82 88 37 42 84 59 10 15 70 19 66 78 12 30 97 48 1
11 3 69 76 27 0 25 36 77 59 33 39 31 95 39 59 0 86 70 86 76 23 92 1 39 73 79 57 50 52 9 79 32 25 20 96 9 16 37 50 46 64 5 36 48 26 14 1 91 81 47 0 24 63 64 21 14 46 51 20 2 3 16 82 96 17 37 79 4 65 37 26 65 28 50 62 5 94 95 62 36 72 91 100 18 74 83 15 23 75 73 48 88 75 63 59 11 69 7 90 48 45 66 72 33 93 66 5 77 44 25 62 54 49 0 73 100 5 83 48 55 8 26 38 99 94 95 55
9 16 1 81 50 91 97 26 27 49 22 57 46 50 86 90 60 36 54 81 33 31 6 86 77 93 45 23 69 52 7 47 89 5 15 0 72 39 9 96 86 4 33 84 72 6 91 63 26 59 6 91 46 15 2 41 74 67 90 78 70 30 8 56 20 9 25 30 99 36 64 8 54 22 91 95 63 34 55 2 11 21 72 28 44 37 87 96 13 48 51 32 78 87 54 11 99 80 72 7 92 7 29 62 50 51 6 100 54 61 73 69 99 90 99 55 53 40 50 9 66 62 79 42 25 54 70 28
40 67 92 89 42 15 48 27 74 20 12 82 39 53 8 76 77 80 4 90 51 29 93 9 35 100 31 27 15 62 91 19 24 65 83 58 61 89 20 16 57 20 76 5 14 76 17 40 24 95 11 93 76 98 41 100 87 53 67 75 57 71 81 34 63 70 48 11 9 80 26 1 26 92 68 2 55 71 85 66 34 86 43 51 80 38 20 83 82 48 8 4 69 29 3 32 38 18 67 15 99 87 71 28 10 96 49 55 50 78 33 68 12 75 58 2 95 40 9 37 43 53 52 69 22 73 73 77
27 38 87 18 29 66 23 24 91 54 4 96 81 62 9 2 18 30 73 65 49 82 24 4 31 15 53 78 4 23 56 33 79 96 40 59 67 17 89 92 63 11 35 71 94 50 100 59 5 2 50 53 61 3 80 33 41 76 90 62 9 83 60 90 97 67 12 62 90 24 43 66 74 36 28 16 80 12 39 4 12 80 61 85 8 42 45 100 94 9 1 66 82 36 26 9 47 89 2 41 41 98 19 93 12 100 51 70 10 16 48 82 82 76 28 70 15 86 12 82 96 84 66 31 68 86 58 10
7 96 35 79 19 12 5 67 60 30 94 23 51 62 76 91 31 94 47 16 54 78 27 48 2 6 32 89 32 48 5 50 97 59 4 45 39 6 17 62 36 23 27 47 4 87 94 71 19 98 29 24 49 86 96 4 90 16 13 71 67 92 94 88 32 66 90 39 97 47 90 52 9 49 86 58 18 17 57 47 63 96 46 65 11 50 25 7 85 7 72 68 58 44 80 24 82 86 48 58 75 27 77 22 31 46 27 86 31 29 39 58 17 14 36 74 100 27 37 8 74 28 31 67 40 19 36 0
81 77 44 55 14 48 22 77 64 24 19 86 17 82 50 14 36 39 13 70 77 82 11 10 39 7 51 37 21 34 14 92 93 86 10 71 66 86 26 30 1 46 2 89 28 63 12 59 71 36 95 24 1 78 43 9 74 28 57 66 19 38 91 89 13 22 0 7 71 99 5 64 94 85 42 57 41 12 32 9 75 68 73 71 77 41 96 9 90 26 31 36 68 59 59 25 95 17 89 10 46 83 11 36 49 31 34 42 2 14 92 53 48 31 76 92 64 31 25 3 35 2 67 61 4 73 81 85
51 98 94 37 85 44 84 55 15 36 87 27 8 74 97 33 20 26 98 92 27 46 11 90 77 64 75 23 63 16 72 81 9 42 3 20 50 11 97 41 72 11 32 28 49 61 24 19 80 2 15 86 5 37 60 48 54 72 61 75 44 60 55 24 79 54 69 60 75 73 96 74 63 92 81 76 58 74 18 67 0 6 86 19 13 28 97 25 67 19 18 64 94 20 78 64 33 14 3 74 75 75 69 79 13 92 62 36 55 100 43 33 16 18 91 83 43 34 17 78 35 95 87 2 54 34 60 40
75 17 97 40 86 26 49 23 50 96 89 70 99 32 74 4 0 8 93 42 92 27 55 54 90 59 0 23 62 12 81 86 79 60 84 73 20 87 63 17 72 96 96 31 97 13 94 57 76 84 7 57 51 32 0 38 39 11 37 6 18 6 23 7 59 0 73 50 82 98 64 96 27 77 41 69 58 39 96 95 18 99 22 46 94 34 84 69 32 48 46 1 68 70 30 75 35 18 64 76 28 2 73 62 69 42 17 44 1 55 0 48 9 83 65 10 28 90 92 80 25 97 88 78 88 62 44 61
1 67 79 65 65 95 97 61 91 87 21 74 14 39 70 56 83 61 78 2 42 70 28 17 22 78 81 82 51 4 26 56 23 35 31 52 45 40 62 4 4 50 98 24 91 58 14 68 32 99 86 18 9 87 76 16 80 50 88 47 67 24 65 30 98 61 34 39 44 49 25 21 61 71 47 7 25 66 77 6 96 69 100 42 0 46 56 47 81 42 94 11 25 11 29 77 83 21 40 21 3 94 95 6 82 2 44 48 54 77 29 8 46 78 72 71 83 48 67 30 79 36 3 94 24 34 73 98
90 52 3 17 75 70 64 18 72 55 74 91 47 16 6 59 27 84 34 98 15 56 88 13 81 78 40 3 34 93 50 0 41 29 61 23 8 40 93 6 76 31 24 51 84 12 13 46 85 29 48 42 80 100 53 49 30 58 98 45 3 69 91 85 55 54 36 60 42 32 31 67 0 30 93 67 46 2 77 100 82 14 95 99 72 59 30 11 53 65 55 29 7 87 45 53 75 97 33 81 33 65 88 14 38 34 8 24 62 2 70 57 14 7 31 78 51 43 3 1 20 78 21 67 11 32 93 29
13 16 88 37 52 11 12 18 73 65 48 59 100 72 7 37 72 30 71 56 58 51 89 34 97 16 32 8 64 74 85 27 40 35 71 80 22 52 57 32 90 71 64 94 78 64 89 53 100 23 97 17 98 94 62 6 8 9 11 75 78 90 50 90 31 89 44 74 64 96 46 7 73 100 24 51 25 78 13 60 70 4 74 9 74 97 45 21 96 54 95 84 47 59 38 86 13 63 88 86 71 29 61 7 2 36 54 35 63 29 62 10 58 18 59 25 36 38 74 53 53 54 2 81 69 85 25 72
81 74 59 55 29 30 1 68 39 40 77 24 63 16 34 5 65 10 38 97 73 21 25 2 54 53 21 26 86 24 21 14 0 74 63 36 40 9 63 64 11 71 19 33 97 12 12 60 35 21 92 4 81 92 95 1 59 78 31 87 89 80 38 78 60 96 59 92 46 16 84 91 54 77 32 87 93 82 11 68 27 46 5 50 22 90 60 60 54 75 67 92 7 64 33 2 1 51 11 13 28 48 81 5 13 46 21 18 22 59 26 100 45 4 57 41 17 7 67 78 88 64 5 45 74 59 41 53
0 8 38 76 43 40 91 96 18 89 9 63 28 14 28 80 90 85 50 20 27 17 68 20 83 15 39 48 51 16 50 87 65 93 32 84 98 37 26 1 29 36 73 39 1 91 66 27 100 94 72 29 42 41 12 97 16 71 24 72 88 21 66 23 73 20 70 98 89 83 6 72 32 15 66 76 52 46 75 74 87 14 14 13 82 61 97 37 1 95 70 45 65 89 85 12 72 69 66 15 60 47 73 100 49 40 100 46 83 81 55 43 92 38 28 11 52 88 24 36 70 38 0 53 29 67 23 19
10 42 59 47 51 5 7 94 49 74 69 45 63 97 72 13 93 1 42 2 0 53 63 100 91 93 39 55 63 34 94 91 3 35 53 80 59 32 42 68 12 43 60 92 1 76 42 36 47 37 72 5 99 91 79 46 29 60 55 80 1 3 27 96 61 31 72 47 98 74 33 90 2 87 57 23 56 97 18 39 9 86 4 21 90 39 38 63 36 13 63 35 83 92 17 13 46 69 15 41 36 97 59 90 11 93 82 50 39 56 95 58 56 97 2 73 61 61 76 37 9 6 94 36 15 86 43 42
1 28 62 8 37 24 17 27 55 44 33 50 24 76 31 10 50 58 15 84 61 58 39 8 55 42 42 42 18 19 9 64 7 69 95 45 97 44 52 85 10 36 34 41 31 42 51 68 74 5 76 24 51 6 32 5 90 83 60 13 2 72 1 87 34 46 57 46 65 42 4 76 97 81 72 60 19 99 9 8 14 4 74 28 89 6 33 24 4 60 90 46 27 80 58 73 67 9 84 93 59 63 27 60 69 17 15 38 15 0 70 59 71 4 50 70 38 32 76 40 5 97 46 89 0 75 26 92
51 22 1 16 94 42 98 4 48 97 93 63 5 99 59 93 89 70 29 91 76 26 8 79 51 84 66 36 53 24 97 48 49 20 80 78 69 26 85 44 11 95 9 100 60 40 90 79 80 82 5 79 98 56 19 98 63 72 8 50 55 42 61 98 16 64 29 50 78 64 23 60 42 40 61 32 33 39 70 86 3 48 39 32 17 88 66 90 0 61 28 77 42 63 77 24 20 26 3 15 3 24 71 88 70 23 91 97 84 98 65 42 67 92 7 9 60 18 6 28 13 31 92 94 83 20 56 46
46 79 13 73 31 37 34 18 45 84 36 65 77 92 26 47 85 67 88 62 92 96 71 45 49 65 73 96 88 27 30 94 12 41 67 88 97 16 87 85 3 28 90 96 42 82 9 3 95 1 6 56 40 89 35 97 15 90 89 34 62 51 4 3 75 1 95 19 32 90 54 43 23 89 20 59 33 80 39 74 26 93 89 44 9 56 62 86 61 4 77 30 96 64 22 83 36 60 73 92 29 81 86 84 83 24 59 69 65 47 83 86 72 26 58 22 67 24 84 24 66 60 23 13 72 88 81 31
16 82 21 76 93 67 30 23 40 68 99 20 67 79 65 61 60 62 22 39 47 31 18 50 38 64 89 28 74 45 30 32 55 37 38 9 41 51 99 64 71 82 83 64 22 86 87 100 6 92 0 25 66 54 57 96 41 25 56 33 74 38 94 98 14 88 13 41 11 22 97 75 12 98 35 58 25 70 22 15 74 9 28 0 16 56 19 68 19 3 47 75 90 40 53 17 48 24 39 30 64 79 80 30 51 96 90 22 81 17 25 93 68 52 91 15 71 61 22 18 8 62 83 11 98 69 42 60
91 80 31 16 94 85 40 4 23 29 90 38 72 62 67 66 72 12 83 92 47 9 66 22 26 16 60 15 70 84 33 52 32 36 53 72 85 88 19 0 23 97 53 40 18 65 93 18 58 1 37 64 25 80 79 47 23 97 25 97 36 95 89 32 6 66 52 55 93 35 19 56 61 87 5 0 50 94 51 65 39 1 11 99 75 84 84 98 45 3 74 64 7 26 83 55 83 70 21 89 4 20 4 23 21 43 17 34 99 59 52 65 57 47 14 34 38 96 8 88 54 76 78 77 89 99 22 76
96 19 51 31 38 21 6 24 14 62 6 93 68 38 53 77 81 24 54 4 42 33 62 84 98 19 69 5 85 54 95 6 30 54 2 77 76 78 80 79 89 44 79 16 99 69 100 46 41 32 49 16 42 93 56 74 30 11 52 9 32 77 55 24 13 24 69 9 99 20 62 50 97 57 32 3 72 23 89 32 78 68 19 78 95 0 47 81 30 36 9 60 90 22 77 93 31 86 26 30 75 46 94 81 42 71 66 48 38 87 95 43 85 95 16 50 30 67 69 61 84 31 70 82 18 36 36 23
48 39 5 63 95 2 95 90 91 71 56 50 56 50 83 0 72 12 74 36 8 12 88 85 74 96 92 35 59 22 90 52 23 60 93 64 0 55 76 94 72 25 68 96 57 39 12 80 90 40 6 10 26 29 97 41 78 4 23 22 95 60 28 32 55 29 37 55 72 40 78 89 86 87 0 21 16 31 2 56 73 100 47 14 65 19 52 43 52 94 7 66 46 4 23 33 2 28 72 85 92 54 100 83 20 8 33 1 55 28 51 49 40 81 10 49 48 31 8 64 70 82 24 8 84 83 41 90
86 41 96 82 39 95 100 31 46 7 7 22 41 95 14 74 22 71 28 79 93 13 92 52 15 88 13 90 76 56 20 91 70 75 65 67 3 51 76 53 92 69 81 20 60 54 40 0 44 31 67 25 20 55 10 97 55 32 41 69 86 14 55 26 1 23 64 98 86 5 27 77 93 98 3 100 18 73 30 43 59 83 61 80 98 15 33 69 72 92 76 71 34 78 72 63 88 57 74 4 50 78 30 45 54 16 46 46 81 7 93 23 45 93 95 65 84 83 12 94 42 37 0 69 13 95 40 14
58 51 45 44 3 23 11 77 21 99 16 63 8 82 15 8 25 34 93 80 87 77 31 91 73 66 85 56 38 8 51 80 9 36 85 1 60 7 52 90 99 96 81 27 26 12 33 79 43 98 96 8 70 44 32 44 86 76 44 95 40 94 27 66 67 58 40 59 24 93 59 38 6 57 92 68 33 70 86 75 87 96 81 61 77 80 11 44 58 0 94 15 38 89 33 92 89 30 26 83 0 72 18 58 23 11 45 8 5 29 34 35 88 83 67 23 89 32 47 22 10 31 5 96 50 98 48 95
59 54 27 52 19 90 90 89 64 16 34 19 35 9 31 60 21 82 94 32 75 63 71 93 23 87 75 16 11 67 42 30 89 65 95 93 21 96 22 64 76 20 90 36 34 15 55 18 53 47 20 32 46 64 5 87 59 35 59 11 75 81 19 3 37 62 97 100 93 27 68 19 6 72 97 99 13 94 28 84 17 5 1 89 66 65 37 30 17 80 73 48 44 44 87 55 11 41 98 21 58 94 22 30 89 5 36 44 51 53 1 92 79 72 48 76 25 56 34 42 100 51 9 35 57 10 31 26
51 25 78 3 27 13 97 73 58 72 74 57 69 82 85 73 23 97 60 33 45 70 22 11 28 60 19 74 6 34 90 59 89 100 30 95 95 95 48 76 67 16 38 44 71 84 47 94 29 0 52 24 16 91 72 97 56 0 89 57 72 3 55 29 0 32 24 40 63 100 74 30 90 92 47 94 90 10 65 61 16 38 15 57 90 2 59 66 58 42 0 12 55 56 45 33 63 45 6 46 50 85 67 62 48 99 47 64 88 20 4 36 51 43 66 54 78 47 52 35 70 2 34 72 69 16 8 76
97 65 54 59 91 24 68 88 50 19 54 57 75 92 50 84 79 4 6 41 2 17 78 71 95 84 82 72 88 45 27 22 23 24 45 53 54 11 7 68 69 13 90 49 75 4 35 92 80 31 0 50 56 20 20 94 78 12 98 15 85 83 15 74 8 43 91 57 17 79 55 20 93 7 22 45 78 35 86 94 80 9 24 52 8 17 57 84 77 84 100 42 100 61 29 44 77 64 18 100 91 18 44 51 71 16 47 23 41 61 2 0 17 11 44 59 60 30 37 51 19 45 75 83 31 19 90 24
83 60 83 25 74 68 82 82 47 84 22 62 42 69 53 67 67 34 91 98 77 58 83 70 73 6 0 87 19 50 61 23 64 3 60 24 52 94 33 70 93 29 89 4 81 45 99 19 90 55 98 77 98 92 45 16 5 65 66 12 21 17 40 87 2 39 63 3 28 95 16 15 97 48 11 93 29 8 37 7 34 89 2 37 100 79 84 44 64 24 47 82 46 69 67 61 9 81 92 0 30 19 49 33 87 38 63 47 41 46 80 5 1 22 19 54 65 9 22 10 39 90 85 28 47 25 9 74
20 19 18 48 50 64 63 4 6 98 8 45 34 97 77 69 25 86 31 54 35 62 71 55 47 28 10 20 7 29 75 88 66 15 17 70 95 44 42 35 95 74 17 11 97 44 41 13 84 34 82 28 37 97 94 98 99 1 40 1 17 30 62 6 75 67 28 100 34 55 29 97 14 46 56 11 3 51 21 7 59 98 77 83 100 79 97 9 92 28 24 77 77 40 66 16 71 75 99 34 28 42 85 91 50 66 36 19 63 36 42 68 29 82 64 86 38 18 6 50 12 98 95 45 89 21 0 54
34 5 59 37 51 46 88 9 71 63 8 58 97 93 29 89 43 99 24 96 62 32 34 34 99 1 97 54 48 73 34 7 72 81 34 44 91 39 14 19 3 74 13 76 17 81 59 75 56 44 88 41 49 30 58 35 54 16 24 25 85 53 44 4 33 11 77 58 53 29 97 3 87 6 45 3 51 8 69 54 52 79 13 85 18 53 29 89 42 46 7 0 71 77 14 41 44 87 83 40 37 21 30 27 4 54 7 75 5 32 26 11 28 89 1 79 61 36 90 25 39 10 100 70 78 62 59 61
62 65 99 88 9 88 81 99 55 84 75 26 34 59 11 46 25 42 72 63 2 22 58 43 4 55 12 76 72 33 53 72 62 99 91 20 62 11 54 15 46 77 59 0 37 37 10 16 65 1 96 22 64 75 23 70 68 51 94 35 57 75 19 56 25 24 56 74 95 61 96 42 46 35 100 92 54 34 75 97 91 27 7 26 81 58 96 74 73 77 52 11 11 27 87 75 25 46 72 37 7 24 78 6 35 76 69 89 8 88 98 3 17 71 100 90 57 33 78 89 35 53 13 95 59 14 19 34
45 63 88 8 3 39 26 28 15 3 0 40 94 100 62 27 18 93 92 10 8 83 94 57 92 72 69 34 87 75 100 53 23 78 12 12 87 62 0 0 12 50 63 40 21 68 87 65 92 67 86 42 45 79 93 92 29 30 20 53 60 22 22 84 36 93 60 13 66 83 40 94 44 40 22 4 75 40 31 23 24 54 66 99 41 24 26 50 40 98 43 73 34 81 13 3 9 15 4 50 39 91 69 25 7 59 19 35 55 25 92 100 73 12 15 29 38 58 87 26 55 65 52 24 82 78 19 98
27 15 75 74 36 90 66 49 38 62 39 76 5 96 49 89 74 20 9 64 46 75 58 98 70 11 85 65 56 52 98 39 43 1 62 2 10 12 26 71 48 78 86 26 94 27 16 2 3 41 92 21 33 44 68 79 50 22 21 58 34 77 96 62 83 1 44 75 92 36 25 22 44 99 89 72 98 46 3 29 3 18 63 27 25 36 2 0 98 35 88 15 1 4 11 2 88 40 44 98 54 59 33 91 56 9 51 42 23 54 79 80 53 89 90 62 89 17 42 69 59 64 23 69 44 96 40 63
12 87 72 19 79 69 2 46 36 3 91 89 29 98 48 30 74 68 46 12 79 93 75 5 94 13 7 16 45 61 97 9 100 93 87 60 95 18 40 20 82 59 54 59 74 75 66 46 15 67 89 24 95 69 42 39 61 10 84 81 73 91 93 94 41 69 16 78 19 52 23 80 51 18 29 81 75 92 96 57 9 63 62 94 79 79 30 51 90 26 31 58 18 35 97 42 44 29 37 17 11 76 55 93 45 21 0 18 96 18 5 61 28 68 26 18 100 25 84 30 35 45 80 69 68 7 74 41
64 23 97 95 82 44 71 83 15 1 57 69 63 34 9 8 63 2 100 30 78 4 5 14 54 96 2 66 33 55 8 11 30 47 8 37 56 54 95 44 89 43 86 27 24 34 9 79 87 25 77 18 27 69 78 18 2 54 11 90 66 68 13 48 6 79 56 85 65 31 56 49 73 73 54 32 41 56 53 73 46 45 94 62 74 62 72 38 13 85 43 63 5 57 81 97 48 75 28 21 49 78 43 10 1 32 1 78 2 79 60 99 78 1 85 60 88 16 37 79 68 83 2 11 85 96 28 81
60 85 99 91 89 21 43 70 26 95 24 33 24 62 94 1 6 61 2 100 30 74 56 93 43 18 32 20 90 27 46 97 87 34 9 89 83 26 16 82 19 95 4 37 97 64 68 98 44 0 68 22 10 22 6 39 21 23 18 53 16 14 39 4 24 6 31 63 27 95 35 14 82 0 33 30 83 38 36 75 4 68 19 33 59 23 51 22 44 1 5 69 16 83 8 50 17 29 17 90 33 45 70 19 4 64 41 90 36 94 79 65 9 34 28 68 6 35 49 53 59 59 22 32 3 33 95 41
28 9 12 31 13 74 58 78 36 20 54 81 63 84 9 94 17 70 73 5 21 41 14 18 79 54 85 34 51 58 90 99 66 26 53 100 78 88 15 90 24 90 65 68 9 53 10 19 49 86 7 42 49 55 98 76 33 30 8 93 80 20 72 23 18 62 86 3 28 65 25 7 8 68 23 76 62 38 19 30 57 45 79 39 66 57 60 57 0 44 65 69 43 6 63 1 44 94 9 58 30 11 7 33 51 16 78 81 93 36 13 22 0 95 48 100 53 42 90 93 27 99 74 65 30 73 87 2
35 14 40 56 50 80 100 40 48 77 34 53 33 27 16 71 25 90 99 57 77 37 81 16 36 80 21 33 70 100 22 39 72 30 35 40 36 27 83 50 86 18 0 62 92 22 91 18 88 38 95 87 79 87 65 64 17 29 1 9 47 8 71 55 83 13 95 82 97 19 17 9 39 38 82 21 15 75 29 17 84 69 42 63 92 52 89 0 3 19 52 78 66 83 66 13 25 90 70 10 24 51 94 80 81 0 61 14 86 45 37 28 80 30 79 47 52 36 89 84 68 1 82 32 43 20 75 5
18 28 76 56 87 15 95 29 1 24 65 55 12 99 25 40 94 72 32 78 74 31 46 36 41 82 64 42 89 22 41 35 10 91 3 88 56 42 99 9 10 48 81 80 93 21 83 4 68 53 66 94 54 15 31 70 43 13 15 7 88 49 87 82 78 21 16 46 73 66 67 94 41 70 88 97 76 35 84 67 67 9 67 67 74 13 32 52 74 76 68 85 61 10 51 76 25 59 46 71 57 94 7 36 41 6 16 57 23 37 44 78 67 75 55 26 62 70 74 1 15 6 12 74 70 89 22 57
78 54 88 89 82 93 16 98 32 84 45 11 6 93 42 92 90 26 66 97 21 17 55 90 97 54 83 37 88 65 83 71 16 19 12 25 85 26 30 21 23 21 95 29 32 64 52 61 47 60 82 22 19 34 38 33 65 17 18 82 57 10 98 87 93 75 11 45 26 96 93 66 57 80 67 32 45 20 90 37 57 10 47 11 71 11 96 62 89 66 74 45 15 14 96 87 64 58 12 24 43 0 34 40 10 65 69 30 20 90 89 44 23 77 29 2 24 95 40 79 2 91 95 34 68 47 94 4
7 5 41 37 75 87 90 17 66 69 60 31 64 80 62 51 43 57 25 5 4 28 78 25 13 60 48 41 29 84 67 42 15 61 10 54 31 53 74 85 32 59 40 19 73 19 26 18 96 87 16 7 55 40 76 43 18 11 56 16 48 6 16 69 74 85 62 47 66 31 17 75 2 10 36 16 38 65 83 18 27 92 3 85 3 26 25 7 48 15 72 4 68 29 63 91 87 94 2 74 46 58 70 63 32 18 27 35 75 24 20 85 23 35 60 13 72 11 86 52 24 35 5 54 67 34 14 11
53 35 84 38 0 5 27 53 82 85 33 55 21 54 44 9 6 56 90 85 62 16 82 37 4 34 18 80 68 36 66 61 86 92 23 29 75 87 86 20 21 56 41 84 1 59 62 97 88 95 42 53 24 94 24 41 82 72 60 30 100 80 89 7 51 88 27 1 79 78 67 13 94 96 63 51 66 49 31 74 7 79 2 55 72 70 16 59 69 19 30 22 58 11 100 19 55 54 82 34 54 16 25 85 3 47 3 79 16 23 22 85 76 99 62 59 74 89 80 98 65 94 60 93 48 43 53 99
10 2 65 33 33 86 28 72 71 61 81 86 14 10 15 71 52 41 6 58 62 36 65 5 45 15 91 34 61 94 4 97 18 87 77 74 78 2 24 76 78 48 1 75 75 36 17 46 99 75 49 89 82 92 54 100 3 9 47 81 38 52 100 14 66 41 27 94 51 1 78 65 6 61 51 45 7 82 2 15 12 36 38 99 94 62 48 64 43 7 33 95 33 93 42 33 5 8 81 22 33 77 97 66 75 7 32 96 13 10 10 93 54 61 97 27 49 42 2 76 60 87 93 54 22 67 80 48
85 72 90 31 62 95 22 14 1 83 98 45 89 36 71 92 64 83 17 82 17 62 62 1 2 76 58 39 50 57 97 52 81 50 48 8 98 32 47 35 53 8 95 16 61 73 88 52 99 16 97 93 54 21 98 26 95 72 93 41 62 3 43 95 1 59 31 0 6 47 62 73 5 19 57 5 94 20 38 45 62 67 59 87 88 50 51 81 1 12 33 47 31 92 55 26 51 72 39 45 27 7 66 89 78 59 25 73 85 98 8 34 59 28 20 85 44 84 81 69 56 69 46 44 43 52 43 45
84 81 5 62 5 59 34 39 10 59 43 27 76 18 46 52 36 74 73 74 30 0 78 65 62 58 23 35 4 9 55 0 77 82 18 75 99 83 20 57 30 17 76 64 52 37 39 12 50 70 70 14 85 41 16 6 28 5 96 38 13 22 57 66 77 7 78 86 85 53 15 85 8 5 14 21 81 46 50 59 53 78 84 80 48 90 47 88 43 34 41 59 54 67 26 37 1 38 60 57 81 89 72 65 13 68 25 74 85 5 46 46 10 20 43 98 8 39 90 57 75 29 26 94 13 76 38 20
19 33 20 3 22 34 87 58 0 51 27 28 12 63 50 100 98 26 87 1 68 9 59 41 58 1 25 94 98 96 17 95 75 45 28 91 28 15 49 17 76 59 11 27 78 63 83 75 66 45 32 3 77 29 41 7 65 92 55 28 29 90 59 93 74 5 59 22 90 70 16 24 42 8 83 31 99 51 63 56 49 79 53 14 60 95 52 92 93 4 78 50 16 61 47 87 33 11 34 21 5 100 47 45 91 68 90 96 71 10 33 21 46 100 77 27 43 95 89 23 5 57 17 81 3 33 41 57
93 39 22 1 19 66 39 15 32 5 66 98 7 78 73 88 43 38 94 4 74 80 32 90 33 13 56 41 53 37 57 8 37 28 30 43 29 29 86 48 41 86 22 64 13 29 10 79 71 17 77 95 71 68 72 89 48 8 99 70 80 24 85 59 66 27 41 12 97 38 97 65 76 69 4 73 93 54 49 12 39 12 87 31 72 84 76 100 0 21 92 43 21 54 8 17 42 6 21 62 4 66 55 89 80 99 13 93 22 58 92 51 12 71 92 15 42 12 60 65 35 38 74 92 23 16 83 96
65 7 5 65 4 63 92 60 90 93 98 34 62 19 86 85 26 24 61 52 82 48 3 93 100 32 8 50 56 17 17 8 13 11 73 9 20 78 29 47 58 87 14 66 28 45 96 63 66 82 11 2 27 55 49 77 97 67 95 66 51 35 26 48 79 24 53 85 35 5 15 4 47 46 89 8 5 12 97 24 38 91 0 62 13 33 30 96 66 45 49 16 40 9 5 7 11 12 74 58 38 74 92 5 43 30 12 68 51 47 64 90 97 84 67 12 74 49 46 62 7 22 70 9 71 28 46 44
10 13 12 89 55 16 18 51 37 29 39 5 11 10 43 12 86 17 48 36 60 47 96 62 1 59 7 63 100 94 82 98 33 1 91 18 69 85 97 15 62 52 53 18 28 96 29 41 89 28 50 11 99 25 90 2 3 39 10 1 90 4 97 44 22 71 70 80 28 78 55 8 23 18 29 85 84 9 80 8 13 58 60 56 35 55 61 44 35 68 50 65 21 93 76 2 73 61 87 34 77 53 87 66 98 70 45 96 9 47 9 75 50 60 46 100 55 36 49 56 20 89 21 5 9 73 43 84
87 99 63 5 1 50 71 66 85 50 6 42 3 20 25 56 13 98 25 28 55 23 20 79 11 23 20 48 94 82 6 87 9 96 89 70 41 58 96 35 22 2 95 24 34 95 26 4 39 70 63 62 11 27 58 76 62 62 64 55 45 32 2 9 47 87 0 7 77 100 63 45 62 45 100 22 95 99 30 51 7 24 70 69 90 16 85 36 63 9 84 22 5 15 100 29 61 55 54 50 44 94 81 39 74 24 65 14 73 42 49 25 55 94 88 10 34 95 35 55 87 46 1 94 77 27 44 8
19 71 4 86 7 66 85 43 13 40 61 59 41 83 32 35 41 28 91 67 1 86 45 65 21 85 46 25 43 71 32 3 88 13 60 29 79 73 52 5 5 60 29 29 93 62 95 35 78 8 63 82 45 9 66 62 94 64 8 1 14 54 14 91 6 5 9 41 64 70 54 31 74 0 61 4 99 54 4 77 8 28 52 55 41 85 31 23 38 15 48 16 0 90 6 0 52 5 51 89 59 26 52 68 81 95 42 81 80 52 94 84 14 53 55 96 31 87 39 38 59 63 33 58 67 31 54 35
75 100 29 88 42 63 79 19 36 31 5 82 97 10 95 81 40 17 94 86 4 82 32 66 41 61 70 57 95 74 78 30 16 28 77 15 8 20 26 55 2 44 9 76 90 79 36 41 52 69 57 4 41 100 47 19 8 36 57 57 24 25 4 26 90 76 0 40 6 89 78 35 86 75 57 69 67 88 90 56 5 73 77 90 12 48 4 31 79 26 70 64 95 8 75 22 84 25 93 18 51 41 26 40 97 16 14 98 15 80 53 60 51 42 32 37 18 62 1 39 98 100 5 10 74 34 43 77
10 52 99 16 27 84 26 73 100 36 31 68 24 78 40 39 16 54 85 68 82 23 6 80 90 31 13 70 82 75 14 82 40 2 42 60 21 92 69 10 21 37 31 98 26 63 50 33 56 27 3 95 80 22 89 8 36 60 62 49 71 0 77 53 42 56 2 38 31 81 59 22 99 69 32 0 87 65 73 47 84 58 41 62 60 26 58 62 98 42 23 59 67 91 38 69 19 33 48 82 35 32 12 33 68 87 6 33 17 91 69 35 66 70 14 12 31 40 1 6 91 9 60 11 0 42 21 14
78 22 58 17 87 66 27 99 100 46 38 65 0 0 30 50 68 4 69 70 76 95 25 39 27 98 93 13 33 77 38 76 58 52 41 28 51 91 69 9 85 15 20 74 65 24 72 65 29 83 30 40 63 50 73 67 19 77 42 61 35 84 12 83 68 18 93 71 47 100 62 24 50 98 82 51 44 84 6 4 54 42 91 62 21 87 31 37 57 52 51 63 33 72 18 21 78 15 31 18 59 16 36 87 33 64 85 83 93 98 88 38 68 49 90 84 81 28 29 91 92 37 77 61 7 37 72 72
14 64 96 96 83 88 41 75 57 99 23 5 6 56 98 49 18 46 98 81 63 3 86 84 13 20 65 51 53 87 34 43 55 10 27 82 87 50 17 69 91 88 56 53 75 42 42 8 83 83 19 40 88 44 74 81 41 16 63 34 58 12 33 4 87 42 14 97 67 86 67 13 11 53 76 67 69 61 19 84 84 78 7 76 27 33 83 75 70 71 50 30 56 42 100 78 58 95 85 55 11 84 11 42 55 68 45 59 91 43 26 50 0 55 31 19 29 36 55 75 70 50 97 25 54 21 22 58
3 61 56 10 67 21 23 48 67 39 66 22 3 95 13 80 73 98 47 47 1 97 52 32 35 84 53 83 99 31 83 67 29 95 11 29 48 18 44 31 71 18 19 47 75 84 75 58 94 62 27 98 94 81 0 59 19 67 95 82 88 36 72 65 63 52 64 21 44 79 100 50 45 4 41 12 73 45 46 82 50 42 61 38 41 44 31 20 26 68 22 98 58 41 60 24 4 92 33 65 5 75 77 83 45 10 62 43 86 48 13 14 73 36 44 89 39 23 0 87 17 70 73 60 80 72 13 6
5 85 66 30 24 43 32 65 100 93 81 47 45 92 61 97 85 88 43 60 10 44 36 90 6 26 66 4 94 2 62 57 51 73 82 56 99 68 56 100 91 66 85 86 11 52 27 7 65 3 40 78 43 60 62 8 3 1 27 90 24 34 11 69 100 11 75 57 20 100 7 80 3 28 19 59 3 98 100 47 78 73 29 95 79 33 88 0 83 31 2 39 98 94 11 79 65 29 74 26 84 32 67 76 61 98 44 52 86 61 88 11 16 37 92 14 12 84 40 74 31 40 24 32 46 16 38 16
84 32 48 25 83 22 61 15 30 56 73 31 89 61 2 77 79 85 47 46 76 19 26 23 23 73 11 96 3 42 53 55 27 28 86 10 90 15 5 16 8 82 68 41 39 69 38 56 57 4 60 28 57 21 73 77 69 50 29 29 94 99 54 94 35 58 75 79 4 65 25 13 22 77 50 75 17 15 76 86 95 96 54 20 10 54 94 17 66 8 33 32 50 71 71 62 87 94 20 73 69 86 80 15 35 23 88 18 9 71 39 59 86 67 76 1 7 26 2 40 54 25 20 79 83 56 7 57
33 92 81 21 91 97 77 9 61 36 55 35 8 4 15 56 51 64 40 95 1 47 26 71 28 36 26 46 47 58 38 12 64 58 90 99 42 5 96 33 1 6 84 51 100 55 65 46 15 78 55 39 5 64 21 52 9 94 28 26 32 48 56 22 38 4 70 80 82 73 77 35 14 10 55 87 23 3 87 34 26 91 54 49 49 90 24 67 28 61 94 36 83 31 22 37 15 67 67 61 70 62 80 24 31 41 97 25 37 26 40 63 81 66 62 24 80 24 12 91 56 8 36 30 66 75 55 46
76 38 78 95 67 60 25 80 89 11 0 89 4 31 31 6 93 4 47 81 50 21 60 43 7 13 21 81 9 73 77 27 90 7 26 71 50 20 46 90 98 2 95 77 92 83 50 12 63 17 81 34 77 90 8 46 2 33 2 7 27 11 64 92 100 97 30 33 28 84 53 72 98 24 0 32 65 97 32 67 61 30 53 59 85 0 60 39 76 70 16 24 2 71 64 92 46 65 68 86 32 72 69 98 12 24 33 55 13 18 21 17 45 39 27 16 60 98 88 34 77 89 41 70 30 23 44 22
55 33 47 62 38 75 63 59 61 64 100 78 14 64 4 41 85 59 52 87 54 89 37 70 13 54 70 77 55 37 70 54 21 34 16 13 34 36 34 82 68 55 69 97 95 21 25 11 95 60 1 24 92 58 80 97 34 85 63 65 62 10 53 25 29 22 47 78 52 0 71 5 58 57 72 53 62 8 38 4 44 36 94 0 6 3 52 61 67 35 39 74 30 43 3 67 64 27 58 74 10 93 58 44 100 2 39 49 32 93 69 13 96 15 86 34 39 30 46 29 73 84 44 89 79 6 97 50
29 63 41 31 56 56 62 21 9 85 76 6 60 66 13 91 66 80 51 94 30 92 96 3 99 89 30 30 35 16 32 44 91 38 90 78 82 100 61 40 20 71 62 57 71 56 50 70 11 23 9 2 49 63 35 6 27 50 44 78 96 74 66 49 50 3 81 77 76 86 50 77 12 82 68 53 24 10 23 22 33 51 59 20 36 25 30 37 3 71 27 53 51 1 63 72 30 25 8 9 85 43 32 60 97 24 25 35 12 66 66 48 77 89 36 39 2 50 9 87 59 27 57 76 96 23 38 98
36 95 7 70 73 86 83 16 73 29 74 16 58 16 68 7 85 24 12 74 91 25 64 60 6 31 62 41 67 35 62 52 37 31 72 27 24 43 57 35 31 74 41 2 13 99 81 91 6 66 9 69 69 19 58 55 72 77 52 36 73 53 73 57 29 29 50 10 76 11 15 92 97 6 19 54 94 17 1 54 69 3 94 12 18 80 36 57 94 74 92 82 53 88 18 25 13 19 77 23 1 78 25 68 58 92 52 79 8 43 24 30 66 44 87 27 48 43 36 47 91 68 6 43 57 22 93 7
85 81 84 87 21 30 72 19 30 60 81 81 63 59 6 77 34 49 20 81 52 81 38 28 100 80 82 37 13 95 45 7 6 2 0 74 85 42 49 86 72 76 0 97 92 43 5 91 100 91 6 45 72 9 58 37 86 97 57 99 36 40 88 92 1 92 18 32 66 41 98 35 70 76 39 51 25 1 23 68 30 5 54 53 53 22 59 69 49 55 7 88 44 9 65 91 51 100 30 50 55 25 53 24 78 23 53 80 91 34 93 89 23 58 70 52 65 43 93 52 3 66 57 19 74 17 91 71
18 26 6 59 21 86 3 66 57 3 44 94 49 22 5 86 79 45 67 72 13 95 49 77 26 73 81 0 29 89 22 62 44 14 50 56 56 19 1 64 1 72 86 11 96 8 14 45 97 74 59 11 92 33 2 37 42 51 40 82 40 80 28 47 32 81 46 25 74 45 72 36 35 35 13 8 63 74 73 7 30 84 65 11 51 94 45 20 6 2 3 95 92 26 57 21 43 77 61 17 96 9 83 62 56 89 89 24 54 100 21 44 65 100 0 80 74 37 24 20 65 63 97 34 10 99 74 37
8 49 39 57 0 66 13 24 92 21 56 24 85 30 45 2 47 1 39 99 71 33 94 94 74 67 13 22 35 20 95 22 88 2 81 38 9 68 13 40 32 5 75 54 13 93 3 25 17 67 100 89 17 22 58 67 63 64 86 20 55 88 22 80 14 19 78 27 14 47 26 15 3 29 83 11 19 0 76 0 80 47 38 54 73 6 24 66 30 55 82 51 6 62 42 66 49 19 44 6 44 30 73 64 89 9 64 13 32 100 70 53 80 25 58 84 77 55 26 20 44 12 59 13 86 53 92 88
17 17 89 66 28 11 69 9 26 41 12 83 78 56 11 80 63 39 1 33 61 76 14 24 70 28 82 97 30 15 93 29 32 9 93 67 41 66 27 85 88 70 4 58 76 16 12 39 57 26 20 97 38 24 88 11 16 0 29 20 88 0 45 11 96 94 97 54 9 43 33 56 56 100 100 94 19 89 69 26 12 54 21 56 73 91 21 40 69 56 67 85 48 90 0 43 46 53 20 41 1 45 75 1 67 83 82 16 74 80 40 14 34 49 76 30 97 50 76 45 65 11 73 68 92 76 45 6
58 12 92 80 35 78 4 16 4 20 60 32 56 65 40 98 2 44 53 58 71 26 62 54 8 66 90 6 5 4 77 66 55 17 47 23 50 22 60 14 98 74 84 37 2 44 58 7 47 80 24 82 58 19 93 31 45 72 48 21 20 88 56 7 71 87 41 56 94 85 16 78 39 21 45 95 80 62 97 32 14 41 93 3 83 46 23 100 84 29 98 59 8 78 77 82 94 22 85 45 25 87 67 43 35 60 63 65 89 85 48 38 61 73 25 7 95 47 4 52 44 65 50 86 38 24 51 23
91 60 36 21 21 13 28 66 14 49 87 93 78 70 8 70 62 94 78 89 50 98 32 4 9 66 98 52 89 41 79 24 10 78 53 53 85 30 79 27 62 72 18 44 79 96 71 4 20 25 82 2 70 29 12 6 25 29 78 14 56 35 32 50 46 12 93 77 59 57 92 79 23 30 86 14 51 15 91 1 21 22 7 72 16 54 80 28 80 40 9 100 18 10 21 93 95 95 71 64 48 78 94 62 89 32 69 40 57 74 59 28 20 51 39 12 9 22 1 2 7 55 39 55 60 61 49 54
83 99 11 70 35 45 53 11 15 44 40 18 42 44 14 15 12 66 64 30 57 95 74 82 18 21 73 6 20 16 35 55 98 11 52 86 18 78 65 49 10 63 94 62 0 98 35 62 68 33 83 58 3 76 63 10 28 34 35 73 33 98 74 40 32 7 63 11 37 63 31 8 33 92 56 5 67 95 67 95 76 24 86 97 87 64 11 13 63 94 22 82 64 97 59 83 86 87 41 26 78 12 34 78 31 74 84 0 45 34 25 83 100 90 26 42 37 61 52 7 31 4 12 53 66 75 68 9
72 11 99 82 15 91 4 74 73 19 48 31 33 100 43 74 67 60 97 4 2 31 19 82 61 67 76 39 65 5 90 70 78 9 70 28 27 69 88 68 99 59 98 63 21 63 22 80 34 72 89 77 36 90 37 82 17 87 36 70 66 8 40 14 42 7 48 60 39 40 39 6 9 67 45 31 17 10 28 58 90 17 68 83 13 72 41 54 38 37 60 92 60 25 20 87 39 70 35 65 89 38 7 95 41 68 35 1 11 68 88 3 69 48 97 52 81 61 36 61 56 76 51 73 48 26 99 33
58 90 53 17 43 78 56 24 8 47 35 9 0 78 35 0 38 74 0 6 96 6 59 30 11 79 16 6 24 21 100 14 11 28 74 54 4 34 41 47 32 15 4 27 27 44 96 66 82 81 18 7 70 94 45 65 9 27 46 7 26 67 88 75 46 71 79 23 38 76 50 50 35 8 87 88 63 27 5 99 76 46 65 10 71 2 33 95 71 22 73 47 65 9 20 47 53 97 93 7 88 40 38 42 31 40 49 91 54 73 47 38 81 67 77 48 87 91 33 52 63 2 98 47 59 63 95 8
35 1 95 29 10 56 31 86 75 61 14 74 3 92 26 20 0 24 35 93 18 61 40 56 16 100 71 77 16 93 1 45 50 59 58 95 2 49 75 95 34 29 98 40 15 10 43 74 18 96 3 74 76 22 81 87 0 0 42 36 53 85 70 41 8 47 41 22 44 89 100 85 99 95 44 96 82 3 21 89 3 63 80 11 63 32 29 8 13 37 86 55 58 6 88 88 79 71 41 37 100 89 31 51 5 60 3 94 59 53 1 51 62 71 0 73 28 36 94 5 20 90 10 3 26 74 11 69
83 88 57 88 72 50 5 40 38 85 35 52 88 76 13 22 19 92 79 73 41 89 41 66 22 14 37 53 85 13 84 38 63 59 26 96 12 82 5 75 3 6 18 10 8 35 19 14 90 54 41 70 75 31 60 29 28 56 87 84 64 70 8 45 76 77 65 23 17 43 100 73 22 97 60 26 40 12 99 74 66 27 29 4 38 93 19 33 66 44 56 70 81 28 70 50 20 43 9 45 44 22 38 27 30 2 45 8 3 77 10 68 9 33 90 0 17 81 8 19 94 47 85 89 63 30 39 38
30 28 11 73 89 3 47 39 13 1 41 62 99 5 28 79 13 73 46 1 0 18 73 21 41 10 85 65 8 95 21 88 34 49 84 9 9 79 78 77 41 94 24 30 96 73 79 96 74 89 80 13 12 86 22 36 34 10 94 74 1 72 65 84 73 22 7 97 11 1 65 65 56 6 15 21 47 59 28 82 72 72 90 46 30 65 76 43 74 71 23 86 57 28 39 6 90 12 56 57 11 28 26 58 17 17 10 64 41 18 74 11 17 7 14 58 80 55 44 9 92 52 3 28 42 40 43 67
49 43 15 92 3 67 48 75 93 49 88 8 24 75 38 75 80 92 44 69 76 31 80 73 76 41 79 24 85 45 49 59 90 12 53 83 63 7 43 28 16 42 71 32 80 13 79 93 82 64 36 38 6 4 3 53 93 86 36 55 44 2 7 52 33 2 41 40 87 4 24 39 3 40 77 85 56 23 72 97 74 0 60 22 7 52 59 95 87 48 64 23 59 84 57 63 7 56 49 56 78 95 18 17 97 93 46 35 45 76 24 80 41 58 39 85 69 88 11 46 42 83 23 14 48 98 63 12
83 57 71 12 87 7 65 21 68 19 25 36 40 82 48 93 92 92 57 22 99 44 78 74 13 98 96 84 38 19 93 54 24 29 61 85 81 12 90 29 57 8 0 14 56 61 51 61 78 6 88 54 23 80 34 36 70 34 11 53 81 48 16 51 93 54 76 69 22 20 22 10 54 3 21 43 86 83 30 97 29 86 41 41 80 68 18 96 56 41 10 57 31 71 16 69 94 99 55 77 45 91 62 77 3 88 64 47 16 20 42 87 55 64 82 53 42 54 72 65 74 85 64 31 48 60 20 75
6 29 6 13 52 31 88 12 66 63 26 24 90 42 40 43 91 0 64 27 2 89 60 50 58 0 79 63 31 33 77 19 99 42 94 60 55 24 13 100 12 89 31 96 21 48 3 39 45 2 55 62 90 89 15 93 86 11 83 0 95 18 53 99 84 2 74 74 55 25 85 3 44 20 18 31 58 56 50 63 64 37 24 54 81 84 62 84 25 46 6 37 91 93 6 89 64 6 93 91 58 49 63 12 8 65 22 52 34 13 13 97 85 79 62 64 75 22 73 4 57 37 24 80 76 70 16 5
92 57 98 10 26 24 41 73 37 79 100 6 95 73 76 12 17 34 0 88 32 61 95 41 87 39 94 65 76 14 59 58 33 86 15 89 8 81 23 80 15 47 69 73 52 59 89 23 49 32 56 22 73 11 83 87 10 1 6 55 37 32 63 32 29 90 5 78 100 56 28 92 82 34 20 88 78 86 23 54 98 0 79 49 42 77 98 96 97 94 90 12 15 81 53 80 60 58 17 100 77 13 23 77 82 57 85 65 61 86 77 74 64 0 58 100 2 39 83 16 18 84 73 67 72 32 41 82
30 71 58 81 35 77 22 3 55 20 43 62 65 76 97 1 71 24 33 4 86 7 33 42 82 68 73 9 12 52 99 64 35 87 21 9 37 5 8 44 79 47 71 80 86 67 43 43 27 3 57 73 22 83 11 16 26 22 85 61 9 63 44 89 73 8 70 92 21 57 57 10 43 6 80 43 81 24 95 81 40 53 2 73 76 81 62 79 90 43 15 61 12 57 18 96 3 4 10 94 60 92 46 5 83 29 2 80 93 20 84 84 0 38 57 48 31 77 95 2 50 29 99 62 30 34 4 82
100 0 52 86 11 91 71 48 40 59 68 45 78 47 65 98 38 88 21 0 31 35 43 12 91 33 80 51 23 43 62 34 97 98 56 44 88 23 78 2 52 25 54 45 28 63 23 69 20 13 29 18 82 32 91 51 86 53 81 37 69 20 87 71 40 37 12 8 13 62 38 90 2 86 68 77 73 81 25 78 21 7 45 22 48 99 62 62 70 15 40 71 5 41 75 93 1 7 96 73 72 33 71 28 27 84 69 96 67 71 79 0 68 69 44 63 90 82 30 94 23 44 98 56 44 90 41 56
20 76 52 30 6 35 4 35 93 15 49 34 90 35 28 85 55 21 68 79 47 31 80 45 19 16 21 3 40 74 26 76 85 96 38 54 3 49 59 13 55 13 61 79 1 24 7 50 33 51 1 92 3 11 17 73 75 70 44 3 46 70 74 62 32 31 13 59 46 43 33 100 91 31 34 41 47 68 1 45 49 73 60 34 27 89 45 32 42 98 42 71 71 1 2 79 67 33 96 6 31 14 41 40 10 85 73 76 43 8 91 52 69 49 19 54 30 92 44 85 64 60 58 53 17 59 51 69
56 59 60 17 67 91 90 20 83 60 76 61 15 50 96 14 99 5 3 9 68 78 24 12 29 91 35 0 57 42 12 77 72 80 6 62 72 59 73 18 1 10 32 35 89 10 31 92 65 60 78 41 55 31 77 52 76 42 93 1 20 11 86 27 87 65 74 68 6 27 39 24 92 22 84 53 58 55 37 90 4 56 53 78 94 9 65 38 82 67 75 54 58 73 65 42 14 55 82 57 52 56 79 77 73 64 19 35 11 71 14 88 27 38 20 7 48 85 23 13 0 35 83 24 6 29 61 73
70 7 55 8 18 35 45 92 49 10 10 68 36 46 68 17 56 66 11 89 30 0 47 70 100 89 13 48 42 31 59 81 99 37 45 51 98 15 32 89 63 13 73 32 9 66 60 26 100 40 23 23 35 89 35 52 61 67 2 22 98 97 34 59 7 23 68 12 49 13 89 34 38 51 3 19 69 47 6 64 74 60 77 76 86 6 56 68 26 62 89 98 91 34 43 0 25 49 98 70 92 64 83 52 57 18 48 35 75 77 36 58 54 99 73 14 57 59 26 65 72 54 76 67 2 95 37 51
87 9 19 44 36 90 77 11 23 99 71 96 15 75 76 4 43 8 75 31 52 15 86 64 18 38 50 87 17 63 22 65 68 43 2 76 84 46 15 94 96 83 30 10 66 48 24 20 70 78 54 27 17 7 19 72 87 100 58 94 88 79 69 47 94 3 62 80 67 85 18 61 72 54 14 54 60 0 16 76 4 85 45 32 76 57 100 90 40 14 79 25 57 98 1 74 37 64 7 96 94 22 67 69 75 2 18 2 23 44 82 18 3 66 46 91 100 86 52 44 76 93 26 29 40 12 46 54
27 14 86 3 27 37 48 93 97 35 84 43 40 62 89 82 38 16 65 94 74 48 43 6 14 90 100 44 1 15 46 7 3 58 76 33 76 58 32 81 37 39 49 23 55 64 23 89 86 12 22 63 94 23 77 88 89 21 8 39 52 60 44 22 98 15 70 89 10 58 12 38 2 82 22 12 11 41 10 28 71 23 53 85 85 55 95 53 72 45 79 62 41 50 32 20 11 16 55 85 0 69 98 60 96 73 99 24 45 72 39 70 39 8 3 38 61 88 78 57 76 19 96 67 40 8 64 76
25 98 62 30 78 34 17 98 42 77 40 90 66 95 8 84 44 17 67 96 5 49 24 51 15 53 93 29 53 68 67 0 16 96 31 74 40 23 65 42 100 100 26 30 48 31 25 90 29 36 2 18 51 68 22 91 77 69 50 35 12 39 91 61 22 43 7 16 25 1 63 5 74 63 40 40 9 45 2 93 1 95 32 0 23 59 62 73 53 34 74 22 82 75 52 50 89 89 10 76 30 10 98 93 46 40 87 69 11 54 43 4 95 64 59 66 78 56 27 7 21 92 71 34 97 0 78 61
35 28 47 49 25 65 39 57 11 55 12 55 64 100 11 86 12 14 56 80 37 40 8 97 80 92 24 56 18 50 17 90 29 20 58 71 41 58 67 97 65 76 96 17 29 84 7 77 81 89 8 21 89 80 30 95 31 2 51 69 31 31 86 96 48 15 71 90 2 51 79 24 57 69 5 67 29 20 50 14 39 10 35 29 74 75 14 59 92 15 89 5 2 97 40 27 54 69 28 19 90 10 79 9 39 46 25 80 79 95 65 36 29 4 60 80 53 33 6 14 44 21 88 38 43 12 54 47
47 35 55 66 72 85 2 35 35 13 75 18 99 95 87 41 42 87 57 1 20 30 82 62 89 26 9 99 43 94 59 45 70 13 56 0 22 71 69 23 12 36 83 55 83 25 59 0 84 65 17 91 22 60 83 79 96 37 32 60 53 46 88 51 64 67 34 4 56 22 90 7 10 11 70 63 42 91 89 58 69 75 90 64 65 3 90 33 66 77 81 85 72 100 10 81 67 5 0 68 84 98 48 37 27 90 92 95 73 60 26 53 33 34 43 79 64 30 43 11 90 75 45 0 38 87 44 69
61 69 96 18 69 7 1 40 40 70 60 15 37 72 67 26 4 19 66 88 8 34 12 27 39 65 96 49 48 48 90 3 7 36 19 5 47 19 80 74 81 9 21 56 64 80 15 50 2 70 90 64 34 81 94 95 71 42 26 20 53 5 73 91 92 8 96 21 61 61 10 34 75 47 49 100 30 43 1 11 48 14 88 95 86 60 93 98 86 61 15 62 66 41 10 9 47 17 3 68 97 88 77 28 75 26 84 42 66 93 62 49 78 20 19 38 6 71 19 58 74 7 94 47 10 4 51 65
2 39 0 69 84 16 69 66 22 13 74 56 28 43 2 42 7 4 29 25 1 18 48 44 80 1 92 44 41 26 44 78 36 67 59 86 45 48 59 9 29 81 79 69 12 3 28 61 85 92 85 22 85 40 24 4 12 38 92 77 49 94 73 51 14 20 63 20 42 26 51 89 3 69 42 35 99 9 89 94 32 77 63 69 62 85 25 42 56 64 27 96 95 36 96 55 82 48 94 52 33 63 4 100 79 3 40 60 53 26 92 68 21 97 28 38 47 79 78 81 14 58 57 63 32 63 70 92
30 42 38 96 87 17 46 29 32 45 16 87 48 91 96 94 21 73 4 52 96 85 56 70 62 48 81 51 29 55 97 61 44 97 20 85 58 44 53 11 34 90 69 96 32 36 70 22 24 33 50 11 17 40 7 57 24 100 71 63 72 37 12 21 75 90 79 91 11 7 46 100 54 78 25 7 80 54 6 61 39 66 23 47 36 93 96 21 2 31 5 21 33 37 62 49 44 77 87 93 98 88 40 4 32 22 59 57 66 1 59 79 59 24 89 89 57 58 24 44 58 16 49 50 35 63 53 55
51 62 3 14 60 51 23 47 8 65 38 11 46 18 39 59 42 59 9 14 91 53 94 14 42 2 9 30 32 92 100 35 74 62 36 18 84 20 25 19 14 32 45 89 1 49 4 49 91 74 40 99 12 72 30 95 54 83 73 40 88 87 76 12 32 41 37 90 13 70 31 16 52 47 27 59 57 81 33 16 8 40 61 61 9 29 84 92 68 95 44 9 12 86 52 11 25 40 47 60 77 23 0 45 54 73 17 100 82 82 97 46 28 26 22 48 65 39 97 62 42 23 63 87 54 19 85 23
27 36 2 6 8 45 38 44 72 50 22 81 52 29 17 34 86 34 73 94 2 43 5 77 75 77 42 54 23 40 19 13 14 43 48 27 55 59 37 73 92 93 48 4 52 95 88 92 19 73 73 34 93 31 24 26 51 29 96 93 36 68 78 2 27 34 2 69 74 71 74 12 20 52 57 92 96 21 77 51 64 42 8 2 23 8 79 22 76 32 28 27 85 24 22 29 29 3 41 49 42 80 46 9 47 65 59 39 38 37 0 8 65 89 36 87 33 100 67 33 55 36 90 51 33 82 46 68
61 56 70 4 2 93 14 23 18 76 74 23 93 80 9 4 46 5 97 60 74 55 1 54 72 35 77 1 8 30 39 78 66 65 61 40 48 33 6 18 94 7 30 27 44 20 3 77 8 64 44 37 35 96 10 2 100 27 10 13 75 66 69 5 77 97 98 92 6 78 47 65 37 37 89 94 67 51 6 47 39 100 60 17 68 5 50 99 17 7 95 21 14 51 82 32 32 26 89 100 5 95 82 47 63 61 48 2 40 92 63 14 63 55 80 73 67 78 13 20 33 26 4 10 83 46 90 68
61 28 98 54 97 5 67 42 49 55 74 94 100 91 60 87 32 80 30 96 20 54 89 81 33 53 70 15 7 3 59 20 32 63 59 24 32 51 88 84 70 30 37 62 15 55 37 79 15 26 16 91 19 49 35 24 11 14 51 100 28 66 35 16 66 92 56 65 28 16 65 57 65 50 79 96 51 0 26 89 10 24 89 59 96 98 17 33 90 62 73 48 44 62 62 28 82 59 86 90 52 52 30 6 28 7 19 77 43 37 12 67 7 94 94 66 96 54 57 87 19 11 52 10 10 3 4 17
39 79 42 67 65 25 34 87 30 69 62 34 88 33 84 67 18 32 100 90 76 53 39 6 41 21 85 20 28 60 7 53 49 45 25 15 9 75 98 51 62 33 100 57 56 86 77 63 85 79 6 61 68 91 1 13 20 6 97 38 28 13 71 18 77 80 76 23 35 85 48 53 47 37 23 94 85 42 44 1 53 79 1 82 98 84 51 36 51 16 82 63 85 39 82 84 18 10 87 93 98 96 69 80 40 36 69 78 93 20 12 61 32 32 0 6 81 65 97 6 95 90 35 3 75 96 57 35
66 14 88 82 51 44 16 11 56 64 25 35 69 75 31 46 80 69 58 94 35 60 65 98 85 10 49 56 80 6 67 78 80 27 2 4 63 1 28 66 64 6 14 62 89 78 15 92 6 45 5 92 60 85 11 20 76 33 96 34 95 21 14 50 19 90 38 89 82 2 71 40 37 79 73 40 74 70 40 95 6 5 95 97 16 1 45 93 49 72 45 42 81 28 92 23 43 45 29 67 89 11 62 76 26 93 36 94 41 53 2 26 84 20 88 37 65 25 77 36 2 71 1 70 95 54 90 39
4 56 62 89 82 48 80 47 42 54 52 52 96 64 63 8 19 28 69 43 32 93 84 50 63 1 3 27 86 74 85 64 45 100 1 64 2 78 45 42 47 53 36 16 80 21 87 30 13 61 63 27 11 12 99 1 40 67 47 65 82 21 50 24 24 11 64 96 91 95 17 37 19 21 57 36 2 14 70 32 35 29 98 63 25 38 52 0 52 40 10 42 1 58 72 45 78 85 82 78 21 12 66 93 77 39 93 21 89 99 64 35 13 97 30 68 13 36 96 91 14 42 95 42 92 89 29 50
34 73 21 80 39 4 24 41 55 49 83 35 72 78 82 67 94 11 99 17 20 98 23 93 70 18 92 30 59 68 8 54 80 88 63 2 5 50 56 38 56 93 26 42 84 82 4 56 8 61 6 36 49 84 33 92 49 25 27 74 49 47 10 22 71 67 28 48 100 40 28 64 14 7 68 52 47 94 70 75 56 54 72 78 34 18 51 12 40 8 73 57 74 55 34 88 20 37 2 93 84 51 33 91 100 17 61 17 94 20 26 7 76 56 74 57 92 37 5 16 87 66 73 94 39 37 86 0
16 47 8 83 10 74 22 98 72 92 99 84 29 39 74 100 44 16 30 63 50 62 95 95 96 96 81 45 81 13 19 38 100 23 74 60 97 48 51 96 72 91 75 69 19 13 65 34 62 19 65 33 91 23 91 40 40 100 2 90 50 18 16 81 48 5 50 41 40 86 34 87 100 9 45 89 85 29 91 89 64 27 22 35 10 14 21 79 36 41 23 39 4 21 98 43 16 99 54 2 67 2 84 2 88 15 71 20 92 28 68 18 19 76 26 7 15 24 49 96 27 80 100 100 36 43 21 43
17 4 66 44 64 95 20 54 78 85 75 5 12 95 41 94 21 68 52 85 10 31 19 76 87 8 7 89 13 39 2 93 59 8 55 25 61 98 35 15 6 57 19 54 86 11 81 20 1 14 86 41 57 50 23 93 11 92 18 56 35 83 78 20 84 38 45 55 10 65 90 55 5 28 3 100 75 93 70 49 32 43 52 81 12 100 10 81 1 41 71 95 15 26 85 94 13 16 60 80 44 48 3 7 80 1 8 81 97 96 88 74 52 57 71 24 55 96 95 96 51 98 28 94 88 43 95 24
76 83 29 90 59 63 43 51 91 27 31 71 48 3 4 17 51 19 48 2 46 94 78 12 5 74 41 44 12 27 56 91 12 80 78 33 21 72 2 96 62 81 33 10 35 57 53 72 45 91 89 43 82 28 94 60 54 41 24 17 100 41 64 97 40 4 47 43 61 10 47 45 79 62 8 14 0 23 34 86 36 5 18 72 79 27 35 13 57 88 96 4 27 77 30 18 90 91 90 66 47 22 49 35 82 51 36 79 86 75 40 16 99 50 59 35 85 32 42 97 14 72 88 90 15 77 18 24
92 62 74 48 61 86 61 42 26 11 87 41 95 81 13 96 58 82 77 73 98 24 3 77 28 80 64 46 35 96 85 6 79 40 55 84 15 5 68 8 95 96 8 96 21 37 6 87 26 29 84 43 57 13 48 25 45 29 49 46 29 56 37 34 7 99 21 56 67 36 56 100 10 63 70 62 16 77 66 87 83 60 14 32 97 16 90 55 55 98 3 15 38 11 81 7 86 37 44 1 14 30 56 75 72 53 15 20 44 48 73 68 32 21 25 52 95 88 59 13 71 25 0 5 4 42 9 30
93 63 40 74 85 91 63 1 91 57 81 89 55 50 72 49 64 25 98 19 80 70 22 77 37 54 91 42 53 12 77 24 68 60 26 2 40 78 75 38 8 9 81 33 79 90 29 9 88 8 27 57 13 39 49 53 8 6 67 64 76 69 29 1 97 77 27 100 75 56 36 32 62 48 61 98 57 37 79 41 6 25 60 79 22 97 42 6 66 24 42 31 98 42 67 26 62 90 81 77 31 31 100 16 21 36 59 56 38 74 95 100 34 21 78 23 98 61 49 22 4 87 40 23 79 38 79 78
58 14 83 74 3 14 57 29 39 7 57 20 18 56 83 33 14 80 88 15 96 65 57 70 47 29 25 82 98 9 5 81 41 9 74 29 99 96 60 58 82 3 9 41 97 89 4 41 13 41 75 34 28 61 83 31 75 29 72 2 39 84 70 88 72 17 98 95 49 99 78 6 27 23 1 57 18 41 17 9 63 28 55 42 16 95 44 69 9 60 58 35 56 36 70 63 30 61 23 95 12 81 38 25 58 3 15 43 67 69 15 78 56 14 47 30 47 86 20 11 19 90 84 79 48 87 77 94
