58 78 25 41 62 18 40 12 54 66 2 5 78 42 62 60
83 57 70 0 62 78 55 37 52 15 74 55 54 88 82 62
14 15 56 95 9 21 12 94 0 21 15 62 90 37 97 48
13 70 9 57 30 81 7 64 37 96 10 93 1 100 52 6
37 99 67 94 21 27 89 93 39 27 67 50 24 64 72 71
50 23 58 13 41 38 99 86 23 69 82 37 55 65 8 54
72 79 24 73 43 96 50 46 75 39 42 12 4 58 21 28
79 8 20 86 77 75 24 48 74 57 2 76 96 25 11 4
88 76 13 6 80 79 21 14 56 66 57 7 20 12 15 0
32 66 70 15 38 54 47 23 23 21 93 32 13 79 12 34
87 56 15 48 39 20 32 51 24 13 88 58 26 46 100 38
51 83 34 69 64 99 67 17 36 50 38 44 87 71 82 8
62 36 93 75 88 6 12 79 23 19 54 18 42 5 8 66
21 8 87 60 37 92 43 12 13 41 12 39 48 16 23 54
29 39 96 67 42 7 52 91 53 41 13 85 32 98 70 24
67 9 16 44 14 30 87 24 71 49 33 55 94 35 44 87
