84 39 65 68 12 87 38 18 73 80 6 23 15 78 65 4
11 84 52 57 92 42 50 99 53 23 23 53 62 46 93 30
52 59 64 98 97 94 59 53 54 97 67 34 20 100 93 17
51 56 6 28 68 89 57 37 85 63 47 32 77 80 62 96
39 19 58 28 64 13 86 87 32 81 30 70 55 72 33 31
36 16 15 60 57 3 70 42 55 73 31 89 39 72 56 13
24 49 31 87 3 55 52 15 74 70 64 12 57 73 73 73
58 60 8 21 2 45 36 28 5 22 48 20 99 19 34 10
76 18 99 95 97 75 97 38 64 28 63 47 84 95 72 28
87 2 22 73 53 82 51 72 87 19 9 49 76 89 52 31
15 95 68 15 86 13 0 5 82 69 37 73 10 65 77 80
58 17 68 48 73 74 76 77 71 85 83 71 78 5 16 0
95 41 38 70 61 7 95 65 27 100 79 53 49 93 4 30
13 41 90 50 11 83 8 82 10 36 3 53 68 9 87 70
85 55 38 45 0 65 84 70 49 82 51 82 81 24 38 59
90 12 50 81 58 74 6 46 81 16 8 23 38 52 28 15
