77 18 69 100 76 41 2 57 89 6 78 79 3 19 90 7
22 45 3 86 98 24 90 15 32 33 19 92 32 34 27 11
67 83 42 12 16 66 73 3 49 20 12 85 41 43 36 29
65 13 93 81 33 17 46 85 28 59 25 20 6 5 12 25
57 81 18 97 67 4 18 4 47 62 19 84 31 100 93 9
1 45 78 26 57 54 86 84 24 13 52 64 30 95 65 17
46 5 16 42 2 3 43 99 38 49 83 97 49 14 40 49
58 48 65 8 83 13 11 25 44 26 33 4 33 52 18 94
41 87 29 85 46 6 81 23 57 46 10 61 95 47 24 24
92 97 80 83 40 42 17 64 87 57 45 38 70 40 5 54
38 100 11 70 77 77 36 10 75 85 50 28 99 43 47 38
68 6 19 35 82 83 82 52 39 81 57 42 47 94 44 60
50 38 35 84 21 37 90 86 16 40 25 7 2 78 35 23
12 70 95 55 38 42 92 14 40 94 97 44 21 25 95 55
57 74 76 20 79 95 5 25 50 58 40 23 50 48 31 89
55 62 98 48 71 52 93 16 51 85 38 5 72 43 4 35
