40 94 57 42 95 95 87 58 38 68 98 57 88 100 83 91
96 44 38 62 54 43 70 5 81 0 28 39 21 62 21 70
42 73 76 80 78 32 59 4 98 62 3 54 69 43 75 50
25 89 97 29 92 28 17 28 71 77 16 48 63 98 72 85
68 30 75 39 2 83 35 72 9 51 28 70 52 50 12 82
50 62 49 98 96 98 64 63 7 73 68 32 76 87 0 42
16 63 38 7 91 11 65 68 29 51 41 44 48 71 4 73
36 90 95 76 84 21 48 47 45 37 8 44 54 10 42 30
51 55 76 79 57 74 26 2 43 90 89 20 95 83 98 34
0 59 39 26 97 67 5 87 34 67 66 87 93 9 9 77
94 98 89 17 60 80 48 55 29 4 20 20 93 75 59 86
3 94 20 51 47 76 69 92 1 59 93 98 95 46 15 53
84 26 80 91 67 54 58 18 61 15 61 19 29 50 17 70
84 100 37 94 61 88 79 42 49 59 95 35 14 96 22 24
12 96 3 39 11 53 10 7 62 71 5 55 87 46 64 0
30 9 8 50 59 56 94 44 42 8 13 82 47 6 99 65
