7 19 73 86 0 98 44 41 86 11 2 40 53 27 26 25
47 33 23 15 47 57 55 98 69 86 13 50 24 68 41 0
80 6 52 30 89 88 21 90 55 62 18 36 23 67 12 73
66 39 22 1 28 31 21 17 100 17 9 32 58 0 85 89
54 46 39 32 61 62 15 57 85 24 11 22 23 92 84 33
65 36 48 78 81 48 15 22 87 67 70 90 70 89 50 43
31 27 15 89 18 42 76 37 70 92 85 91 99 79 13 77
58 40 96 42 100 46 59 37 61 37 59 64 81 9 45 99
27 28 98 14 91 60 45 4 82 20 96 91 4 57 73 14
29 98 24 29 89 62 9 88 33 13 12 49 13 97 81 18
24 54 8 29 26 78 30 47 17 57 83 71 32 9 68 47
63 59 98 97 33 69 85 37 22 99 5 19 94 14 8 93
95 74 87 97 18 63 100 42 7 34 87 29 100 72 49 71
35 17 98 66 93 46 70 64 8 32 47 26 1 94 68 95
75 51 62 84 97 26 69 95 46 87 9 50 35 79 24 54
84 16 81 46 97 86 70 56 56 25 67 48 78 66 16 0
