99 4 16 27 63 15 85 64 64 2 48 42 63 13 96 74
78 36 80 98 72 77 54 5 31 10 25 30 16 22 59 97
85 90 1 42 49 49 62 55 10 85 97 98 50 11 14 3
82 26 96 5 68 85 94 45 35 76 88 19 15 7 77 98
2 89 80 49 21 78 92 97 30 5 35 53 93 48 88 79
94 92 73 97 53 60 89 80 26 32 99 98 83 10 34 88
14 41 43 47 3 65 92 56 1 32 82 37 31 16 45 58
37 45 23 1 46 45 96 86 23 88 61 59 31 87 53 46
28 78 22 87 66 32 44 80 4 43 76 98 65 31 83 94
48 73 15 88 74 56 75 47 0 63 16 0 95 58 41 50
43 31 34 31 36 76 21 64 68 40 76 60 34 45 26 92
54 73 26 61 99 91 45 10 2 24 16 46 9 78 61 84
69 23 86 73 68 94 76 53 59 32 24 7 41 71 2 4
30 50 96 14 79 18 92 75 50 83 14 2 92 89 25 20
63 8 61 9 54 100 84 57 21 12 74 88 100 19 13 28
89 98 37 41 13 71 90 9 60 33 88 20 100 88 30 23
