93 49 59 86 82 11 47 13 56 38 76 19 95 38 30 8
96 74 80 83 74 26 34 31 11 59 97 29 10 61 69 47
66 88 15 87 39 73 79 82 31 60 49 11 12 52 55 19
80 32 52 58 29 30 65 27 54 85 72 76 52 31 39 18
56 52 85 7 42 79 98 100 89 26 70 93 97 43 53 63
68 10 9 66 42 71 81 80 45 0 30 52 75 41 87 3
93 76 91 15 30 29 20 37 25 38 95 90 37 37 84 32
18 34 0 5 4 5 26 43 21 99 93 20 72 40 92 29
95 4 91 12 17 32 16 16 0 21 87 96 45 54 92 7
74 82 10 100 45 88 6 30 5 87 3 99 68 78 31 9
57 43 56 39 22 21 2 26 85 43 2 25 21 84 67 67
93 11 62 25 90 71 69 12 45 80 32 57 32 36 54 95
52 1 62 23 68 73 8 74 89 6 35 56 27 56 84 43
11 62 71 80 43 90 35 93 5 16 8 97 95 60 69 97
79 4 78 30 19 87 97 14 73 24 37 65 53 70 11 71
60 99 81 78 2 78 49 82 77 59 9 7 7 80 12 27
