11 24 53 33 44 77 85 80 95 45 38 55 18 42 76 60
25 84 49 27 71 38 35 25 94 4 23 25 4 0 40 82
76 6 16 60 49 37 11 100 29 8 92 12 4 55 92 61
14 4 15 19 37 5 1 23 65 58 72 21 83 67 69 41
21 72 22 61 12 65 9 47 45 23 80 70 3 47 4 40
33 6 33 19 39 5 44 23 27 75 76 98 62 55 82 2
90 28 49 64 78 37 69 20 24 5 71 28 89 42 91 66
89 59 30 11 88 18 31 45 56 11 45 33 15 61 70 20
6 3 41 3 81 1 62 79 100 34 10 6 87 94 21 24
15 90 7 5 4 20 52 36 89 3 64 82 93 8 36 37
100 58 67 27 26 98 10 46 58 55 5 2 81 20 58 78
15 5 87 97 42 79 98 7 93 71 29 94 88 93 18 87
26 87 68 75 34 40 58 66 62 26 37 60 54 33 74 26
71 74 5 24 92 5 79 55 2 46 91 83 45 28 48 38
31 40 2 44 23 49 4 67 79 45 95 54 35 60 71 79
34 75 60 14 71 65 47 0 4 28 51 30 84 12 45 99
