93 20 18 60 8 73 60 93 23 64 95 23 70 72 33 82
8 86 42 15 50 67 39 74 62 80 11 86 87 83 39 34
5 85 74 89 87 89 15 0 89 34 85 45 86 20 36 23
66 87 90 44 13 40 75 33 47 94 3 28 73 82 7 95
62 90 76 17 58 28 66 78 33 62 60 94 31 95 55 9
49 68 55 77 43 66 2 57 46 17 79 46 63 96 5 91
43 10 49 0 97 1 46 10 56 29 37 63 52 60 15 2
88 82 56 26 24 64 72 15 100 33 53 65 50 57 88 28
31 15 55 12 78 67 91 51 42 58 78 43 54 44 84 70
68 93 96 28 5 50 35 71 73 95 25 35 48 75 63 31
51 14 22 86 42 2 76 50 94 60 95 61 39 60 6 54
52 77 44 43 29 87 97 39 35 1 50 38 75 47 53 83
19 57 71 26 28 100 59 31 48 62 59 48 46 23 53 84
88 10 38 99 9 51 91 54 7 96 50 34 64 2 11 35
52 55 90 43 13 92 36 80 33 11 45 22 48 29 39 77
74 85 94 19 82 91 43 92 56 45 11 61 32 43 82 73
