0 23 43 31 96 6 63 29 32 91 90 84 17 59 62 14
70 62 38 42 92 99 65 61 52 47 89 38 73 43 6 88
21 41 88 81 88 31 95 47 4 41 31 15 23 57 67 54
65 36 82 36 25 24 47 64 63 16 30 38 11 57 42 18
81 87 84 94 23 11 86 72 94 88 29 82 21 52 29 14
99 58 82 21 34 30 25 74 53 80 83 10 90 79 67 28
82 93 69 45 91 16 33 62 73 86 57 68 67 47 19 57
35 70 60 99 26 77 65 43 93 73 83 7 11 98 69 80
86 91 79 25 70 55 67 16 66 71 57 47 10 6 81 33
59 18 52 87 6 60 50 49 63 47 85 79 56 54 30 65
59 81 62 63 86 51 52 38 22 12 59 26 29 53 30 92
29 8 91 76 10 58 70 57 73 68 98 88 35 43 25 72
3 98 54 44 39 92 24 92 68 70 16 38 25 77 37 54
50 68 93 58 36 38 71 81 48 8 67 41 58 53 10 8
54 72 80 49 81 96 61 6 77 62 45 25 30 87 41 26
79 11 84 78 11 14 73 81 44 9 10 33 14 58 35 21
