17 11 2 4 4 21 94 0 62 83 98 14 8 27 76 17
1 77 41 55 85 37 96 86 33 36 100 76 4 31 48 66
83 93 60 84 43 68 81 56 59 23 74 81 28 63 4 35
94 4 33 85 87 2 73 48 75 6 22 45 54 36 17 96
0 19 35 33 58 49 91 31 74 47 31 36 20 94 52 14
11 42 79 55 64 5 21 3 17 52 80 62 91 77 64 37
40 7 94 6 37 34 19 96 73 59 55 56 51 47 32 47
26 74 0 36 63 10 11 48 97 4 50 50 99 95 11 83
20 99 71 96 95 60 44 10 48 13 52 83 97 97 54 32
79 53 99 58 6 97 7 67 41 92 60 40 72 41 41 97
48 100 79 29 74 5 34 62 93 29 20 80 57 30 54 51
47 81 83 33 8 29 0 61 21 92 90 27 97 33 62 49
74 25 85 49 93 6 28 3 20 72 72 32 88 10 29 93
93 37 44 14 9 54 97 29 34 100 96 69 88 31 31 51
5 54 14 82 51 10 77 85 11 76 51 25 30 46 3 54
68 92 36 5 75 65 78 43 7 37 75 88 40 7 66 67
