9 54 85 55 33 74 94 71 24 61 22 54 63 23 28 0
100 51 31 6 88 82 10 44 26 75 73 46 5 43 46 40
47 26 60 67 71 77 14 64 2 92 25 68 79 5 98 99
7 79 82 27 58 54 5 42 50 15 70 46 27 7 44 62
94 12 59 66 5 28 48 33 86 43 54 58 26 19 97 22
62 59 26 28 100 26 87 63 42 53 39 47 74 49 24 82
62 0 17 38 19 34 55 64 61 61 55 31 55 99 38 29
28 66 63 8 94 32 71 48 71 40 43 95 72 89 38 55
29 95 28 46 32 24 64 79 65 67 14 29 97 7 59 76
15 5 71 3 35 6 85 88 18 80 4 100 93 44 4 44
70 3 72 74 34 67 78 39 91 69 88 66 34 71 74 11
69 79 15 12 56 21 79 11 9 63 7 93 16 60 74 84
16 35 99 67 9 36 1 23 54 74 74 16 73 70 73 6
56 11 10 90 78 85 25 1 14 21 65 59 77 20 73 97
44 92 60 74 65 26 92 87 81 25 98 68 23 98 79 94
90 99 34 75 14 65 88 60 39 47 60 28 20 54 19 54
