10 32 100 67 6 11 28 93 99 49 53 34 78 88 36 1
100 50 81 79 25 13 0 92 69 43 96 89 21 73 94 29
8 76 75 71 2 20 31 14 33 91 92 60 90 7 23 21
42 92 30 75 37 16 100 65 11 55 77 79 44 94 20 54
3 65 50 66 52 96 57 46 95 77 63 19 5 33 88 67
39 36 45 61 47 16 57 57 30 65 33 87 9 89 50 46
73 33 26 15 34 51 59 30 80 76 50 41 71 16 31 11
1 25 74 55 33 40 14 49 63 100 34 69 80 85 51 6
74 16 41 86 94 86 41 82 64 40 16 60 10 67 49 72
13 79 16 83 41 75 84 86 1 84 12 54 60 28 47 95
66 98 55 37 2 47 33 87 21 30 20 85 29 32 56 66
14 92 23 56 16 89 36 50 34 76 51 75 32 47 59 54
80 21 77 96 12 6 39 86 71 87 74 71 52 43 95 0
12 61 1 89 96 21 91 35 89 16 78 67 86 11 27 24
9 54 61 99 28 91 51 100 93 50 67 3 68 23 87 8
29 42 85 88 75 94 91 32 54 10 44 79 12 12 97 100
