12 72 44 21 22 88 45 6 43 54 42 90 87 24 68 44
73 56 15 42 98 51 60 73 38 13 97 4 73 20 49 4
9 67 88 24 11 6 66 40 44 81 96 66 63 45 40 77
3 62 68 52 10 38 44 27 34 84 84 29 88 87 64 34
76 61 94 37 41 64 39 29 6 28 35 53 89 49 5 38
26 8 98 32 26 58 17 12 70 85 19 46 24 13 25 19
71 39 76 66 49 74 0 81 46 99 73 53 12 81 30 13
12 50 31 72 89 74 93 40 49 53 8 19 76 60 98 31
44 66 40 39 77 31 4 21 58 53 49 8 58 84 80 73
85 70 31 93 84 79 72 1 9 33 32 33 81 14 38 93
3 85 38 48 92 31 20 1 91 90 7 16 5 21 85 9
64 78 48 37 30 28 57 91 82 19 8 64 42 99 60 89
99 6 2 98 27 85 4 7 59 38 2 17 55 90 75 24
43 47 64 43 2 31 39 65 34 24 71 11 39 14 7 8
44 85 68 46 86 9 49 21 77 80 45 99 72 31 52 20
9 28 34 11 2 8 10 75 99 77 44 41 56 27 87 26
