93 24 56 30 45 29 82 17 57 34 81 80 26 86 62 38
66 90 37 71 83 65 25 67 56 2 17 67 58 79 76 73
98 69 47 98 98 57 48 99 53 57 13 46 41 43 70 61
86 73 70 49 51 34 96 88 88 49 84 80 37 7 51 1
75 17 49 41 88 76 98 51 59 47 93 67 57 53 97 43
97 29 98 84 94 97 6 1 100 19 2 37 36 49 45 21
40 80 6 25 4 90 17 77 52 26 87 22 39 28 9 89
88 71 54 60 82 65 33 66 73 10 63 85 80 31 50 71
71 27 90 23 41 98 43 35 35 7 16 63 29 81 11 0
44 29 80 63 41 75 79 66 64 89 97 45 11 84 30 18
47 66 25 77 42 12 25 53 27 50 7 67 44 35 15 0
27 4 38 18 55 1 68 18 3 52 42 58 21 20 8 55
24 84 7 12 60 47 70 86 86 98 92 41 80 31 48 93
58 15 28 29 19 8 8 45 45 32 8 28 94 35 51 48
41 7 77 44 42 48 93 68 22 48 30 43 53 12 77 78
86 46 6 16 53 95 27 31 41 60 64 23 24 2 62 18
