91 46 70 75 84 80 9 1 63 91 47 56 11 43 28 59
79 16 76 33 17 0 90 35 100 2 27 79 16 16 77 95
91 73 23 76 47 27 56 92 26 16 71 90 99 57 7 0
43 17 62 98 32 61 24 19 65 61 88 38 52 21 21 13
70 90 97 62 73 87 39 23 64 61 48 28 12 77 25 21
92 84 49 28 49 16 55 16 72 62 47 0 96 32 99 41
38 59 98 83 1 40 57 0 58 37 24 87 92 30 23 98
49 54 5 81 65 0 22 36 71 67 11 68 46 49 74 18
11 5 50 86 85 72 57 46 16 46 75 53 31 59 57 21
46 84 95 52 53 47 79 93 86 53 79 97 84 82 64 68
64 0 33 27 8 78 59 33 8 54 33 79 16 41 61 23
4 76 53 43 54 79 79 80 18 97 53 57 54 32 22 39
34 95 68 46 81 40 90 33 73 44 15 31 98 63 17 23
41 82 56 52 79 95 5 80 37 23 95 77 84 23 32 98
3 56 7 69 35 37 22 15 11 95 38 5 85 4 70 5
68 64 76 49 44 36 67 77 49 48 54 52 35 98 79 11
