44 93 14 39 18 67 27 92 31 19 48 25 94 67 47 22
100 26 80 61 19 89 31 27 62 90 47 99 19 70 11 65
5 35 30 6 21 29 63 96 28 66 33 99 66 80 70 76
77 3 64 39 37 14 34 68 28 20 81 65 80 81 10 86
93 55 17 29 33 77 66 47 33 25 19 60 77 62 67 85
45 76 87 77 0 49 71 79 49 6 100 66 56 18 50 25
81 14 24 37 84 7 54 48 31 33 87 98 38 86 11 90
40 28 72 84 60 84 51 83 34 60 60 75 7 91 54 4
75 93 18 16 31 90 8 1 51 62 99 11 19 84 84 10
11 20 15 16 100 16 72 36 3 29 60 10 51 5 40 27
30 76 80 30 9 13 24 93 54 82 66 73 48 10 72 66
89 40 49 27 10 19 44 2 45 53 36 56 16 61 44 49
32 14 27 13 6 2 88 58 67 44 22 58 25 8 49 59
98 47 44 43 26 32 67 75 99 62 69 13 7 47 28 53
92 74 33 6 68 55 32 53 9 21 38 90 51 60 40 98
42 33 15 19 1 9 10 47 75 64 78 44 88 32 42 70
