97 43 37 46 48 65 5 14 82 61 66 82 11 52 68 15
11 12 57 13 63 13 15 77 5 96 73 49 62 97 19 32
81 89 15 35 87 8 79 44 40 34 88 77 61 89 59 97
5 81 92 99 36 1 43 27 6 68 12 53 16 95 46 99
77 14 36 53 32 0 99 85 54 76 38 68 96 63 35 81
51 33 29 26 84 74 43 81 76 75 70 6 4 27 2 57
23 54 99 80 9 56 42 19 58 73 19 51 74 29 73 47
53 26 45 16 79 35 67 38 55 64 30 26 29 94 52 100
60 15 72 3 37 3 49 21 7 12 34 74 54 60 100 64
69 1 43 36 59 1 27 82 27 66 52 59 18 51 40 89
88 8 78 53 41 90 91 28 56 37 55 73 88 88 55 95
66 31 1 41 59 16 61 30 81 100 26 36 57 100 0 93
97 50 100 55 2 25 52 66 50 38 61 74 41 6 51 27
78 73 52 24 100 61 95 12 58 17 31 40 17 43 35 10
68 22 50 90 60 76 96 31 72 4 48 67 70 27 94 82
86 67 29 21 2 15 39 76 34 47 26 55 85 82 32 26
