99 2 77 21 55 73 7 50 12 7 56 8 55 21 55 59
48 53 47 15 65 31 81 23 16 81 41 96 71 13 42 2
63 100 58 100 9 14 98 53 67 69 45 65 0 4 1 16
10 82 67 7 11 76 67 86 50 24 45 22 2 16 21 52
70 12 52 3 30 13 36 75 64 7 48 32 81 87 46 67
70 52 37 93 38 47 58 57 36 10 55 0 16 57 46 90
62 80 48 38 38 26 40 48 67 81 92 60 65 16 9 12
51 28 58 92 23 50 54 76 27 69 11 77 65 48 8 90
12 52 13 86 57 38 8 25 56 68 58 29 7 70 32 17
100 81 64 16 14 80 25 22 63 17 62 46 46 29 50 13
64 32 20 84 94 12 69 55 25 77 54 79 77 74 100 31
46 19 42 26 36 44 13 71 85 89 29 62 96 4 96 1
85 93 94 53 63 33 82 5 42 62 8 21 75 72 78 49
85 27 59 65 70 95 38 22 69 70 56 47 14 80 43 83
54 90 63 75 26 96 28 5 16 80 31 96 24 13 65 29
27 23 48 65 37 69 55 7 29 59 13 91 19 26 89 77
