11 8 88 76 80 38 52 56 95 5 17 46 46 44 88 50
70 48 70 69 0 68 67 35 18 4 94 76 99 68 61 30
34 14 40 12 71 83 78 22 16 27 12 93 5 87 87 19
73 81 86 77 20 68 67 36 10 86 81 94 73 69 18 6
6 88 82 66 42 4 32 35 82 83 32 13 23 76 11 99
95 43 73 47 78 40 27 74 83 59 61 35 77 24 96 87
50 36 88 32 67 100 45 48 2 34 51 98 64 77 9 96
50 17 63 24 88 51 38 17 51 50 4 56 86 43 81 16
26 67 48 1 1 5 83 89 53 18 59 2 74 80 15 71
28 88 14 18 58 61 22 8 98 19 8 94 53 6 81 67
99 96 26 75 68 19 78 60 69 29 47 92 66 83 5 20
26 58 73 21 51 65 10 23 17 24 95 54 66 86 6 92
98 3 55 16 77 27 87 56 25 41 97 81 24 34 52 19
22 5 19 58 19 84 99 62 33 66 20 1 11 1 88 58
1 14 96 0 42 86 71 55 6 46 32 91 9 3 18 47
75 84 46 20 6 18 85 11 75 83 57 47 37 79 77 29
