14 38 60 61 32 90 15 6 18 11 75 44 69 85 55 86 60 92 62 36 63 66 57 77 69 6 9 67 61 36 83 51
50 70 59 17 76 70 43 88 90 59 61 15 37 56 79 8 43 18 56 21 65 28 35 37 32 4 32 87 98 12 33 41
66 8 9 26 13 80 39 48 29 28 70 73 72 10 74 98 53 44 98 97 22 87 68 79 38 53 57 71 29 34 72 6
14 51 12 9 4 78 100 47 31 82 66 55 47 91 56 61 10 28 17 43 20 53 53 54 2 61 9 57 49 14 95 50
43 7 84 80 47 81 83 48 23 32 59 51 46 26 12 19 21 85 44 5 6 14 93 94 35 27 44 72 82 77 11 28
15 27 9 36 75 80 43 39 41 13 24 64 44 30 67 11 65 67 36 0 11 89 11 18 10 98 37 9 44 88 36 87
78 29 62 75 82 3 94 42 1 48 17 8 42 35 31 100 58 62 62 32 19 48 91 37 84 30 46 96 49 86 91 40
100 5 85 18 82 35 14 79 82 15 48 22 67 76 43 52 46 63 39 48 39 28 17 60 84 95 39 30 68 24 75 11
63 81 73 12 35 66 86 71 68 71 91 88 94 84 24 28 36 19 30 94 50 28 43 66 60 87 31 48 4 35 28 1
46 14 91 44 0 46 89 31 12 48 11 15 68 61 45 71 85 18 3 72 86 68 93 22 68 98 20 36 99 14 55 60
36 68 20 70 59 73 7 80 58 38 5 91 15 26 61 5 100 62 1 81 65 2 19 51 38 72 30 21 33 90 1 82
61 41 10 54 29 67 74 23 1 12 12 4 88 44 45 45 98 100 57 40 19 95 45 25 87 95 52 84 18 79 32 39
51 39 16 21 89 28 49 90 98 33 42 13 22 68 52 5 36 50 78 8 70 13 3 3 48 88 62 88 62 0 97 14
93 10 59 23 85 43 15 99 96 40 87 58 19 50 67 45 77 62 41 84 71 47 10 94 11 38 5 89 59 0 28 86
72 19 57 47 87 1 33 48 19 46 62 70 47 78 32 66 81 82 26 24 61 85 38 29 4 75 17 97 75 67 56 25
78 82 50 71 60 7 9 71 49 89 15 75 75 75 60 5 40 63 94 67 92 17 45 2 64 40 86 53 31 2 61 81
29 38 69 35 80 21 69 11 70 19 58 14 72 22 7 70 43 29 35 11 60 94 41 76 80 75 4 89 97 78 42 36
34 100 16 20 72 71 29 68 7 82 24 32 27 18 17 10 3 61 28 51 78 32 82 21 47 35 85 74 47 35 57 55
98 80 42 78 85 92 90 87 9 60 2 46 0 21 30 77 27 44 76 6 90 67 30 35 48 53 12 69 57 89 73 71
63 80 52 27 31 0 48 64 59 49 9 19 96 0 65 93 45 81 36 16 49 37 6 13 58 32 63 80 37 67 94 25
37 92 85 87 58 35 64 24 1 3 16 46 72 65 61 26 43 47 14 91 23 10 52 5 48 49 39 72 24 52 68 86
88 47 53 24 46 24 56 10 64 59 14 6 37 8 0 53 64 98 44 39 82 23 32 59 63 61 21 26 26 56 62 81
51 24 80 42 78 27 46 47 29 44 63 4 45 23 86 25 40 40 87 30 9 87 65 13 5 83 80 90 53 73 96 15
41 99 80 95 38 98 96 85 24 34 78 33 79 3 30 19 60 19 70 64 44 71 54 9 73 38 99 87 62 93 26 66
46 52 55 90 7 90 66 23 6 16 70 2 2 46 70 56 37 86 96 71 73 24 78 23 10 84 29 14 64 91 76 57
56 92 44 37 95 55 30 36 97 37 61 86 33 79 93 52 75 57 97 98 45 13 46 19 31 65 90 54 40 83 36 22
40 94 51 71 59 42 74 15 38 1 5 59 81 86 22 56 4 72 99 5 85 50 19 79 63 53 22 88 49 52 7 72
62 93 55 91 6 60 27 18 41 38 73 72 41 18 44 44 87 80 48 69 49 9 31 93 64 44 100 20 86 79 0 86
37 91 46 76 43 42 71 68 49 30 17 62 26 50 29 5 47 35 61 16 20 11 94 28 62 40 91 26 95 7 88 10
1 16 92 48 100 41 46 16 25 77 20 82 40 6 98 14 75 77 71 1 46 18 90 95 61 23 7 2 29 79 58 44
55 72 40 18 48 22 6 36 65 10 22 27 37 8 42 91 34 77 21 55 76 95 99 78 36 17 12 83 41 3 56 67
7 24 94 97 91 56 38 2 18 22 49 81 19 98 62 24 59 66 31 24 83 53 53 9 73 0 70 24 72 4 93 19
