29 84 46 3 84 25 8 23 82 52 45 100 67 32 70 47 53 40 65 31 3 52 42 10 7 96 2 5 15 37 57 36
60 24 28 39 11 69 83 95 42 21 76 94 31 54 87 34 73 10 74 36 7 3 89 78 37 17 30 78 48 41 79 44
93 27 82 88 18 43 11 73 18 70 51 58 35 34 89 66 9 20 54 60 37 34 54 51 50 98 6 90 91 37 1 23
76 65 31 30 32 59 8 95 85 95 72 2 33 91 5 66 35 53 81 10 14 78 26 59 13 38 21 42 42 94 18 77
82 65 13 16 61 79 59 4 66 7 94 95 19 64 84 31 54 97 63 85 27 93 6 6 72 43 5 71 8 26 45 70
29 29 76 80 91 7 26 45 15 87 56 27 81 43 50 92 63 7 60 78 34 72 69 96 64 15 18 17 19 7 22 61
2 26 56 95 62 77 19 45 8 18 3 49 85 48 56 20 44 58 32 84 58 67 18 38 33 19 7 54 88 44 11 36
55 0 14 21 73 8 78 26 97 4 79 50 25 76 47 66 27 17 5 5 100 8 14 27 5 88 44 21 62 64 19 32
17 5 14 14 77 90 81 50 39 4 27 78 94 5 41 18 50 84 39 6 82 75 83 81 57 30 61 17 24 92 10 65
51 51 83 99 51 31 84 43 66 97 51 71 15 66 36 49 87 54 37 57 5 1 43 49 52 12 81 73 80 11 16 86
71 32 91 0 60 14 68 99 56 83 4 24 8 26 56 51 44 34 64 91 13 94 73 68 37 11 71 38 30 20 4 35
48 15 81 11 54 79 47 52 43 77 38 74 9 99 24 65 24 0 73 67 58 79 67 29 70 3 46 54 31 54 37 65
57 1 80 17 94 62 43 43 65 1 15 74 18 72 22 28 17 59 69 29 36 73 31 13 75 62 23 45 2 53 29 15
91 47 54 49 9 54 96 40 79 75 48 72 81 42 94 48 4 92 56 12 50 14 2 23 26 27 74 21 64 28 60 70
92 29 23 69 63 73 45 22 25 60 74 31 89 40 35 94 49 1 80 71 47 40 33 91 35 41 43 0 42 62 81 29
20 69 86 17 31 9 97 97 48 47 8 88 48 5 79 47 99 46 53 100 62 69 40 79 24 31 14 49 84 47 47 61
69 100 22 54 66 1 39 60 34 70 21 95 71 18 77 16 10 97 20 36 73 92 56 60 4 54 38 34 69 0 49 31
80 54 94 27 41 84 91 44 45 41 38 53 63 85 61 90 22 60 28 52 53 6 65 26 74 21 95 96 89 100 95 88
45 72 75 12 9 87 64 93 61 98 42 50 3 97 92 28 48 55 5 67 8 17 89 65 26 26 40 3 1 2 57 54
8 56 82 36 12 47 19 63 96 59 37 34 58 7 22 2 78 19 52 82 43 83 77 75 73 72 35 92 84 100 47 73
48 45 40 2 0 80 76 23 43 6 3 99 39 7 20 30 6 41 61 97 78 3 58 12 7 45 34 18 52 29 78 98
65 73 43 16 4 16 9 6 1 66 82 17 48 64 61 57 75 12 99 91 90 47 26 81 60 21 91 95 58 6 27 94
78 42 89 29 56 71 7 29 3 11 89 34 24 48 25 41 61 48 0 80 19 82 17 47 11 48 49 14 49 14 53 65
69 93 64 18 21 13 47 67 74 77 27 86 33 68 60 45 55 25 3 66 86 13 89 96 84 63 57 54 26 99 73 48
62 66 17 34 15 99 60 97 69 82 88 12 46 10 44 32 53 53 59 78 71 78 24 20 6 14 34 62 20 35 34 98
47 79 80 91 2 3 86 50 84 13 16 54 82 38 87 72 66 67 44 58 51 80 47 51 1 28 58 22 85 100 47 49
45 28 91 11 35 56 83 17 31 69 10 86 68 52 61 14 80 44 24 42 65 5 45 79 11 38 1 19 37 37 9 97
54 63 61 50 58 100 98 88 55 70 40 27 12 41 76 43 66 88 12 59 86 79 47 88 35 26 32 67 33 38 21 48
59 55 30 83 76 56 82 37 18 29 100 92 83 5 44 94 9 94 85 83 34 45 47 83 27 66 21 64 40 52 67 38
99 9 89 26 80 19 1 93 30 93 56 18 100 23 50 17 84 17 81 37 39 85 3 96 17 5 11 62 19 29 45 75
25 4 5 23 20 50 78 69 74 69 24 98 2 37 33 12 17 64 9 29 24 40 25 47 69 23 42 60 2 45 74 16
22 67 84 49 27 36 99 93 41 59 2 92 69 72 51 37 69 34 24 92 82 12 100 55 62 50 19 60 76 79 38 77
