85 76 72 28 60 97 6 18 5 36 98 0 11 89 3 63 93 71 91 44 16 42 6 31 57 53 40 1 36 50 44 47
19 79 91 5 57 72 20 18 33 22 100 90 71 43 42 45 15 51 95 92 53 99 33 30 22 100 36 21 87 90 97 25
71 25 73 40 66 56 77 91 20 2 32 25 75 83 93 49 8 60 41 37 52 8 39 67 57 51 65 12 61 46 25 46
62 3 61 65 34 91 70 96 84 4 13 17 14 43 27 82 41 80 96 77 44 46 67 93 25 70 96 14 14 64 5 11
82 19 38 15 48 1 47 44 97 57 41 57 84 35 57 10 97 70 2 64 83 59 88 96 18 73 47 73 86 24 82 41
95 29 97 50 8 76 35 45 33 32 35 98 86 94 44 94 36 17 76 94 79 47 86 1 100 91 57 28 94 33 53 6
1 32 70 21 17 12 34 26 6 35 64 17 55 48 60 17 91 53 19 61 26 0 66 64 14 79 3 54 12 72 72 84
87 14 14 23 0 67 72 43 12 87 99 55 82 66 84 80 51 28 23 26 28 60 18 69 49 95 40 47 62 92 36 50
14 15 30 98 83 28 98 91 64 64 45 26 33 13 16 11 15 21 13 19 34 38 34 97 50 47 76 70 76 79 61 68
12 7 30 4 62 44 41 32 100 56 47 11 90 98 41 42 25 36 92 13 63 67 64 41 100 68 74 13 84 88 76 20
47 37 13 57 30 58 63 78 43 37 31 95 11 83 58 41 44 30 48 45 36 32 42 9 50 64 24 5 5 20 42 92
39 43 50 28 66 0 53 32 82 41 81 39 84 60 36 93 14 6 7 33 11 17 91 81 8 40 39 50 93 0 18 68
46 72 12 75 43 8 40 97 21 49 100 15 22 25 34 91 49 24 13 14 76 12 69 52 16 38 15 2 83 97 22 53
16 65 76 37 8 3 93 47 19 82 96 90 94 74 81 32 53 51 37 65 45 47 17 35 88 28 62 46 62 7 36 0
76 87 39 34 66 18 28 91 82 23 48 79 36 9 90 95 66 100 74 22 68 53 92 43 29 76 23 5 17 95 2 96
54 77 44 20 47 17 77 33 86 14 12 94 85 60 86 73 38 92 81 20 83 11 59 32 95 38 65 26 93 81 12 57
42 55 12 39 9 43 22 99 7 98 63 43 34 83 17 48 30 28 77 85 24 39 40 94 84 81 63 98 27 18 39 49
58 45 54 17 91 51 31 86 77 84 70 36 7 75 77 37 39 75 87 52 52 83 61 38 77 94 81 59 5 38 26 16
75 86 58 75 60 23 98 42 33 26 94 1 62 2 60 10 27 47 77 72 57 26 75 59 81 79 54 99 26 63 5 65
26 64 87 16 17 65 96 19 9 18 2 14 0 74 83 61 31 92 31 76 88 2 96 99 9 89 60 38 43 59 87 93
69 92 13 68 38 95 65 68 88 25 44 69 48 94 100 98 11 60 26 59 22 19 33 13 10 94 100 54 90 96 46 37
64 81 46 35 49 70 88 13 43 89 12 90 83 66 74 7 86 77 47 23 37 59 78 48 24 68 93 40 79 9 99 81
79 65 12 66 59 12 43 16 98 88 25 29 78 3 86 62 70 74 56 76 6 85 20 14 26 99 58 73 59 78 17 56
69 8 34 36 20 8 87 70 62 35 70 98 44 27 62 23 27 75 53 16 6 28 45 36 65 60 1 97 2 50 51 14
84 65 71 79 41 67 27 18 81 42 95 11 89 39 6 75 63 90 12 11 84 81 3 33 80 37 50 38 20 34 86 41
94 31 42 62 100 81 15 10 77 76 66 49 23 7 89 73 69 57 5 33 91 31 90 48 94 42 14 93 77 76 99 22
62 77 59 45 76 62 47 77 94 58 99 50 69 5 29 26 69 56 85 9 58 13 26 0 76 89 9 36 99 22 27 51
11 38 35 93 46 72 48 48 98 84 62 93 8 22 78 0 85 4 70 72 29 24 23 20 72 57 76 25 13 37 31 33
34 48 33 54 64 17 83 15 84 49 57 44 66 61 61 47 3 2 33 90 0 58 46 83 91 46 36 39 49 13 38 30
34 43 99 38 45 23 99 40 14 9 96 97 0 77 9 55 33 9 92 63 22 43 25 9 80 92 37 54 70 1 40 58
67 99 92 95 62 61 39 9 83 99 90 2 32 1 34 99 91 81 95 30 76 61 2 17 50 26 37 87 33 24 49 32
24 70 7 11 12 53 81 73 50 81 44 62 3 78 81 71 10 72 18 47 71 4 55 23 8 49 44 42 82 54 2 2
