26 42 82 23 58 18 93 57 96 92 40 16 39 25 90 26 94 56 73 20 53 53 1 63 100 52 2 21 48 10 28 1
41 54 53 79 11 6 96 18 34 59 34 75 26 87 70 21 52 9 63 60 50 86 95 80 56 30 98 60 66 3 84 50
28 16 93 72 64 33 95 83 51 1 80 79 25 40 48 61 25 3 44 65 77 55 49 52 32 100 2 68 18 45 40 64
41 77 36 86 60 50 7 61 97 15 52 43 64 85 46 71 3 74 53 74 19 84 71 65 77 11 84 22 52 41 44 78
76 39 99 49 25 34 19 1 75 0 7 73 64 63 50 5 97 96 26 67 30 60 63 83 42 81 67 44 14 36 96 11
39 43 4 10 89 94 17 43 70 18 92 63 92 65 13 15 28 0 13 97 66 15 60 15 50 84 26 30 41 44 47 33
52 70 21 100 3 71 3 47 71 97 97 4 99 22 70 64 21 28 44 73 42 91 13 47 63 34 93 1 54 37 34 19
32 47 49 27 88 38 34 30 94 35 22 88 51 20 61 37 25 54 78 1 38 51 14 5 71 51 39 95 39 78 23 43
68 14 41 93 3 27 0 80 79 67 84 25 76 39 12 94 52 82 53 98 61 61 30 48 4 100 23 69 8 72 55 51
46 60 50 28 52 78 75 31 48 45 11 29 13 89 25 80 65 88 1 89 87 34 49 58 16 68 75 87 14 63 67 4
33 71 41 31 72 19 56 94 99 88 20 0 38 55 45 80 13 48 8 66 26 50 68 32 73 2 62 81 36 49 46 19
80 2 94 55 24 15 21 39 94 59 87 87 25 19 11 42 6 99 4 18 43 12 21 2 19 19 86 59 24 81 70 18
78 25 41 90 49 2 5 44 28 57 62 82 86 56 57 28 74 41 24 81 24 67 58 88 59 18 8 93 18 1 28 59
7 77 60 1 31 49 25 54 87 82 36 54 79 59 89 41 4 6 13 73 99 1 22 72 29 86 76 20 88 12 48 9
71 45 100 1 84 55 93 6 39 79 31 91 27 25 75 85 95 40 91 10 16 37 17 94 8 13 19 18 47 13 26 65
76 47 28 100 37 70 8 3 0 88 88 62 40 61 91 25 47 83 27 12 68 68 5 48 0 39 72 71 23 29 61 41
23 66 58 50 40 8 48 86 31 39 26 47 16 46 2 18 46 54 52 9 40 88 56 2 96 27 1 96 4 81 36 11
23 60 43 99 70 29 22 82 94 90 59 71 72 21 68 82 81 51 68 84 42 5 100 34 40 55 94 0 38 44 22 23
93 29 95 6 57 72 100 24 89 70 1 66 24 2 21 89 47 43 3 51 22 15 31 4 11 55 84 8 74 53 45 18
89 81 39 42 55 90 35 51 78 70 92 25 75 44 67 7 63 6 30 27 8 42 49 91 75 66 8 35 21 53 30 41
73 20 87 99 42 14 99 62 90 73 21 36 97 72 52 40 96 70 21 72 65 57 8 92 12 85 96 39 97 40 14 10
89 86 86 61 22 73 2 69 74 63 40 36 65 24 99 61 3 56 51 99 26 95 14 22 54 18 53 20 11 5 68 81
73 24 43 73 79 77 38 62 76 72 98 97 65 69 31 27 56 4 48 50 37 40 99 78 65 66 24 35 71 10 17 69
72 21 2 61 63 62 37 5 94 6 96 49 96 93 71 18 0 56 77 66 53 56 60 27 97 7 39 51 3 61 15 70
62 9 24 77 2 1 41 52 14 52 53 40 94 93 23 89 9 56 31 63 51 2 64 6 14 26 4 47 57 11 4 7
9 84 85 8 13 32 36 83 44 43 30 6 16 88 37 9 68 76 51 9 72 8 69 6 9 93 18 1 12 7 64 28
0 40 83 70 96 92 57 33 12 92 14 67 45 20 87 21 87 98 27 26 98 28 79 93 5 58 96 81 22 85 56 10
41 87 96 31 32 70 60 13 31 78 28 5 16 48 49 53 82 12 25 67 72 54 20 92 90 40 78 13 84 39 82 87
99 6 5 57 10 63 62 43 68 23 59 73 3 65 95 7 41 12 95 23 77 46 49 9 37 19 90 79 38 66 69 26
43 94 85 85 35 19 48 56 43 37 18 43 96 69 18 49 31 37 66 60 58 80 50 74 22 92 54 35 10 22 8 85
31 50 74 49 79 83 47 43 100 79 86 55 25 62 23 0 28 37 41 99 80 54 91 17 66 32 73 64 34 92 56 13
25 6 93 73 83 57 12 35 69 47 53 15 61 40 52 61 12 33 88 12 82 40 10 48 64 56 77 94 63 20 74 84
