54 77 100 91 67 83 94 21 92 94 7 56 19 36 7 46 76 74 80 5 86 66 8 54 15 80 17 43 96 100 8 20
31 83 29 87 42 6 67 73 14 91 68 41 92 89 43 44 90 45 54 57 77 17 95 92 95 51 94 46 30 98 88 79
24 45 91 25 96 16 87 23 20 98 11 26 33 6 52 48 49 82 74 14 82 60 19 43 94 84 31 44 99 3 85 68
43 77 25 25 62 5 79 31 97 37 12 69 25 80 33 96 57 70 58 21 3 70 16 21 31 48 6 90 23 78 5 58
79 99 54 33 1 27 23 82 70 81 41 89 24 43 39 72 68 93 68 29 44 85 44 3 12 41 12 48 27 85 20 44
86 73 26 59 79 23 77 10 22 43 67 5 1 10 28 99 69 64 85 96 4 14 34 67 76 56 28 32 9 20 16 88
45 65 8 88 34 92 28 38 71 22 10 11 42 89 5 96 77 63 81 37 73 52 53 45 85 18 24 38 90 16 48 92
31 50 47 46 99 61 38 21 32 94 76 64 82 41 49 23 91 28 81 70 81 77 51 73 43 39 16 93 41 47 49 44
4 57 51 12 70 31 57 83 57 51 5 77 6 100 33 33 64 24 26 52 11 91 62 28 62 39 52 91 76 90 76 100
3 12 37 85 0 16 7 25 10 41 81 80 14 59 31 98 0 88 1 8 12 69 59 18 1 13 77 58 59 7 15 87
95 65 85 21 79 25 92 55 24 98 66 65 50 90 46 9 3 25 41 86 24 65 50 35 73 14 38 27 7 19 23 0
93 72 86 44 87 15 66 29 61 17 16 66 58 24 94 38 79 56 55 61 49 5 41 18 83 32 71 4 50 4 62 13
72 34 47 80 55 41 59 4 50 28 20 70 50 39 81 82 27 61 61 79 31 90 0 91 73 95 77 95 40 86 64 99
3 25 36 61 56 78 69 46 37 99 30 86 22 35 98 75 57 27 94 14 85 44 58 4 56 38 96 35 30 78 29 18
68 40 98 68 100 86 72 76 68 78 82 9 50 55 70 30 85 22 31 90 97 1 38 84 63 17 65 2 62 88 19 83
85 95 7 63 100 31 0 41 58 35 85 57 72 57 100 98 93 29 31 17 3 53 28 83 49 36 76 83 19 77 17 4
41 21 58 62 71 92 38 56 97 40 73 19 42 96 30 64 100 48 7 6 86 15 85 8 31 5 80 88 41 41 80 68
25 50 55 41 65 89 22 72 96 68 96 15 50 100 27 27 100 96 59 52 1 37 66 94 5 61 58 1 43 92 59 52
42 3 45 73 46 23 85 9 8 81 31 44 69 13 91 90 9 96 7 89 36 89 44 96 80 4 80 34 12 43 49 99
39 30 50 60 30 88 46 90 37 70 52 61 69 71 46 15 11 3 12 69 84 22 75 15 94 71 55 16 52 80 5 47
83 76 1 46 92 72 76 36 35 7 90 53 28 67 3 42 10 66 1 96 94 23 45 77 52 94 36 86 45 57 49 69
6 89 51 13 50 13 0 95 92 18 40 8 81 33 57 31 57 96 71 83 70 92 9 19 43 89 89 98 13 12 80 6
54 70 42 55 76 45 25 64 20 72 97 48 23 74 20 30 78 29 78 75 72 44 42 31 77 4 79 16 1 89 79 9
11 26 65 80 52 18 88 16 0 86 47 86 19 3 77 12 6 98 35 54 70 23 80 46 36 20 86 98 44 51 49 50
44 58 100 47 49 86 34 88 78 20 9 89 46 12 87 20 24 5 50 45 1 57 40 28 13 54 45 60 97 28 8 26
63 57 42 36 61 68 29 24 24 22 60 60 88 3 84 68 68 64 82 68 82 51 65 46 32 45 70 38 16 10 26 78
77 6 58 52 83 40 16 6 22 80 2 56 16 23 63 100 10 99 7 99 76 5 46 64 81 9 80 100 74 38 16 67
20 89 49 59 48 39 11 56 44 38 27 62 47 31 86 11 13 7 29 0 75 38 35 74 72 12 5 66 80 16 27 61
3 60 12 83 57 24 52 55 85 59 77 32 81 56 11 3 49 61 1 34 49 83 75 87 79 6 96 78 43 12 99 14
64 2 81 51 39 18 45 45 59 0 8 58 25 66 47 50 95 25 63 78 43 99 44 14 20 89 7 56 79 23 16 96
34 12 55 58 90 81 32 84 21 13 87 69 67 60 62 4 66 16 52 11 27 100 90 43 6 61 27 3 44 85 28 35
64 91 18 0 8 84 59 33 41 60 81 54 21 28 7 96 16 87 95 61 6 18 43 24 20 67 7 14 28 53 23 53
