17 91 25 0 13 61 98 71 78 98 42 4 77 29 8 62 88 10 7 12 93 17 12 78 4 89 52 4 85 46 17 81
97 31 40 70 59 96 93 40 30 86 73 38 85 98 82 93 59 46 18 92 46 93 80 7 25 24 88 59 27 49 88 88
98 85 75 5 46 98 90 76 59 75 65 21 52 14 86 59 55 16 9 95 81 90 98 91 45 43 83 88 89 4 33 25
57 22 87 27 2 20 71 76 21 85 65 85 35 85 66 58 0 76 8 15 100 32 14 41 65 59 93 68 63 28 46 75
47 81 49 1 26 48 23 89 74 90 68 55 4 83 27 13 40 32 30 58 96 81 3 86 30 32 8 24 17 13 64 87
15 1 68 49 87 28 95 54 75 67 14 63 88 1 97 7 8 50 41 87 97 68 0 48 29 7 12 93 18 15 80 94
3 64 3 59 16 31 91 47 76 22 55 82 10 32 20 75 16 97 23 29 20 17 59 47 39 32 54 28 4 52 82 12
75 36 54 82 84 39 79 0 74 19 12 74 70 54 61 6 96 14 91 20 66 86 60 1 83 17 50 86 65 80 11 4
54 35 51 16 17 88 70 19 49 55 3 33 0 62 39 37 83 39 37 33 96 87 69 55 68 92 39 16 46 62 3 30
78 3 76 18 11 8 38 45 93 99 96 36 34 62 36 46 9 19 40 85 70 92 37 5 48 28 56 5 8 1 36 59
58 83 28 33 89 58 80 80 67 85 58 53 99 11 8 20 24 98 32 100 79 30 61 52 91 24 65 87 43 0 17 35
51 22 44 46 98 6 88 22 72 69 81 3 32 23 66 82 84 40 85 45 2 60 50 21 61 30 85 0 70 90 99 45
39 6 94 64 51 90 23 69 85 96 52 3 78 16 23 19 11 27 68 49 20 63 84 2 94 58 58 97 64 14 87 30
96 15 14 45 59 47 68 92 48 71 37 97 22 2 92 82 66 83 24 2 88 56 9 63 38 8 91 9 98 89 77 65
53 44 38 24 24 94 53 46 15 46 86 30 48 34 31 74 73 6 7 11 67 18 67 79 91 10 68 55 7 41 25 27
15 89 59 57 83 46 89 25 52 72 73 66 34 79 15 88 20 45 50 54 55 3 50 7 74 48 37 19 76 34 35 92
59 15 65 55 39 72 37 41 66 96 64 55 65 12 34 62 75 61 51 29 96 77 33 7 99 26 33 81 12 0 90 44
58 8 45 75 64 6 1 18 84 26 19 16 91 26 52 10 41 8 25 11 90 85 97 2 0 33 6 18 46 51 96 63
11 59 55 68 98 89 7 19 0 82 55 57 97 70 58 87 52 48 55 62 97 32 14 66 74 68 62 84 39 78 0 16
22 0 91 48 59 91 71 15 29 37 40 81 89 35 67 76 67 20 84 45 93 92 16 0 32 100 28 5 66 22 2 60
12 60 95 56 74 78 4 82 65 85 17 84 19 79 37 90 65 4 55 33 22 76 10 84 74 31 9 5 29 68 53 46
56 43 96 65 15 54 25 45 19 97 30 95 35 43 82 31 51 31 93 21 43 80 69 11 73 85 0 28 18 36 87 45
85 41 55 97 9 73 13 18 93 65 73 14 99 59 28 19 14 11 97 94 25 66 86 24 7 60 48 12 0 7 88 67
9 80 7 39 5 2 71 61 25 9 7 23 17 81 100 16 51 60 6 98 82 35 2 52 47 60 42 38 16 9 73 29
75 73 41 40 45 23 58 19 80 38 45 55 34 55 82 25 17 24 77 10 53 75 53 28 79 76 58 22 92 67 17 70
13 99 77 72 37 76 36 24 76 69 25 14 17 77 86 49 56 85 40 39 53 40 26 21 90 71 60 14 98 80 58 56
46 77 86 65 95 76 52 80 13 64 56 51 31 32 77 82 0 89 60 17 71 70 79 49 23 38 83 17 43 36 47 54
58 98 36 94 8 53 32 99 27 37 88 46 65 60 51 42 94 56 80 68 2 98 92 62 27 48 83 2 79 16 78 84
93 91 81 50 54 45 78 65 56 74 80 96 21 78 70 95 66 53 30 92 4 73 86 17 1 65 66 51 26 31 56 39
13 42 5 73 64 22 44 13 3 77 74 29 7 15 45 48 31 2 0 62 41 8 73 20 81 95 49 88 30 57 26 94
51 88 90 75 1 5 85 98 63 39 53 33 16 51 81 76 99 34 97 10 18 33 41 21 13 37 96 43 65 63 28 100
91 82 88 78 3 3 79 9 17 38 38 38 41 28 23 86 7 99 29 15 89 46 71 89 70 57 90 15 54 8 45 84
