27 34 23 10 79 61 19 56 1 38 99 81 92 62 94 10 36 3 37 31 35 65 40 79 24 3 13 42 33 76 1 75
54 27 59 53 76 71 83 98 69 76 26 60 42 87 64 54 10 30 88 47 5 9 44 8 28 73 64 11 54 83 58 79
50 29 46 75 61 90 3 50 29 44 41 76 30 78 19 29 71 91 56 65 34 24 66 2 71 58 62 5 40 57 27 91
31 70 86 60 38 6 38 89 48 96 45 18 11 76 5 17 78 67 30 81 85 31 80 53 0 38 59 84 4 5 87 36
93 3 79 63 26 36 3 56 91 70 19 6 76 60 4 21 0 73 64 47 27 81 9 14 89 9 21 39 99 51 23 88
71 54 28 21 22 7 9 56 39 35 72 47 59 47 12 3 41 91 63 78 46 67 35 50 49 53 78 3 83 13 21 26
30 80 69 48 21 62 35 2 0 18 67 78 85 16 85 32 95 34 66 34 17 4 57 12 81 92 65 29 23 84 0 31
88 52 31 6 37 4 44 7 99 8 33 82 95 95 83 24 39 68 14 33 52 54 95 96 21 35 52 22 34 8 90 10
43 23 1 89 53 5 67 46 62 42 78 82 47 8 82 38 34 85 44 14 99 81 83 83 81 41 91 31 11 72 18 53
89 9 56 84 41 8 31 99 51 38 24 34 34 86 65 98 43 22 71 52 61 30 28 68 15 73 44 9 13 89 12 85
25 55 83 83 73 97 56 5 92 75 45 8 38 35 27 99 30 14 35 95 81 33 38 85 91 41 48 69 69 89 37 86
21 19 84 34 72 73 55 93 84 16 24 26 34 2 73 7 51 29 67 59 4 23 0 20 82 34 78 14 24 46 9 4
48 49 95 43 53 18 44 15 35 22 17 99 36 72 89 51 87 44 77 39 39 34 40 85 30 0 18 93 61 80 31 44
51 21 50 18 71 2 27 74 84 28 36 9 18 14 80 91 99 27 40 7 44 59 63 97 98 99 72 91 15 47 51 33
42 27 2 66 56 38 41 74 8 17 95 67 54 7 13 22 98 34 100 3 23 22 39 22 87 47 31 58 63 85 20 7
56 84 24 86 96 98 21 30 55 63 54 78 93 76 18 72 67 81 3 39 64 98 9 71 89 89 63 2 10 45 41 81
52 45 21 28 28 56 32 17 95 23 63 76 78 66 70 67 99 17 53 28 19 57 93 59 91 86 24 40 23 40 71 19
95 92 99 86 25 75 31 88 93 17 52 78 22 9 57 42 15 19 89 4 48 32 55 85 84 90 17 98 51 85 60 73
69 70 76 35 83 47 19 16 6 39 71 1 81 90 72 98 44 87 20 55 15 50 49 63 3 50 44 59 95 12 75 82
47 16 83 58 29 36 80 34 96 30 35 68 37 24 12 42 37 83 65 79 47 5 72 0 90 92 4 1 6 59 91 3
59 8 45 69 14 63 74 31 98 89 56 65 75 52 6 37 11 16 57 100 44 10 1 4 50 71 57 9 89 50 65 78
99 46 6 0 51 100 93 74 18 65 45 74 83 12 51 83 74 71 99 30 81 87 17 56 91 92 58 74 73 61 16 53
55 75 13 88 97 25 26 60 7 3 30 11 47 18 9 37 93 67 23 23 31 21 29 97 61 10 96 74 85 71 85 80
100 74 4 5 25 88 32 0 65 60 58 40 78 20 13 88 24 11 24 83 19 12 92 1 47 92 35 12 28 32 98 96
0 74 95 19 78 78 77 14 57 37 95 93 57 74 3 78 83 83 4 87 89 37 62 69 45 54 26 62 97 30 14 86
62 47 29 11 20 5 52 72 31 98 48 64 21 61 99 61 72 92 17 74 32 11 45 34 42 44 25 31 17 92 12 61
21 70 31 51 67 93 27 44 9 93 3 59 92 75 32 68 87 89 98 4 43 73 40 27 87 88 41 14 41 53 54 82
7 73 57 19 98 16 41 64 75 67 96 62 90 66 37 78 78 75 19 28 58 57 17 91 59 72 28 53 92 2 89 64
21 35 39 2 75 39 74 32 49 51 0 65 12 53 10 98 92 100 44 16 20 90 94 42 0 9 44 22 54 93 7 97
12 12 79 69 34 72 36 94 79 54 33 24 4 21 98 39 98 50 25 1 1 47 0 29 83 98 45 60 3 19 64 47
39 97 18 62 20 43 29 38 94 22 63 7 24 54 70 52 96 34 2 90 48 33 22 95 50 92 56 13 64 42 83 40
2 8 29 64 42 61 45 25 3 54 6 95 40 27 39 43 83 96 26 39 50 77 58 3 60 40 3 8 38 33 97 57
