95 27 25 11 55 44 39 62 46 93 80 38 7 10 48 100 48 17 65 48 44 21 53 81 19 97 95 79 28 3 1 12
30 57 26 52 31 34 38 27 57 15 5 0 23 41 30 94 21 37 78 30 13 15 2 47 40 95 27 8 78 78 73 7
75 35 66 60 84 53 53 46 5 81 64 30 87 18 71 70 57 15 72 79 97 49 12 67 8 66 100 77 89 68 0 57
84 14 7 60 83 43 93 96 94 21 84 97 68 51 83 100 0 82 2 80 55 33 12 79 78 52 63 10 7 25 99 1
84 93 61 67 96 42 54 90 58 93 80 94 81 55 31 71 37 11 16 43 35 94 34 69 46 91 64 71 44 99 40 65
22 86 67 86 41 68 7 52 29 65 56 82 8 29 77 91 49 32 85 21 39 43 22 69 15 57 50 63 40 63 32 65
41 69 26 30 93 67 93 17 71 98 61 14 29 61 3 63 93 40 13 65 98 7 30 88 26 30 34 49 17 66 18 100
7 19 14 97 25 51 14 43 84 35 44 83 69 11 64 77 90 35 26 0 15 89 26 64 41 56 80 79 46 39 4 29
2 53 66 86 10 89 9 36 51 92 68 76 67 53 44 82 34 1 55 71 83 24 2 36 25 5 25 9 30 1 9 72
34 37 91 77 56 46 14 97 39 53 13 8 83 20 98 32 7 45 63 33 99 3 79 21 61 22 43 46 43 50 69 96
2 44 45 60 60 26 8 20 90 64 16 52 84 90 47 51 90 32 12 84 94 55 32 64 44 7 71 48 41 51 37 83
56 17 48 78 44 54 88 71 21 38 22 29 97 26 55 3 69 60 35 17 93 62 95 63 56 22 65 43 77 49 78 3
44 61 80 26 63 55 50 44 60 47 6 93 50 0 84 83 77 28 80 0 15 37 71 9 15 96 7 43 72 43 5 53
84 34 59 0 1 90 41 9 47 12 22 28 74 5 31 75 2 71 88 17 13 31 55 55 1 14 62 45 31 84 67 96
57 78 32 70 42 70 12 48 74 25 68 92 61 39 32 71 91 97 21 32 47 73 14 41 66 89 13 88 58 62 91 17
25 26 49 96 53 6 41 15 28 47 21 70 85 22 83 57 11 80 54 23 100 68 25 80 41 67 61 65 59 95 20 70
7 53 15 0 46 36 99 50 98 5 99 55 42 19 41 13 26 0 6 1 60 0 12 63 7 85 33 25 64 100 16 73
41 20 21 97 94 43 74 11 62 93 34 25 24 96 95 68 60 1 12 56 83 24 42 100 21 40 76 4 1 65 33 27
38 47 67 65 83 0 15 73 94 8 66 90 10 28 46 19 20 24 69 66 79 54 22 36 11 100 38 33 14 8 2 23
28 7 74 40 84 31 30 3 22 29 62 59 55 37 52 9 73 96 83 73 16 94 17 12 53 58 36 79 40 66 96 74
95 72 78 36 31 62 98 60 48 91 30 54 31 73 75 12 22 100 58 0 57 77 70 67 21 35 1 4 58 73 22 14
28 24 71 39 57 94 11 96 36 93 61 8 6 70 51 27 12 89 62 88 64 28 6 36 58 65 85 88 3 31 4 87
48 55 46 24 93 99 32 25 69 89 58 67 97 9 14 94 15 57 17 31 44 65 88 48 76 38 41 88 85 12 95 85
28 84 44 26 63 100 70 62 17 34 2 19 32 41 87 72 52 19 47 35 38 46 99 5 81 52 96 83 97 13 97 0
71 73 21 66 13 84 7 19 27 48 98 65 95 12 39 56 11 72 49 75 5 3 23 59 0 80 43 47 4 38 33 56
82 29 55 48 30 50 97 80 64 62 93 72 29 96 84 43 38 78 80 99 47 52 29 76 25 35 44 30 93 9 47 53
80 100 10 62 94 3 49 60 69 91 43 35 74 14 94 0 84 92 44 18 76 86 98 62 91 36 92 86 49 34 85 43
62 18 3 84 89 81 6 54 10 24 53 36 48 76 30 33 85 37 89 27 48 4 27 11 9 58 13 93 81 35 83 22
59 20 34 49 53 52 82 88 11 31 25 59 34 30 97 68 45 67 1 75 68 74 26 16 76 85 40 94 0 33 28 78
5 33 7 92 48 95 87 0 5 28 19 16 89 39 63 20 15 39 85 12 71 83 7 64 85 19 13 35 6 30 63 23
51 69 91 49 29 32 92 4 69 20 24 88 1 40 82 99 68 37 34 84 33 62 98 25 91 28 55 82 40 14 61 14
39 72 1 12 8 55 57 54 82 10 37 16 62 44 14 97 40 44 18 25 64 68 65 44 80 33 73 67 67 55 81 64
