44 89 99 82 19 46 85 14 32 74 12 46 56 95 71 100 70 4 22 76 65 20 95 55 20 59 18 21 62 62 97 74
92 37 74 75 35 41 91 31 63 87 84 88 37 14 9 70 45 33 80 95 12 60 47 60 7 40 90 96 59 9 24 99
35 28 60 81 69 23 96 42 71 81 71 71 82 41 89 59 49 49 73 11 53 31 16 87 77 20 0 27 67 85 49 93
21 85 46 70 58 52 86 37 1 78 43 41 45 21 0 98 88 88 67 79 60 78 85 30 84 37 56 60 19 79 83 88
85 56 78 87 12 95 30 2 52 40 31 85 25 21 84 51 94 40 40 26 75 82 57 63 60 94 31 79 77 49 96 25
73 94 55 52 49 10 77 93 10 23 38 5 60 7 12 73 74 68 0 13 44 57 56 30 20 40 54 49 32 34 80 36
11 40 95 6 89 37 60 54 65 23 71 56 25 52 19 71 90 22 34 26 23 18 97 19 87 1 84 16 90 47 43 15
65 46 35 20 3 19 8 20 99 34 19 7 58 8 33 52 79 64 18 88 4 30 72 0 57 13 76 92 44 97 65 67
52 8 33 64 15 26 11 41 44 34 85 8 57 15 74 37 17 38 51 62 43 100 5 2 73 93 81 61 39 33 16 51
4 57 18 49 79 58 46 64 32 39 88 75 68 74 34 98 8 50 60 21 100 11 41 74 48 68 55 77 67 52 49 8
36 41 60 39 25 70 95 30 97 95 99 76 41 42 25 23 62 73 91 100 68 16 24 33 71 66 69 43 100 83 38 99
99 58 21 53 78 81 57 87 73 62 46 51 23 82 0 77 88 80 68 70 60 15 3 75 71 22 75 78 73 11 1 99
79 82 45 5 32 42 55 5 20 47 73 84 5 82 74 86 16 13 42 20 95 6 7 0 18 28 33 45 96 48 2 88
71 7 43 17 52 47 35 63 73 55 52 78 75 2 94 16 42 13 45 80 71 28 18 69 97 53 17 56 46 27 30 70
7 15 85 51 14 41 86 19 45 18 33 91 4 99 73 84 10 7 57 42 6 92 21 11 29 75 29 74 96 98 64 1
56 98 34 86 74 71 62 94 98 93 27 97 58 58 2 50 43 3 84 77 74 11 8 51 88 30 54 96 52 99 18 91
73 97 74 25 57 100 59 6 98 12 55 18 75 60 97 88 32 5 83 68 20 1 71 69 24 21 86 23 64 27 31 50
98 10 84 69 22 65 87 82 1 93 90 74 83 9 17 27 39 66 68 40 99 58 35 41 77 88 38 27 76 70 66 74
93 73 39 87 27 96 95 85 65 20 78 40 70 55 97 81 35 66 19 86 36 38 54 73 2 1 44 60 80 14 38 99
99 72 65 19 65 45 68 24 39 55 11 54 27 62 37 7 9 87 82 70 88 75 90 20 51 49 53 18 80 92 6 5
73 36 70 61 64 81 6 15 72 94 79 100 56 25 14 21 49 55 33 39 31 77 99 74 28 87 14 6 31 74 23 30
29 32 9 21 100 89 4 77 53 67 4 39 72 37 90 84 54 8 3 15 4 27 20 86 13 72 85 5 16 31 95 30
73 27 98 72 99 70 83 93 30 77 64 49 74 68 89 25 0 64 69 13 57 45 100 100 14 100 65 43 55 72 19 29
98 63 37 80 54 51 57 100 71 26 92 52 43 96 23 64 60 49 92 24 75 71 75 26 52 93 88 1 39 85 79 97
14 100 8 86 35 22 89 17 66 61 59 43 14 20 52 79 39 93 77 14 55 82 41 20 59 51 66 69 15 25 74 53
42 58 41 67 8 15 69 29 76 98 80 72 67 55 77 80 74 13 29 21 50 7 5 65 55 26 37 85 2 39 1 61
90 80 9 20 85 50 60 72 82 33 55 1 27 41 51 4 46 81 74 9 67 93 19 25 49 98 22 27 54 64 28 99
47 13 8 90 78 55 66 80 17 15 44 47 24 68 86 77 55 91 97 41 62 6 36 52 18 56 17 14 53 30 58 52
21 46 23 12 94 48 57 39 5 80 76 90 19 17 67 89 6 48 24 22 66 95 48 42 79 34 37 51 25 84 26 30
20 74 85 85 20 32 95 30 6 24 84 7 61 20 42 11 96 12 27 53 67 76 12 57 22 48 87 43 79 27 42 24
87 71 72 5 95 15 41 68 35 51 81 51 76 61 81 1 69 38 14 91 20 87 58 92 99 71 94 61 29 94 69 94
100 4 9 8 99 80 7 10 32 72 61 66 90 61 75 29 56 41 100 50 57 99 82 11 52 30 84 83 51 3 94 66
