18 93 17 23 61 28 37 100 44 50 82 21 52 69 90 21 51 23 17 20 11 97 78 62 28 17 98 89 76 74 56 7
3 34 34 5 1 25 68 18 96 26 22 91 65 79 54 23 57 15 43 33 27 87 37 0 94 43 10 35 31 21 10 74
58 28 14 63 25 56 38 58 2 9 91 73 21 49 53 0 96 1 48 85 86 22 21 9 98 25 23 80 83 64 45 66
63 67 37 60 14 72 1 80 73 91 92 45 35 92 0 1 10 32 36 24 18 63 42 9 50 12 57 52 53 83 1 89
89 62 70 33 7 58 56 30 93 21 14 26 66 59 76 81 67 32 62 67 60 18 12 40 31 18 16 2 52 36 14 45
49 40 33 96 19 80 78 96 19 4 23 19 26 20 31 45 74 5 77 13 90 75 91 96 39 82 100 80 79 30 51 12
65 85 1 37 73 12 84 72 74 91 24 71 16 65 13 16 2 3 32 89 35 65 5 97 63 97 2 10 6 51 83 90
91 72 56 22 39 49 99 9 99 76 32 70 3 82 24 23 63 24 29 2 25 76 14 98 42 92 59 6 35 42 1 69
51 14 7 84 53 34 19 75 10 91 13 95 3 15 44 52 49 37 21 69 85 6 13 38 91 10 5 51 7 53 30 83
70 40 34 90 3 12 12 83 24 23 31 68 29 72 7 86 64 34 2 44 23 26 75 53 33 32 79 10 53 88 81 9
13 6 21 26 66 24 6 23 34 48 36 90 21 78 85 1 24 50 82 24 1 87 3 99 10 36 80 26 93 99 71 86
91 53 88 28 76 89 27 81 1 11 18 42 2 68 85 34 8 96 35 69 54 60 64 79 62 70 97 27 49 79 54 44
34 21 45 28 82 41 18 84 98 21 11 16 85 44 25 14 78 38 54 36 85 73 43 71 77 26 65 62 71 67 45 99
8 46 45 41 34 49 11 20 90 66 91 0 0 92 21 54 14 92 100 88 92 100 31 95 24 65 18 77 71 80 90 42
55 52 88 86 56 79 45 77 14 100 16 61 13 91 88 34 0 84 21 70 100 73 2 81 84 97 40 58 46 67 100 95
46 43 91 58 83 18 97 46 25 62 16 19 69 100 13 69 40 35 10 32 20 36 70 16 24 21 81 10 35 80 27 78
2 10 16 12 50 49 2 86 98 95 5 16 4 91 17 18 62 54 90 53 79 5 57 53 7 30 30 69 0 38 71 25
79 64 63 77 84 97 57 92 4 87 4 17 14 27 88 24 33 31 8 38 81 2 27 26 92 88 2 52 14 50 98 52
88 6 8 47 40 75 30 45 19 94 50 20 1 60 23 13 45 28 94 19 36 71 8 74 39 13 36 6 96 8 48 2
95 72 88 4 14 4 97 6 54 81 86 91 47 95 62 53 14 64 17 41 31 31 4 94 68 15 100 34 58 31 3 87
47 43 57 12 96 62 87 29 26 3 13 53 80 88 51 59 29 83 88 33 49 9 0 4 75 19 96 4 39 35 100 93
99 28 25 84 57 61 47 35 29 48 99 76 82 69 26 45 2 74 16 40 40 11 89 48 35 15 20 87 36 45 26 58
87 84 4 12 1 3 60 61 89 46 35 59 67 99 43 43 6 93 43 46 54 44 91 22 36 0 65 33 71 53 58 44
91 61 20 74 66 4 67 89 36 80 95 65 36 87 14 68 13 100 42 44 66 32 0 57 54 4 72 53 75 32 54 81
14 35 61 79 17 38 17 16 30 23 60 31 86 3 93 23 53 38 19 78 82 62 83 92 40 86 28 55 14 71 64 2
49 33 100 71 41 61 95 14 84 48 66 18 49 65 4 12 41 35 47 51 99 52 6 20 42 68 81 100 10 39 70 23
29 24 28 10 89 0 31 86 25 65 4 47 47 36 54 33 59 95 5 88 6 11 50 51 69 19 28 50 47 92 32 48
66 25 3 69 50 46 97 48 84 53 74 65 64 40 80 33 70 23 51 80 54 31 21 90 93 98 31 84 84 80 70 7
71 67 30 73 18 68 78 54 49 73 65 1 12 26 49 21 50 48 20 1 53 26 14 36 94 15 93 88 28 31 80 0
37 64 0 93 80 46 2 29 52 91 22 61 22 68 72 77 70 63 13 64 4 14 2 81 76 1 5 40 6 39 96 3
94 27 20 53 96 24 48 84 89 20 76 62 76 57 90 6 2 70 94 71 6 74 87 12 58 75 51 75 24 21 76 6
57 39 5 14 44 77 100 44 99 18 72 13 2 3 72 39 63 81 6 100 19 44 67 82 70 90 12 0 36 14 2 54
