46 82 66 2 1 4 57 91 6 0 16 37 3 93 95 86 87 3 75 47 66 3 24 17 97 9 40 46 0 18 23 30
6 89 98 57 79 67 87 48 84 75 81 65 69 71 78 86 52 44 70 69 18 86 61 97 13 20 84 85 83 11 58 37
84 23 95 17 72 25 34 49 96 7 68 55 16 86 20 72 38 89 7 70 42 87 81 10 48 72 31 80 10 60 39 47
70 61 32 7 13 8 94 38 91 28 85 54 27 96 28 40 88 44 71 86 51 53 67 41 71 89 16 93 49 57 25 47
34 1 40 73 64 56 88 51 17 99 33 8 30 32 83 76 72 6 37 100 70 60 83 97 41 69 29 13 15 52 57 56
83 92 79 86 10 21 59 81 28 47 67 31 26 15 7 22 98 57 4 97 52 37 37 32 43 53 55 29 49 14 30 41
24 53 68 60 12 100 5 4 85 78 22 13 37 78 50 69 67 30 78 88 60 32 4 36 79 35 1 46 17 65 42 9
49 85 31 24 59 4 80 77 58 5 67 11 85 51 18 85 90 39 32 16 54 60 78 9 26 60 78 6 11 94 49 3
5 77 46 49 37 8 31 29 49 39 76 27 18 65 64 62 42 75 53 65 48 99 53 96 20 52 28 89 57 83 35 100
91 88 19 44 21 65 79 62 55 25 2 90 80 24 77 38 30 60 35 92 76 61 61 12 33 65 38 5 10 97 74 41
12 8 100 99 32 52 59 38 25 70 44 59 85 86 75 35 90 80 38 81 90 86 50 95 78 72 12 10 66 68 17 18
86 21 8 83 15 10 38 49 9 55 96 77 68 1 26 73 8 71 32 72 0 2 76 14 71 74 82 79 25 72 9 70
10 10 55 20 25 29 39 4 40 97 67 97 85 27 37 26 23 81 28 64 87 83 0 38 34 38 78 61 6 91 86 75
87 71 57 99 68 94 24 29 26 1 58 97 73 38 42 39 73 85 68 31 10 31 46 59 73 100 87 6 4 10 3 95
29 96 82 39 44 16 93 91 6 68 32 70 1 70 54 70 57 81 32 49 69 99 50 10 96 89 20 31 44 40 60 71
38 36 100 86 46 91 7 60 43 81 71 68 22 39 24 58 88 36 11 93 51 67 73 9 24 58 2 84 74 55 66 12
91 69 15 75 61 70 32 37 19 14 36 58 2 49 55 35 73 44 91 89 1 51 11 24 27 28 19 63 78 1 15 32
89 37 53 91 98 96 0 15 37 3 15 20 21 16 91 13 75 72 61 66 51 15 64 65 17 3 36 27 13 99 76 77
68 32 82 48 11 53 24 4 51 88 32 5 25 74 29 89 82 11 87 95 53 70 37 34 47 46 15 56 86 89 72 38
90 47 88 45 26 77 34 96 69 82 76 60 8 1 84 48 63 62 93 55 97 8 95 35 89 44 41 76 54 22 56 20
28 44 5 86 16 20 66 80 29 32 2 79 80 0 18 8 40 8 44 32 16 69 59 2 86 75 2 64 74 100 76 100
48 84 12 67 22 30 42 88 37 24 51 98 2 21 45 41 75 73 46 10 76 64 85 33 56 59 57 52 2 73 61 63
70 75 86 73 25 31 26 36 46 77 92 99 41 72 96 67 98 17 94 81 26 34 15 59 30 23 49 81 45 36 5 40
86 22 96 38 52 81 83 30 34 26 2 4 83 21 78 14 93 65 60 92 33 41 80 66 10 33 10 77 90 82 68 87
16 18 20 6 13 87 38 18 23 56 30 13 75 40 14 63 61 66 52 78 70 43 5 17 97 49 81 57 23 75 3 90
38 7 70 64 34 82 48 90 25 19 23 53 89 99 66 32 99 80 7 100 61 54 10 50 0 19 76 82 5 98 49 96
77 26 95 2 48 17 62 25 69 48 81 13 15 52 1 48 57 12 35 25 14 74 66 87 94 15 49 2 11 3 100 84
60 48 0 96 19 42 99 36 16 77 32 91 9 39 21 91 85 55 83 87 42 10 53 46 8 26 91 3 73 85 77 40
17 37 25 60 0 10 22 43 27 53 46 58 3 29 89 17 51 57 25 21 34 37 9 6 77 74 28 52 95 76 22 6
82 41 10 37 46 2 21 79 16 76 60 97 3 62 88 67 50 28 79 11 55 39 45 95 17 66 97 20 28 40 83 60
2 96 1 90 61 48 23 40 18 43 72 34 49 99 23 14 56 75 65 83 95 36 50 4 98 72 5 84 86 96 12 72
26 58 25 25 71 48 83 19 88 92 60 3 36 86 38 91 56 100 0 96 36 82 59 0 38 57 79 57 12 10 45 58
