62 2 14 0 63 71 31 35 99 11 87 53 58 31 70 67 18 90 25 7 17 49 35 32 63 16 71 24 16 41 73 84
45 12 47 75 38 11 58 33 42 89 23 69 15 52 19 55 46 44 26 37 91 89 91 21 78 54 17 52 27 66 8 18
54 4 56 36 3 19 95 67 4 70 17 81 11 66 96 48 27 62 34 36 88 79 44 79 36 88 20 5 61 91 43 82
73 28 83 11 92 34 9 24 61 43 43 30 7 64 51 5 54 51 59 73 92 2 72 39 52 98 80 5 11 52 63 60
60 89 14 45 0 76 65 50 10 94 46 99 46 85 69 87 48 41 13 61 89 42 14 23 76 5 46 10 63 78 33 11
84 66 73 89 16 12 44 39 22 3 20 20 92 51 87 2 4 22 52 40 65 71 17 55 41 18 86 96 70 74 76 8
53 82 86 0 24 70 52 6 30 71 87 5 91 30 39 88 87 21 58 81 64 44 4 3 15 95 46 1 33 67 28 50
93 61 92 99 23 38 73 73 11 36 17 38 54 95 4 98 60 88 51 52 13 80 33 84 56 95 85 57 44 76 25 33
8 36 69 52 53 11 72 91 43 4 19 86 60 85 11 4 8 71 39 4 16 60 84 2 42 25 26 27 83 94 98 67
6 82 26 36 57 98 16 25 45 100 74 49 80 92 1 72 24 51 1 13 50 36 33 97 44 11 23 76 91 29 62 11
96 95 85 50 29 27 46 37 98 84 0 65 23 11 63 36 42 79 8 79 57 15 58 29 35 88 39 16 98 8 93 52
39 28 18 29 58 66 24 19 84 78 67 39 73 54 52 30 20 98 39 76 7 47 20 60 74 80 68 10 44 93 55 15
36 16 90 67 97 92 72 39 66 78 72 34 69 64 82 49 100 29 71 71 26 34 22 56 60 12 47 58 43 83 48 100
72 80 45 50 85 6 51 32 96 75 30 28 91 51 67 22 0 95 67 16 93 65 44 68 38 74 6 33 24 87 77 29
42 21 4 76 73 85 1 40 21 64 61 54 52 40 1 95 2 55 38 79 63 45 73 15 58 68 41 77 56 66 70 53
77 39 74 21 27 86 21 58 22 100 94 46 86 27 100 49 36 51 62 80 42 83 61 5 26 98 87 71 13 11 62 59
60 98 19 52 4 37 64 29 52 35 29 63 82 19 90 6 16 0 83 34 4 71 71 22 88 59 88 35 62 5 82 10
0 5 34 86 42 15 23 90 63 6 57 93 87 61 86 63 14 65 35 4 33 26 81 95 81 43 70 1 84 67 74 94
91 67 70 67 16 35 60 18 17 41 94 28 15 23 100 72 56 64 80 21 10 89 77 51 1 77 99 20 86 61 97 53
40 63 16 93 84 92 21 70 12 100 45 96 57 63 4 32 77 68 59 45 52 74 41 70 77 71 82 71 88 88 85 1
14 39 87 44 90 22 98 17 10 19 59 43 62 37 7 51 43 34 73 68 41 0 97 74 36 79 91 67 87 68 83 29
37 0 92 81 61 51 72 50 69 21 61 27 62 89 30 88 29 90 40 54 22 58 38 15 34 87 22 41 73 78 86 42
0 97 66 100 63 50 44 100 1 14 89 92 62 57 12 24 59 54 35 18 2 14 62 22 2 25 12 22 17 38 47 36
6 26 1 20 80 22 48 30 62 72 67 38 38 52 12 67 5 83 61 84 54 38 13 52 84 71 62 25 50 67 57 40
77 63 94 13 87 62 5 91 79 95 24 93 71 29 66 30 51 75 86 1 8 28 65 46 31 5 48 92 74 41 90 87
78 30 91 76 15 6 40 31 31 21 45 95 85 88 46 50 84 75 12 87 27 51 8 58 90 2 37 19 64 92 58 22
25 36 30 92 11 65 66 82 13 55 64 21 26 77 79 29 3 35 29 21 69 57 52 87 42 95 27 84 76 82 69 42
46 16 74 66 45 74 65 18 43 39 30 63 78 15 63 20 40 7 77 0 89 35 63 9 2 11 26 23 75 3 81 70
65 46 28 51 92 92 78 73 49 80 40 98 79 24 2 27 92 64 96 78 41 11 9 20 42 61 18 36 98 39 35 25
63 19 65 9 62 93 11 25 20 22 90 92 80 48 88 43 18 5 41 28 82 98 54 45 98 82 68 80 10 66 56 36
2 33 30 31 25 93 59 68 49 68 79 27 8 8 89 91 6 45 60 5 35 99 76 84 78 3 49 22 29 26 19 72
96 79 84 32 63 47 7 91 75 48 39 53 1 47 51 82 22 34 6 46 99 17 46 97 79 18 48 19 3 77 93 22
