60 83 51 2 53 20 92 78 94 58 60 54 35 32 67 32 56 63 17 84 6 31 64 71 77 28 33 58 29 83 1 20
17 79 94 76 95 73 38 56 91 2 25 70 44 12 8 28 86 29 5 40 15 13 98 19 41 18 12 78 35 62 76 48
3 71 11 54 21 64 80 43 0 82 2 33 61 13 89 71 30 68 0 54 23 11 52 87 15 95 90 41 68 26 95 49
98 12 89 65 15 34 99 52 47 6 31 8 45 89 66 90 30 34 87 22 80 38 88 8 21 29 3 89 34 75 26 0
57 88 25 40 100 81 65 55 82 28 98 68 86 37 66 2 44 33 46 73 99 16 27 62 79 36 61 56 23 8 84 87
24 59 2 46 2 89 6 85 14 3 10 92 72 86 86 3 9 72 66 70 26 87 12 32 17 14 16 85 2 89 7 35
13 67 19 57 55 37 90 4 9 87 78 65 68 48 44 80 66 71 23 39 2 72 42 6 34 37 19 57 19 79 57 41
28 28 93 32 54 87 72 17 94 65 90 77 82 52 57 69 59 79 76 71 47 85 58 96 70 24 39 67 76 94 54 89
74 61 28 0 54 1 25 1 33 42 48 19 97 1 60 4 62 0 94 0 66 95 88 89 27 29 90 7 70 74 98 88
35 41 59 51 2 28 13 33 23 19 79 31 97 55 26 41 22 81 49 16 66 40 23 31 47 79 60 24 82 54 97 13
71 12 20 91 0 29 24 34 76 92 54 95 30 28 62 40 24 71 26 65 36 24 67 70 50 88 95 30 87 70 8 91
79 66 57 55 70 11 62 97 90 4 71 82 86 47 68 86 34 18 30 49 80 68 6 94 87 94 94 76 89 85 95 54
83 12 99 8 14 56 65 40 87 7 32 96 89 66 4 1 35 38 17 73 88 4 28 29 68 77 39 82 42 89 19 11
55 8 71 63 22 25 43 48 25 22 50 49 100 58 27 78 84 44 27 62 46 68 89 49 44 90 6 3 24 90 59 21
84 58 78 98 62 6 83 60 19 39 92 7 37 11 94 15 43 95 63 68 30 27 59 51 36 1 71 13 33 0 92 8
19 27 42 87 49 78 29 86 99 3 75 77 71 3 40 13 81 25 40 93 99 67 67 94 13 100 63 17 73 61 100 88
36 32 96 27 12 2 72 9 73 94 46 48 64 98 26 87 39 2 58 83 68 66 34 3 49 99 82 62 58 15 81 100
94 12 23 53 29 11 78 74 36 52 100 20 67 31 53 54 5 65 64 81 58 77 53 93 27 67 33 2 73 29 72 46
22 39 15 71 20 16 29 93 16 15 16 53 46 27 16 17 21 44 83 55 22 39 90 35 35 2 18 65 93 64 88 44
74 48 58 20 92 77 65 79 57 22 80 23 40 19 99 52 56 84 97 41 1 26 60 40 62 63 52 32 6 82 69 16
60 100 50 54 29 70 3 95 45 93 10 17 13 5 92 53 54 98 25 37 46 60 28 11 89 30 29 98 58 12 5 56
26 73 23 11 39 34 36 92 78 16 74 58 0 93 99 89 82 94 30 70 50 99 49 55 83 39 84 69 73 60 50 62
12 75 76 15 76 32 96 68 95 80 42 98 27 21 65 16 47 6 47 91 59 45 37 60 19 84 34 74 76 91 90 65
44 97 53 16 86 42 29 13 68 73 66 85 8 15 20 36 14 26 40 36 55 43 33 95 5 29 59 56 29 32 88 8
19 9 15 40 38 72 19 46 42 56 62 29 61 59 14 4 66 39 55 15 45 17 77 49 98 91 82 32 53 22 49 52
56 76 97 42 32 75 74 97 1 87 14 72 33 54 31 54 52 93 61 3 4 71 4 56 55 78 57 73 15 4 43 41
29 69 34 36 27 38 54 16 67 33 90 51 70 3 73 9 26 9 87 57 74 31 54 58 22 30 69 51 20 69 2 59
73 77 65 94 89 28 92 43 32 81 98 79 2 50 73 36 35 62 53 39 60 11 26 83 44 33 63 42 45 41 31 80
9 38 30 49 51 26 89 47 77 59 34 10 11 66 22 61 23 88 94 57 14 94 56 38 12 14 52 23 35 82 93 36
8 38 1 82 63 22 20 68 22 35 7 56 3 4 94 85 91 3 71 86 82 91 75 46 12 58 60 32 83 67 11 22
96 39 90 96 18 77 87 75 84 48 73 93 69 1 4 66 76 64 51 41 1 36 75 96 64 98 77 17 68 24 16 44
6 21 43 16 70 26 61 10 7 18 13 41 17 65 13 74 83 46 41 90 41 7 45 33 62 33 43 19 10 63 1 37
