92 49 15 44 33 68 16 38 16 3 59 44 86 1 36 72 85 5 65 72 31 37 49 91 62 96 29 1 85 90 45 65
32 37 0 98 52 70 98 30 27 67 70 12 53 6 27 39 29 43 91 10 32 40 9 23 26 60 49 96 35 45 68 25
75 10 74 22 10 11 6 79 83 28 68 76 87 23 52 88 5 42 47 44 57 33 81 41 5 1 99 22 33 14 76 34
94 59 99 81 12 65 53 47 77 9 6 85 17 89 46 41 91 64 81 72 80 46 78 100 22 36 7 83 64 6 54 61
75 51 74 94 82 26 59 20 92 57 38 53 35 3 35 68 30 20 100 48 36 60 2 5 87 87 69 8 34 41 79 93
45 77 36 36 88 7 42 13 83 99 61 43 46 27 69 25 88 85 9 61 89 31 67 25 72 56 19 95 83 9 6 87
84 99 11 95 24 13 0 0 67 83 17 23 52 27 39 54 92 6 62 98 95 21 90 48 46 50 87 31 85 70 16 6
23 86 98 6 53 54 93 41 75 59 91 93 60 20 81 83 11 9 63 60 75 84 41 23 38 82 1 28 30 2 36 63
71 1 53 37 70 9 96 27 5 94 57 43 8 36 52 30 29 74 98 27 91 73 60 14 50 32 7 40 89 36 91 67
20 93 30 71 41 1 56 12 8 8 93 99 81 73 93 49 8 14 77 69 15 6 13 70 5 55 6 45 20 39 18 27
46 97 82 98 23 15 79 7 85 47 7 48 89 41 32 64 92 8 32 45 16 73 69 72 85 39 35 97 33 70 22 62
25 67 30 61 52 93 88 56 91 97 36 57 31 3 11 53 59 13 11 85 64 71 41 35 15 17 76 96 59 36 30 42
42 75 57 93 86 73 48 11 78 41 89 81 83 95 54 87 57 3 5 48 87 90 51 88 67 61 95 32 43 11 64 94
86 19 60 73 83 42 23 55 33 3 86 81 7 78 78 51 14 6 87 10 52 87 59 58 87 26 20 49 80 88 36 95
96 29 6 21 63 37 79 49 81 12 27 81 91 48 28 56 27 44 48 22 92 73 69 94 81 16 85 41 35 58 68 100
35 99 47 33 11 79 68 74 96 32 79 91 0 100 53 60 0 74 40 89 18 31 60 2 2 95 59 42 10 68 32 89
83 46 49 94 28 66 38 22 68 53 18 99 32 8 65 85 62 16 24 3 29 78 3 74 43 19 31 51 63 95 46 80
44 84 44 92 50 31 55 17 20 61 5 13 15 88 73 76 65 71 13 90 58 45 79 46 83 89 76 10 96 95 25 67
17 29 89 20 91 89 80 82 76 23 78 61 7 14 74 88 87 48 64 35 14 54 16 84 56 42 61 94 13 87 22 47
88 72 89 75 81 17 26 40 32 77 67 28 43 60 49 50 98 68 27 30 74 6 93 89 90 11 15 99 42 21 24 85
99 78 25 97 69 64 8 65 9 58 48 73 15 5 15 55 48 100 12 75 26 23 63 91 88 26 2 34 42 68 5 59
20 82 6 60 83 44 2 21 17 49 35 47 98 20 11 29 66 2 82 80 39 43 10 60 49 26 56 5 64 13 33 79
97 23 41 100 43 72 26 64 6 57 9 71 38 53 49 57 34 15 15 36 100 75 32 33 74 70 11 55 53 45 98 54
59 59 21 43 90 86 10 24 4 49 33 37 35 26 91 19 14 65 83 25 29 26 69 77 0 19 83 7 73 87 30 63
83 97 16 92 15 94 77 21 28 44 30 31 38 10 65 29 85 72 87 12 57 66 13 51 87 18 53 0 41 3 13 75
73 32 80 68 39 62 44 91 31 3 76 31 75 64 38 36 85 67 30 63 74 62 100 98 40 38 85 59 41 75 42 43
64 44 2 9 5 12 79 77 40 75 95 13 95 58 54 62 89 43 43 99 45 39 87 32 83 64 43 12 97 63 5 80
85 96 5 7 7 2 38 78 42 99 0 57 8 94 1 51 66 12 89 14 69 71 39 66 91 42 6 28 11 47 37 65
64 46 55 41 36 44 18 78 20 41 40 88 51 76 53 2 50 99 25 37 93 98 33 19 19 64 85 90 34 96 1 15
6 55 10 74 71 72 41 5 73 15 87 64 28 12 56 29 61 81 58 3 11 29 87 46 89 19 97 18 71 58 55 45
73 84 95 33 39 23 1 48 87 35 29 88 30 35 98 25 66 53 41 88 91 7 17 74 93 81 90 76 40 38 77 84
31 59 33 54 67 89 50 16 57 53 12 5 56 45 63 59 25 14 33 48 96 35 25 20 38 25 10 14 50 17 79 99
