28 89 35 9 52 2 100 54 42 35 75 18 93 1 67 51 83 35 15 34 60 3 46 97 62 12 32 88 91 11 30 46
63 96 60 61 74 92 23 4 34 74 67 29 73 31 47 68 60 33 63 19 77 60 96 83 47 17 51 87 13 80 87 62
22 99 8 73 19 45 35 14 26 43 18 79 30 91 82 77 73 70 36 67 26 93 24 1 19 81 57 22 82 81 50 53
66 43 92 61 89 87 52 14 79 72 33 65 46 42 24 43 26 11 29 51 94 58 53 76 55 76 30 2 83 24 61 11
78 0 67 59 90 59 15 12 14 60 66 21 5 1 84 82 95 7 94 67 49 0 18 40 65 19 66 70 18 96 18 0
57 9 26 71 26 57 8 33 87 15 67 23 23 57 62 47 60 22 94 64 17 50 58 52 53 55 33 37 16 33 86 43
71 67 97 51 16 61 9 58 1 52 98 83 89 47 75 36 93 42 35 94 27 12 82 9 28 39 16 67 80 21 42 69
10 38 38 82 23 3 1 45 29 19 20 0 53 60 75 85 68 18 76 47 72 76 24 54 94 28 30 100 39 47 48 28
76 4 88 35 90 23 80 22 61 86 75 38 85 67 16 85 55 54 82 76 52 44 96 95 4 72 46 24 95 18 31 99
64 44 1 7 5 90 51 20 68 59 6 53 15 39 61 19 83 0 5 2 26 19 35 73 93 41 63 9 53 59 86 50
75 76 13 38 84 90 34 20 82 59 17 13 66 65 94 18 79 85 66 35 50 75 7 88 63 22 15 33 78 32 88 21
38 0 52 63 78 78 80 29 76 95 57 11 95 57 6 5 44 58 18 90 52 92 96 28 91 91 99 6 54 66 59 65
79 17 77 47 57 87 33 52 32 27 79 91 20 13 69 27 75 69 100 12 62 32 2 62 85 5 98 37 50 78 84 52
74 21 8 32 3 40 41 80 47 99 70 40 75 49 90 43 48 93 94 94 46 57 51 69 65 58 31 79 69 72 71 16
15 87 10 27 69 22 0 40 81 88 41 70 61 40 35 23 92 22 66 69 65 78 60 32 91 76 69 60 60 3 100 37
30 30 93 65 73 17 33 48 61 28 25 75 2 40 42 89 16 42 61 8 34 77 20 35 41 71 19 23 17 0 53 85
6 57 39 86 4 77 81 91 45 87 71 62 35 45 51 11 99 30 65 76 71 44 39 52 58 21 80 57 87 66 21 58
42 92 61 88 65 45 7 69 81 67 11 61 96 58 1 62 93 53 63 28 80 40 30 81 56 22 3 93 2 43 6 87
70 49 29 86 10 24 23 4 59 51 63 62 10 9 42 56 61 48 62 52 65 3 24 61 4 7 32 29 48 44 58 65
65 68 74 54 3 28 68 51 97 53 92 38 53 71 51 40 30 92 8 20 70 98 36 82 47 44 25 67 18 53 36 37
76 11 30 80 97 3 32 93 8 84 49 60 32 95 88 44 71 3 11 74 16 24 53 24 17 87 70 90 21 23 22 65
18 31 49 79 30 82 27 42 43 65 14 36 52 14 96 79 34 63 17 20 4 11 68 41 35 82 33 91 61 49 8 100
73 32 50 47 91 89 65 45 15 46 25 0 33 34 37 30 43 21 58 38 75 47 81 31 89 94 96 92 93 33 39 39
79 0 78 28 15 27 21 67 60 4 26 3 39 82 14 94 73 3 59 61 38 100 3 85 2 49 49 93 53 89 36 30
23 3 72 48 93 12 0 51 53 28 4 7 2 15 17 14 60 3 11 79 25 99 33 57 62 34 19 17 0 13 35 13
72 42 96 8 80 12 56 12 88 30 5 90 45 65 88 61 99 27 78 90 46 36 33 14 17 83 20 67 0 24 15 50
80 85 15 70 43 83 50 21 17 89 36 92 78 54 60 9 52 4 91 81 33 54 10 7 80 38 26 53 73 67 97 93
22 54 80 5 18 95 64 76 52 22 53 22 21 60 0 86 6 19 18 40 21 85 9 84 31 20 43 18 38 55 67 37
5 19 74 66 94 28 43 66 57 9 71 62 36 59 30 31 24 30 26 16 22 57 59 27 21 26 37 27 45 77 82 82
89 51 7 24 45 71 36 2 72 0 12 7 11 64 14 51 79 44 34 31 58 11 3 37 21 33 94 55 1 39 54 76
96 9 17 23 29 62 27 58 30 13 26 19 65 27 69 17 87 93 78 9 32 76 97 35 59 44 96 37 18 9 89 100
64 99 100 46 28 19 67 16 29 74 6 20 0 94 29 100 23 19 58 97 58 32 68 6 4 23 1 17 89 26 70 4
