42 32 11 20 37 39 46 81 54 99 0 82 29 57 60 77 83 7 48 49 70 25 21 60 39 38 10 1 50 94 28 43
47 79 31 26 91 20 13 64 31 98 20 45 58 27 47 87 55 96 22 91 65 83 83 96 31 48 86 94 61 18 80 95
66 19 75 50 92 46 54 76 45 48 74 35 13 23 100 54 3 98 32 76 13 16 17 16 88 24 42 91 16 98 95 46
81 60 100 6 81 46 34 91 10 19 86 69 6 75 99 75 20 50 24 92 5 58 19 81 52 24 61 40 41 14 39 90
21 86 11 49 6 75 95 89 69 30 62 14 6 82 4 8 8 41 34 87 97 48 43 90 15 18 35 88 71 4 7 77
58 63 96 89 43 3 99 85 98 65 40 24 93 54 65 68 39 27 58 89 54 17 100 87 79 88 10 28 55 45 22 61
40 34 57 81 82 88 16 40 72 13 44 60 90 49 20 50 46 97 61 19 74 93 93 32 59 27 33 44 79 73 60 29
27 45 65 61 20 89 98 47 86 76 3 6 62 0 98 30 99 68 7 87 60 64 87 68 80 89 91 50 25 80 86 42
45 44 29 52 35 28 13 19 34 26 49 84 15 35 23 65 36 36 6 69 63 35 23 21 86 90 36 27 82 24 40 16
86 74 0 92 81 43 17 58 33 10 66 95 52 53 4 66 28 87 93 6 50 26 90 8 7 92 15 67 11 35 73 86
63 63 86 56 64 97 19 64 82 24 21 87 49 4 25 75 54 17 72 63 74 9 11 34 77 89 85 62 51 90 96 54
35 52 57 40 91 94 24 50 68 40 59 52 74 49 6 10 4 6 32 52 32 49 63 99 2 52 82 83 99 51 18 42
97 15 18 6 84 22 37 1 61 73 98 57 67 82 17 23 48 78 78 98 62 47 100 22 84 90 68 64 90 21 61 93
98 89 51 49 34 56 61 77 67 95 55 27 91 16 85 81 6 51 38 73 60 2 5 97 59 6 87 73 45 69 23 82
27 15 64 100 67 95 52 79 43 61 20 93 80 29 22 94 38 88 31 58 1 89 35 2 28 30 21 95 59 94 3 49
31 4 51 6 63 57 79 40 76 75 49 9 57 58 20 49 97 56 99 54 88 62 38 24 37 40 7 98 97 20 20 31
30 18 13 64 71 82 3 14 15 74 3 22 82 66 21 7 51 94 61 73 23 85 68 10 72 6 81 44 36 98 5 84
28 88 66 17 71 18 25 7 78 15 81 2 39 24 26 46 100 82 17 91 19 39 84 80 13 91 38 86 15 60 22 7
29 58 71 39 59 15 20 51 99 19 59 15 20 100 57 94 0 59 97 82 36 61 1 83 39 19 37 72 27 93 56 93
43 45 54 89 61 70 50 20 58 11 98 39 77 15 71 83 100 75 15 98 77 32 68 78 15 27 48 2 78 37 3 72
65 45 48 43 15 19 46 56 56 85 47 12 0 25 74 33 39 87 22 78 19 30 48 23 33 39 3 38 70 48 51 56
44 48 25 82 69 45 82 65 25 36 56 0 84 100 88 37 33 25 20 32 70 52 44 52 46 15 71 44 49 40 5 11
61 84 44 65 6 52 17 22 63 14 16 53 67 78 9 52 58 42 40 23 23 12 59 100 74 37 19 28 64 45 70 87
58 64 100 8 46 41 54 28 26 80 7 80 27 72 24 28 72 86 52 51 11 51 81 76 43 33 81 54 34 92 0 15
47 27 14 18 51 82 74 55 60 79 76 93 28 42 84 12 87 98 70 5 13 98 93 63 34 34 35 1 94 36 53 99
71 82 27 13 0 5 88 53 13 87 81 90 81 86 99 47 30 74 26 91 70 96 65 15 20 64 93 74 41 5 6 36
39 6 38 51 5 41 58 85 13 8 49 11 55 94 36 83 7 3 33 43 89 8 36 59 93 44 65 62 72 32 71 99
56 32 32 73 27 40 41 45 79 10 51 4 12 25 59 20 67 10 90 34 42 19 78 64 36 90 97 7 6 99 8 48
47 38 74 79 3 65 35 42 82 9 27 86 83 56 2 94 76 78 2 85 37 18 85 34 20 13 92 95 45 43 12 74
56 62 9 98 38 7 78 40 43 30 35 88 30 97 65 90 72 35 82 9 10 74 48 84 22 32 68 83 78 0 55 96
36 65 72 14 69 12 49 53 90 81 78 37 68 26 68 41 16 31 67 34 47 66 47 60 16 10 0 54 22 48 35 33
100 69 59 23 37 51 61 0 66 97 18 13 18 37 94 55 57 33 10 42 5 0 37 54 38 3 89 75 24 13 92 97
