58 96 38 14 6 99 22 16 48 44 15 92 53 2 51 60 53 52 54 51 22 58 77 10 1 21 83 57 28 84 94 24
3 48 72 71 62 16 74 72 88 14 14 45 6 25 35 29 33 68 81 18 33 25 93 41 38 17 77 96 58 83 28 67
79 31 76 69 76 80 96 46 70 7 72 42 54 12 19 41 77 100 50 1 66 46 12 43 1 64 31 77 23 56 33 72
77 25 34 87 35 22 69 17 79 56 61 44 30 48 4 57 91 72 58 11 76 50 82 13 15 34 64 70 24 74 75 55
73 89 62 14 81 97 19 77 20 71 18 82 54 30 19 15 18 64 94 3 91 71 100 72 60 64 87 66 100 43 67 24
51 93 96 15 59 11 69 96 70 35 37 23 37 87 28 80 62 21 4 91 29 47 71 39 63 53 90 75 89 5 56 83
24 24 52 17 88 14 39 10 19 40 42 14 30 71 80 27 4 2 63 83 69 14 85 25 88 85 62 78 39 83 12 92
12 33 42 41 2 5 5 68 8 90 37 45 88 72 78 55 59 1 41 60 37 68 20 19 6 56 36 30 35 1 63 21
73 16 94 25 8 97 47 38 69 14 32 52 60 18 90 56 87 13 56 61 55 86 47 91 44 85 84 65 43 19 93 17
57 49 59 32 30 67 1 54 97 35 13 83 10 55 61 54 15 27 59 42 43 42 90 36 75 95 65 73 67 63 99 59
92 44 34 40 80 71 92 63 0 33 87 93 59 12 49 5 49 92 20 97 68 67 89 23 19 13 19 88 1 78 4 4
80 1 57 20 69 97 21 33 13 7 100 68 82 25 64 90 85 62 100 53 27 49 50 95 65 13 58 72 55 55 98 88
92 82 55 96 71 89 77 70 46 53 72 23 6 64 13 35 18 40 41 91 72 86 64 56 79 33 90 85 65 25 25 74
17 1 44 28 21 83 92 21 31 31 75 85 63 24 1 71 58 18 56 59 31 88 49 62 93 4 81 49 22 7 12 92
37 58 28 80 78 3 91 96 27 76 10 50 95 94 71 40 94 80 60 76 46 81 59 26 30 32 85 28 60 90 74 39
54 67 68 66 42 13 100 98 23 14 72 31 62 43 73 10 6 73 100 39 71 71 81 20 11 45 37 7 40 25 48 86
38 73 68 25 14 14 21 15 16 38 54 80 3 61 68 86 37 44 7 39 81 15 68 68 12 63 24 45 42 72 60 83
47 31 42 77 41 12 61 90 59 67 59 28 23 16 66 99 52 45 98 97 14 38 31 59 48 67 47 6 58 33 99 82
83 68 67 89 59 61 69 63 40 60 93 37 71 90 60 14 18 64 39 27 61 31 23 93 54 65 23 57 37 86 99 48
87 79 67 12 42 34 41 20 68 13 27 69 41 75 95 89 93 58 24 67 10 0 26 77 64 46 88 4 91 6 65 51
81 98 34 52 28 48 75 34 89 84 12 29 45 80 99 60 92 86 22 21 16 52 90 22 41 30 36 46 0 49 73 94
72 10 8 36 68 47 34 8 47 90 27 74 59 23 54 94 19 8 95 12 52 39 4 88 12 19 21 52 93 95 73 72
11 11 54 56 5 96 86 89 72 6 13 7 9 12 96 36 59 11 18 55 54 41 7 59 90 70 70 87 80 7 2 77
11 94 37 76 84 81 36 35 75 7 5 55 74 71 74 53 65 39 90 82 52 100 7 46 55 28 15 80 30 7 12 36
49 47 97 46 95 44 39 5 42 34 22 23 18 84 22 71 90 20 87 43 54 96 7 6 72 28 50 55 23 10 22 19
27 73 51 11 65 60 77 92 5 6 87 30 83 95 21 76 67 28 48 88 90 9 66 98 28 50 94 15 75 19 33 89
98 94 63 96 39 51 69 34 4 67 97 2 34 90 29 9 38 35 84 83 61 91 70 14 64 72 47 13 95 15 97 43
66 77 4 81 91 34 35 29 96 97 66 28 35 59 76 30 31 7 0 48 40 50 16 90 40 22 69 51 85 3 38 46
61 98 52 99 25 52 7 71 87 67 16 17 17 45 61 67 83 59 86 61 56 16 17 19 55 49 26 34 63 18 86 15
18 76 12 44 59 28 63 59 51 26 5 21 33 85 46 33 83 6 78 15 68 26 1 5 97 97 9 10 24 23 64 18
66 84 14 73 43 6 14 49 68 58 38 47 12 52 21 78 23 55 67 11 98 41 35 39 18 65 21 71 67 5 42 39
53 2 93 81 67 86 48 17 36 77 9 48 31 29 25 56 76 86 68 1 6 60 28 90 80 76 60 0 57 84 16 15
