67 9 8 47 64 70 71 93 60 32 68 51 95 50 0 90 62 35 67 55 86 68 96 0 62 91 38 20 38 30 74 24
32 84 71 32 27 15 4 77 75 72 63 94 42 96 7 77 78 29 1 25 79 55 19 61 64 25 30 17 60 90 42 38
53 12 14 0 64 100 6 45 17 98 65 95 69 58 4 30 87 100 74 8 19 8 3 75 87 76 84 83 76 38 100 29
2 72 77 97 56 42 52 64 81 86 40 13 38 45 54 69 85 37 5 13 99 23 97 94 78 36 15 36 13 59 77 83
74 3 18 59 87 77 21 100 3 58 85 5 27 36 24 58 85 6 52 100 79 53 43 95 83 20 97 4 49 70 37 77
82 28 51 0 88 32 23 24 17 15 3 50 17 27 12 0 53 86 20 86 47 37 4 46 20 0 54 5 24 71 93 22
5 92 63 92 78 77 87 15 73 24 13 10 44 60 47 25 3 2 11 1 10 30 82 42 51 36 77 52 5 5 93 94
21 5 50 30 55 21 40 42 13 3 29 44 81 22 31 19 15 20 30 5 7 9 45 72 85 21 71 89 51 98 74 58
8 98 28 48 77 55 56 56 91 33 38 9 98 22 18 25 6 65 92 39 88 39 68 12 60 48 85 63 56 25 46 35
45 44 39 64 28 85 94 53 55 35 49 86 47 73 12 79 27 49 26 78 28 95 56 8 18 63 49 100 34 93 38 50
43 82 33 44 7 91 63 80 60 37 76 27 81 27 20 16 23 49 47 29 98 39 59 92 27 69 56 19 84 64 18 48
77 15 33 12 76 56 25 84 77 38 20 23 44 77 68 57 34 43 13 51 99 14 42 24 93 90 19 82 20 46 8 76
42 19 52 27 17 91 81 33 90 98 92 7 93 32 71 79 2 6 27 84 95 3 34 59 78 6 7 74 56 87 29 19
21 77 37 82 29 85 93 88 56 27 25 90 85 82 99 12 25 59 96 12 76 31 40 44 99 32 52 68 84 55 88 78
73 78 66 69 22 56 67 27 32 97 71 10 68 56 91 27 7 77 14 31 79 32 99 18 76 20 36 13 78 86 14 92
83 60 67 99 93 67 100 75 19 51 86 91 36 68 37 26 91 56 96 79 8 63 31 12 34 42 27 94 63 18 20 39
28 71 98 51 61 34 10 81 9 39 56 26 19 99 48 48 53 65 14 2 25 85 11 82 28 40 44 73 90 12 99 94
92 71 71 51 19 64 16 91 87 54 19 88 44 55 9 33 56 0 62 37 52 47 87 5 13 74 11 51 65 94 47 9
78 60 82 8 86 64 92 77 96 16 35 88 84 7 7 30 87 10 18 3 86 45 15 84 8 80 49 40 5 63 0 70
69 42 75 5 48 71 92 62 65 70 2 0 93 68 27 80 19 35 35 87 36 57 1 6 72 91 80 16 55 81 85 66
0 89 17 31 6 51 8 63 28 59 31 34 17 8 97 85 71 48 40 13 30 37 6 82 71 68 66 23 21 13 52 68
79 68 11 60 55 91 52 99 72 73 71 36 5 29 66 76 8 2 40 64 70 95 21 39 92 28 73 84 9 88 29 62
88 98 80 28 28 26 94 86 40 84 42 6 17 58 34 23 19 95 58 82 99 70 84 89 89 12 63 38 79 32 19 12
3 11 20 40 37 91 3 88 79 16 6 80 25 7 76 4 98 90 65 98 22 54 94 57 58 20 5 14 88 2 84 28
31 80 99 37 46 72 87 72 89 1 38 95 39 91 15 98 94 96 76 5 63 75 70 19 93 17 92 95 47 98 76 11
46 65 92 80 24 52 79 5 56 3 86 8 32 26 75 19 49 6 42 22 40 60 7 96 100 9 34 17 37 44 85 12
35 10 50 76 32 29 67 54 1 36 91 51 36 83 90 62 23 25 76 39 56 99 73 45 54 25 33 2 46 88 36 44
59 96 18 22 9 80 16 67 95 8 49 24 34 29 75 73 10 17 74 48 58 19 33 73 94 24 92 84 11 77 73 94
94 54 49 43 78 74 79 29 56 92 92 91 91 59 93 29 15 51 66 63 56 58 29 20 40 56 72 99 40 21 50 89
91 58 26 90 36 1 69 25 100 95 96 56 10 36 63 96 79 64 99 54 84 8 78 66 64 40 31 13 30 49 7 71
83 72 62 38 70 44 43 36 83 53 58 78 71 34 13 44 32 18 15 72 30 78 13 53 16 98 60 77 9 95 12 90
37 29 100 37 21 96 92 96 72 23 78 14 47 64 73 79 10 81 66 13 100 8 3 58 27 37 43 39 79 94 20 98
