5 53 97 39 24 90 84 84 95 42 74 37 63 43 27 97 73 6 67 29 72 66 78 81 49 11 68 37 4 60 73 96
32 84 76 47 3 30 83 17 67 4 60 74 29 78 49 8 42 16 42 92 56 3 86 15 82 99 90 94 89 63 2 33
95 97 42 95 70 45 22 85 75 53 37 7 41 74 10 87 74 51 10 86 8 37 66 18 28 69 25 43 33 57 54 24
99 0 66 75 59 39 1 71 15 14 48 83 88 38 53 73 84 49 72 49 64 95 92 3 20 33 96 25 8 41 52 0
40 56 31 94 66 79 18 90 57 10 78 71 71 37 56 62 89 22 80 7 96 85 64 88 77 46 65 12 8 64 21 92
99 18 100 72 57 21 17 77 22 77 5 35 65 34 74 51 35 39 83 94 81 66 75 52 48 32 75 67 17 69 85 72
16 76 69 5 63 78 48 37 71 100 38 14 82 35 32 53 8 7 36 7 47 41 47 5 8 66 9 41 88 66 8 46
13 21 65 55 56 9 62 30 18 89 53 33 94 12 38 18 27 42 94 38 48 74 61 45 22 73 7 66 44 81 14 66
78 26 31 32 9 24 84 1 96 16 20 98 49 41 48 33 88 31 76 68 56 0 52 99 2 19 98 86 34 95 50 73
72 19 22 18 63 34 46 53 45 17 35 31 15 45 75 13 26 94 98 72 50 96 97 12 67 99 16 48 4 37 89 11
68 54 25 36 52 15 76 100 55 47 64 52 57 92 61 21 28 92 60 60 58 93 75 39 18 20 86 37 88 98 78 34
8 95 85 63 68 70 76 92 66 81 4 84 57 55 59 34 30 42 24 87 57 65 86 28 96 79 73 96 19 55 33 42
25 19 54 95 17 7 19 56 45 31 84 56 90 72 4 44 57 49 21 65 59 68 64 10 49 89 40 58 92 35 4 92
49 7 55 79 45 9 42 10 70 5 8 32 64 58 62 1 94 32 6 54 29 57 31 71 84 87 76 38 84 73 86 23
15 75 94 41 91 47 15 57 13 21 26 57 45 87 77 59 27 10 45 14 49 51 35 93 87 55 89 67 80 41 37 67
18 97 19 78 75 29 19 13 68 17 28 35 92 100 82 38 80 83 27 32 81 64 97 72 71 97 9 7 72 28 47 65
12 14 39 69 16 31 88 32 36 35 99 59 34 100 21 3 85 34 61 22 79 11 46 4 28 63 61 60 52 33 42 10
41 94 6 65 22 37 66 85 75 87 79 43 61 22 100 16 60 95 35 25 66 31 26 93 92 49 68 48 55 79 0 62
21 32 70 92 61 95 61 63 17 29 71 98 19 52 98 60 46 0 35 14 60 65 96 12 20 58 62 82 16 87 46 44
30 48 96 27 49 93 13 23 62 65 63 9 28 82 0 25 83 75 79 6 25 23 23 21 20 71 2 19 22 95 84 62
72 29 76 98 93 82 26 42 76 1 52 39 29 83 11 91 82 35 18 7 52 25 18 92 18 31 92 25 77 34 15 23
78 56 89 80 3 78 13 74 53 17 94 48 90 93 15 23 98 26 63 64 21 39 22 31 83 49 61 62 84 57 56 87
58 16 37 89 66 84 39 33 32 14 15 11 8 36 67 26 13 53 19 53 88 97 63 11 14 99 100 21 90 53 38 81
57 65 41 38 85 58 10 74 60 75 60 62 40 71 20 29 69 26 72 39 1 24 46 98 61 1 47 12 3 78 84 81
18 6 6 54 17 64 100 52 84 79 87 51 56 63 86 43 81 9 35 4 38 70 35 13 43 99 61 58 9 82 25 84
93 57 15 21 84 39 73 99 63 84 35 49 57 90 97 29 13 61 81 53 90 43 68 41 51 41 15 52 92 74 96 20
86 32 0 28 28 40 99 35 33 100 89 49 21 41 38 70 24 90 42 42 52 95 100 21 64 77 77 87 55 92 4 59
18 36 93 70 93 80 15 98 60 3 92 51 8 5 81 10 71 88 87 31 92 37 14 91 10 88 80 42 19 70 49 43
58 58 98 46 9 31 52 9 48 38 7 84 60 99 78 15 60 39 41 24 46 37 32 93 14 77 68 17 8 50 8 61
62 61 44 96 36 31 11 56 69 47 56 40 24 35 72 85 89 96 73 50 38 49 43 78 76 54 53 17 22 92 3 74
27 79 21 83 46 20 95 45 12 74 28 81 80 83 27 60 88 11 66 24 53 57 9 85 9 4 92 15 29 47 84 54
52 78 62 23 26 70 34 73 90 24 48 49 49 92 37 45 4 5 91 69 8 25 67 85 57 77 82 9 40 86 69 5
