25 80 46 84 51 30 46 36 23 41 41 53 69 18 68 11 49 93 68 45 15 59 85 49 80 45 45 72 92 84 80 97
73 86 80 24 67 27 25 74 81 64 79 11 76 58 56 40 53 1 42 77 43 60 87 25 99 49 57 55 11 50 16 19
69 43 65 69 35 28 18 25 23 3 60 59 28 70 42 29 62 13 64 98 43 50 17 34 77 41 28 60 41 100 10 67
21 45 96 89 34 97 43 25 37 44 11 82 32 75 69 65 49 37 50 47 73 2 60 62 48 64 92 18 68 82 91 15
95 56 82 75 90 99 63 20 63 89 6 34 48 92 14 3 75 17 78 48 78 6 9 98 90 9 21 70 66 35 19 12
54 16 74 23 100 2 9 10 95 2 58 82 91 20 82 66 81 62 84 96 97 77 49 83 9 65 94 50 12 74 63 36
49 55 5 20 87 63 44 12 6 6 53 34 3 32 46 50 80 95 29 58 21 2 37 86 13 87 28 62 16 7 46 95
22 79 63 100 28 91 33 0 3 17 81 47 91 78 93 50 88 42 52 23 25 78 17 66 100 68 97 73 14 3 27 82
84 23 72 92 40 7 62 30 67 11 71 46 21 74 38 89 25 46 25 13 11 2 83 55 20 29 44 90 48 62 43 18
41 81 67 9 90 61 98 4 56 0 77 50 58 84 79 49 24 10 32 42 59 5 15 41 79 41 13 3 71 24 41 84
36 69 87 38 77 12 54 99 3 66 55 94 23 30 58 1 1 43 84 53 98 100 89 24 63 62 88 37 39 92 25 85
36 69 93 17 17 27 77 51 64 64 40 37 26 69 95 26 14 24 82 58 76 96 13 44 2 52 21 28 0 18 80 61
60 64 91 95 34 69 90 87 4 2 61 46 61 39 25 15 42 13 59 88 87 48 36 20 72 23 2 89 31 75 77 99
29 94 100 12 79 60 69 36 26 9 82 95 54 69 43 94 46 8 36 87 91 54 28 22 20 7 71 62 67 27 63 95
20 67 9 57 56 88 9 51 41 10 42 37 40 50 88 71 65 12 15 42 0 24 52 87 36 60 50 20 93 43 88 79
42 29 60 49 52 64 87 90 49 40 75 38 29 11 59 12 46 59 31 95 23 40 11 70 80 77 25 70 53 19 28 88
45 15 5 88 1 6 74 61 64 78 72 95 79 62 88 54 21 63 100 21 32 44 34 43 17 20 52 17 51 37 40 17
61 58 93 45 49 73 51 37 38 34 99 63 65 88 94 85 82 11 57 26 35 16 17 21 82 84 49 49 5 37 74 68
1 94 45 76 23 12 88 95 6 56 29 74 10 63 27 87 54 75 1 73 97 32 46 75 83 38 30 12 0 89 95 0
25 75 74 41 3 39 96 89 66 77 92 47 92 12 16 73 93 23 24 60 26 16 76 68 28 15 0 30 23 78 86 58
64 14 68 90 31 95 64 20 33 58 3 100 59 52 47 8 63 98 74 3 29 61 90 81 2 73 77 93 18 28 31 54
76 85 51 81 83 52 5 13 77 46 80 19 73 82 18 76 42 22 6 92 46 41 50 32 61 93 68 9 49 31 53 61
4 1 73 26 17 91 36 35 57 77 0 27 60 24 41 80 10 65 79 21 55 75 17 9 69 39 39 84 25 17 47 11
23 64 76 19 23 5 11 9 10 65 53 13 74 52 31 32 30 80 54 68 4 79 17 5 64 68 43 0 47 4 19 52
50 16 29 76 70 18 96 30 41 54 62 90 16 50 22 49 10 59 53 5 4 4 89 58 34 71 1 74 46 9 84 48
85 36 97 91 26 99 44 33 20 2 0 16 62 79 5 15 97 70 50 56 76 20 18 70 48 76 82 49 41 79 19 43
52 1 51 52 49 6 95 82 30 61 85 46 41 37 84 74 44 69 78 31 34 43 28 92 23 0 95 51 95 23 73 66
0 52 79 62 41 59 73 88 14 72 80 10 97 84 56 79 83 61 49 62 23 64 49 52 35 12 88 1 9 18 71 95
28 11 30 15 14 44 67 33 5 12 63 84 59 98 51 0 69 10 22 55 92 79 40 58 52 65 56 37 76 25 16 36
17 48 42 54 82 91 83 93 23 23 63 68 39 35 20 4 19 25 76 10 80 3 95 30 1 7 55 37 73 41 65 58
15 45 87 79 57 57 11 71 59 60 87 10 31 21 88 7 80 66 62 24 17 55 40 57 17 42 90 83 27 25 13 73
61 40 69 41 23 77 31 95 56 20 90 11 66 35 17 40 0 83 81 54 97 24 6 35 35 50 75 57 4 11 74 43
