93 63 6 87 56 12 52 39 90 21 77 66 96 8 83 18 64 26 41 37 31 52 15 84 83 62 22 18 31 35 1 36 25 87 6 69 78 14 16 80 89 7 46 84 94 84 76 71 47 17 43 2 22 36 15 69 51 54 84 65 2 22 11 53
75 44 28 37 31 7 46 71 66 32 14 16 36 40 23 41 50 51 24 36 0 60 69 86 40 63 44 92 61 47 41 1 1 37 78 100 92 53 64 24 43 4 36 2 31 15 92 71 64 26 76 35 47 68 48 93 79 22 37 8 80 33 6 49
14 7 94 26 31 24 47 76 80 78 45 75 52 53 45 46 81 99 93 88 55 11 86 91 44 11 83 59 95 21 31 92 85 33 75 48 86 85 100 38 54 4 54 15 35 24 51 36 15 14 11 59 2 14 21 44 24 81 5 15 0 83 28 82
34 70 31 54 55 23 74 41 20 97 70 17 51 25 29 33 9 15 16 100 12 34 38 14 66 33 73 60 2 38 37 69 54 17 74 3 59 57 48 93 53 89 38 51 49 83 42 67 80 21 87 95 93 73 99 32 48 15 76 41 72 68 18 82
70 11 49 77 84 52 50 98 3 19 67 1 10 0 52 70 46 44 14 38 69 38 27 100 15 40 70 41 32 100 1 24 73 87 55 73 69 14 100 97 52 21 30 77 70 43 33 3 7 79 81 17 66 30 41 95 39 39 18 63 79 14 59 72
25 98 71 37 69 41 38 100 56 43 2 47 80 68 20 62 92 62 22 16 37 38 9 30 30 24 98 88 86 64 64 60 0 4 22 75 33 29 45 36 76 64 9 67 51 84 19 32 96 6 83 36 91 3 9 20 85 45 7 14 33 75 43 0
64 93 6 68 20 10 65 34 55 35 48 22 27 67 17 71 61 39 12 100 26 90 39 70 85 44 77 51 5 28 9 24 57 80 48 5 96 25 93 50 11 75 82 25 5 2 21 29 69 40 31 68 93 16 58 40 58 90 35 5 48 32 62 17
86 99 77 42 44 79 40 59 90 31 79 5 23 79 56 75 75 94 72 81 0 35 84 29 64 98 85 71 98 33 97 14 14 64 78 49 46 66 55 27 52 63 90 40 62 78 6 84 34 8 41 39 17 67 54 31 38 64 44 7 67 80 48 62
97 16 58 59 16 18 94 56 24 19 1 27 10 15 41 97 62 4 76 9 82 21 81 53 93 25 8 84 40 36 52 96 45 14 21 97 35 57 75 60 98 39 94 88 50 83 45 20 12 45 83 6 79 74 23 97 15 56 64 21 20 79 89 20
38 36 59 75 5 23 18 88 6 19 8 43 99 64 72 18 33 38 89 71 50 57 67 73 88 2 15 57 54 2 94 82 31 38 79 37 77 18 5 88 56 93 95 33 75 60 43 13 43 80 99 78 43 37 83 81 97 10 95 80 41 18 50 64
75 14 88 44 54 68 53 69 78 88 53 97 87 20 58 55 71 23 46 77 31 20 58 81 41 28 23 87 92 89 3 11 30 9 45 29 13 5 78 76 87 88 30 27 46 85 85 22 63 38 98 11 61 67 40 37 95 5 85 4 67 91 2 53
35 79 37 30 95 32 39 34 4 77 16 37 4 22 68 92 81 57 74 22 81 65 89 22 91 96 55 12 29 85 27 75 97 95 18 2 40 26 36 38 17 21 86 84 10 93 14 18 67 46 21 26 62 21 74 54 43 26 4 51 45 70 36 66
22 61 8 97 78 14 61 68 0 26 7 71 91 65 62 36 37 24 54 24 61 74 12 26 12 32 26 66 37 17 40 40 33 85 26 55 46 83 91 29 78 42 36 91 93 58 59 10 100 11 89 49 12 92 51 79 76 98 8 15 46 65 98 79
2 47 78 36 0 66 13 83 43 37 8 96 13 46 26 40 80 96 62 35 33 87 58 52 79 89 54 69 17 75 27 99 35 74 46 31 91 76 94 91 25 56 43 12 12 5 33 52 98 19 43 69 54 21 23 24 90 2 89 2 88 55 53 82
95 61 1 8 91 87 60 31 43 77 55 62 98 73 55 4 81 59 86 92 21 100 7 61 71 63 17 28 1 56 61 71 17 40 50 39 64 88 82 54 69 58 9 44 78 72 7 83 35 89 18 80 75 8 26 77 10 35 55 12 100 56 84 77
16 100 68 57 83 85 85 42 16 9 42 99 100 52 67 80 54 69 37 50 20 45 11 84 15 68 22 92 62 50 4 37 74 7 6 76 78 41 38 41 41 94 99 0 45 97 32 54 14 20 99 40 74 4 61 49 99 67 5 56 59 70 57 38
86 97 84 96 16 79 68 41 65 48 8 23 14 78 38 22 7 57 25 46 10 77 12 8 48 7 16 53 61 2 3 29 30 42 45 64 8 1 14 48 5 71 68 84 38 41 16 16 95 4 37 69 12 5 77 78 35 13 20 97 80 7 9 100
52 11 80 4 67 47 51 74 34 65 65 78 69 79 33 81 2 5 91 86 53 94 73 100 1 0 96 60 14 72 4 78 11 67 40 27 7 45 41 61 46 71 7 94 84 94 44 35 100 18 96 27 55 99 72 57 17 59 55 44 56 83 69 29
44 8 78 73 60 15 64 10 80 66 33 60 45 85 26 3 86 3 89 53 12 80 56 71 19 32 74 34 58 86 0 80 83 4 22 72 59 86 70 92 23 47 22 75 18 32 31 57 61 20 85 25 46 0 17 81 51 0 80 52 9 55 15 98
91 60 45 41 46 48 78 48 1 48 84 14 54 23 45 36 73 68 36 16 73 44 33 79 23 62 39 34 63 46 27 36 99 77 19 22 74 58 34 47 83 46 19 43 77 20 93 73 46 57 83 53 31 24 84 5 0 20 53 88 78 69 93 74
81 79 48 28 71 90 43 71 68 57 94 37 48 38 73 47 23 22 89 21 15 43 82 86 46 96 73 88 10 66 98 5 61 66 45 6 64 21 68 43 60 64 44 23 73 55 84 7 17 9 28 75 81 3 79 28 31 19 22 18 80 87 83 7
68 71 21 25 66 76 27 99 26 97 100 20 7 37 16 10 77 98 67 44 11 4 9 41 21 43 53 2 29 95 79 83 19 99 57 52 85 65 26 23 2 46 45 83 78 35 79 65 73 93 22 76 66 67 20 73 10 70 34 66 56 73 36 8
16 48 72 100 34 89 69 100 50 99 12 47 34 56 18 49 13 27 13 5 84 97 67 52 58 68 29 56 93 33 75 74 6 15 64 17 65 99 83 61 64 61 34 57 18 68 39 94 59 71 33 2 97 17 29 56 68 99 24 0 78 12 25 80
17 35 31 47 25 84 34 84 32 20 80 10 62 58 45 99 2 0 4 5 51 74 26 51 47 1 39 50 97 49 24 61 30 12 68 2 24 31 63 56 75 52 95 32 35 87 31 56 65 51 23 65 15 31 17 49 73 24 15 24 46 45 64 44
91 29 42 77 37 31 91 6 75 64 51 26 26 54 82 34 12 3 91 17 7 60 7 51 27 41 65 19 9 4 64 56 89 97 19 1 59 55 65 58 13 23 28 90 0 5 52 43 9 11 63 58 82 6 30 95 84 21 84 41 45 97 73 99
48 92 97 7 72 55 4 7 5 19 25 74 28 11 66 19 18 60 59 45 86 9 73 29 100 45 4 2 1 54 78 83 45 69 78 60 11 68 73 47 0 45 81 72 24 87 27 59 57 41 46 44 21 84 82 57 44 44 75 55 60 36 50 89
43 24 2 44 59 97 1 95 18 39 34 22 89 56 7 12 86 54 23 63 44 77 39 36 82 84 7 35 79 25 72 84 23 0 15 80 65 7 96 67 18 90 34 38 90 14 53 18 57 60 17 97 24 19 19 53 78 72 90 61 77 54 23 43
22 9 43 53 26 0 55 77 70 97 7 18 90 39 68 70 28 55 70 58 52 92 53 21 38 82 66 1 64 31 16 84 73 67 93 21 67 28 60 93 88 89 88 18 7 41 47 83 73 35 39 62 7 13 39 14 34 18 83 27 22 67 31 37
21 39 87 56 35 26 55 85 71 75 66 2 53 85 59 67 83 53 63 87 32 81 57 28 50 53 31 78 5 0 29 10 78 39 84 100 42 48 71 87 4 80 64 54 38 49 35 4 5 20 70 88 72 33 100 9 1 89 27 66 12 50 31 7
1 35 2 56 45 56 80 27 33 11 40 76 28 70 47 51 43 39 43 64 89 25 75 11 30 96 87 37 50 41 72 80 35 4 99 98 35 78 19 73 33 16 8 65 28 80 25 85 75 20 43 69 74 64 90 86 73 78 3 34 37 23 95 99
29 32 18 78 20 19 18 66 46 33 87 64 84 96 65 47 19 57 45 8 67 29 68 2 40 76 88 44 32 92 15 64 19 35 25 14 64 47 22 15 58 33 42 6 12 7 39 65 53 16 35 22 0 45 57 5 37 76 45 56 32 0 62 96
59 79 50 83 84 85 92 81 68 90 15 74 52 12 30 58 93 26 18 12 32 0 33 53 93 4 79 68 30 23 83 26 6 62 2 25 51 56 23 42 30 39 14 88 5 57 73 32 4 79 91 55 25 69 27 8 30 45 38 68 78 59 28 86
2 33 82 57 10 2 59 97 24 69 22 70 34 11 11 57 87 22 92 68 82 66 11 81 15 71 15 99 73 86 39 41 92 30 78 86 0 14 73 71 34 97 71 81 51 93 41 33 32 9 8 86 0 72 82 100 10 53 59 30 53 37 9 7
21 57 73 39 58 76 17 0 50 78 4 14 27 27 25 3 39 39 41 91 42 31 68 59 73 3 71 82 10 89 79 8 62 51 65 71 66 78 48 86 16 33 91 52 65 85 94 91 65 39 81 94 97 81 61 88 25 53 53 21 18 58 9 68
18 55 59 31 46 92 65 51 66 46 41 62 80 86 91 49 95 22 45 62 22 20 47 19 42 56 70 78 75 94 64 62 63 42 52 60 88 36 52 46 37 5 37 24 97 82 4 37 58 15 66 97 43 85 90 94 35 73 56 97 89 40 80 0
48 15 42 40 69 39 13 15 8 54 28 46 37 88 7 75 88 87 30 32 100 48 44 88 57 14 82 48 27 53 0 30 89 96 73 36 41 99 16 80 15 22 9 56 29 64 74 49 61 89 44 45 86 2 65 45 35 18 57 1 28 36 27 69
49 8 35 4 98 94 66 53 54 89 36 96 78 69 58 79 20 95 77 18 96 42 38 3 64 35 32 31 43 13 24 97 65 71 68 10 54 36 50 71 31 65 81 88 20 93 1 58 4 50 69 85 8 39 2 24 58 70 32 78 11 67 54 78
44 5 79 21 1 78 51 79 69 15 63 35 76 12 6 60 30 21 84 90 35 35 11 6 17 69 87 81 39 6 22 40 26 47 5 7 77 80 92 78 18 90 28 36 83 17 1 42 49 94 81 1 10 95 1 50 44 37 99 65 66 71 60 53
94 91 98 53 2 3 16 60 76 93 16 86 25 9 14 94 51 56 87 9 10 100 5 3 52 15 75 61 39 66 11 52 10 92 26 75 80 45 75 31 20 0 27 28 84 42 99 17 53 80 70 64 44 76 76 48 0 41 25 19 14 90 96 43
5 1 96 42 51 81 74 93 97 21 75 11 46 0 25 34 60 48 45 42 55 26 86 77 58 27 23 23 23 6 71 21 86 1 43 52 75 52 96 4 62 31 96 8 67 19 85 43 77 9 1 23 7 28 5 8 84 53 40 97 5 36 73 15
2 94 5 32 89 71 84 21 97 78 21 76 61 83 30 65 95 54 74 15 60 43 49 64 44 17 34 31 73 23 66 100 0 93 9 96 96 63 66 64 56 39 67 21 5 23 41 69 32 4 7 36 30 87 80 6 8 61 88 27 4 26 45 67
58 88 95 97 49 91 80 62 44 81 22 3 85 97 64 55 80 41 44 37 34 73 39 82 22 18 95 48 4 83 40 47 88 83 98 65 33 19 94 14 100 35 89 40 39 99 4 86 66 68 56 15 56 27 37 50 15 52 24 45 2 99 64 75
11 57 64 83 0 68 2 73 8 37 46 15 18 91 61 34 26 13 38 43 28 39 0 61 93 30 11 8 66 10 21 33 36 35 86 31 5 95 53 43 20 58 13 30 14 24 9 91 31 41 53 3 72 75 20 45 61 66 22 81 30 0 39 64
78 31 40 85 29 3 44 90 29 99 26 49 24 87 67 19 80 97 62 97 16 6 16 82 74 100 36 31 50 98 54 7 9 56 20 10 73 19 84 78 25 64 46 94 34 2 71 22 86 89 74 37 43 64 36 58 38 33 13 69 17 19 18 98
25 53 58 74 67 81 27 88 72 50 90 67 28 97 72 79 31 52 86 56 41 69 42 95 75 55 11 33 11 37 99 53 33 58 14 26 54 13 41 76 100 70 15 17 50 75 72 42 12 2 41 5 61 63 94 3 82 37 83 33 49 17 27 98
29 5 98 22 20 69 71 63 10 56 41 35 22 34 12 81 86 76 39 56 73 8 58 73 75 99 20 98 96 49 78 33 65 9 69 58 99 25 12 40 72 72 41 66 62 62 38 84 2 66 3 34 57 23 43 88 70 36 23 73 14 18 64 53
64 59 20 44 89 19 17 7 97 65 12 45 43 54 18 33 86 64 32 56 71 96 25 46 74 24 77 98 37 64 90 31 64 38 79 87 15 24 24 55 64 0 90 15 91 65 69 20 90 81 72 60 5 85 37 43 50 80 14 25 46 54 26 25
45 4 95 78 72 19 80 46 32 33 24 40 91 76 99 50 0 27 74 7 96 4 18 8 96 30 27 56 8 0 41 16 80 72 43 27 64 46 100 82 100 20 53 62 32 22 64 63 54 45 9 58 82 38 15 26 22 47 61 83 52 3 20 71
69 86 39 39 73 72 23 93 18 16 51 91 97 75 5 11 99 70 71 54 87 94 94 67 85 83 93 83 99 99 42 65 2 61 23 90 61 4 83 50 80 40 23 70 78 89 35 49 4 99 86 38 21 86 18 0 81 8 89 90 36 94 74 30
72 21 2 85 53 2 59 71 73 82 72 70 88 57 66 45 50 96 96 9 60 68 49 61 62 81 82 45 48 81 91 73 72 96 27 27 28 89 19 4 2 25 95 68 52 79 56 82 97 45 81 94 91 86 85 50 49 18 30 54 16 45 24 34
53 84 57 87 23 47 76 19 7 75 46 46 70 62 2 0 23 96 7 44 96 82 68 35 99 3 90 66 43 100 50 66 4 14 59 84 81 25 61 71 88 27 46 44 15 67 84 73 37 55 27 6 64 92 86 48 1 94 72 24 57 61 49 77
82 69 28 77 45 16 53 95 88 17 54 71 80 27 79 51 30 9 32 18 88 14 28 6 97 23 88 2 30 51 46 61 94 3 51 60 89 24 92 58 86 8 27 95 19 75 29 71 48 35 30 12 78 86 39 83 20 85 61 80 77 29 43 35
7 96 75 38 4 100 4 31 89 59 49 61 48 39 33 82 41 25 68 45 23 91 32 84 9 70 10 64 0 71 1 55 50 93 97 72 18 58 90 81 47 27 98 30 61 21 96 13 88 43 54 97 22 36 56 48 98 78 97 32 61 86 91 31
49 58 60 67 1 7 13 57 83 58 87 33 37 77 47 44 14 27 83 40 7 5 67 55 34 62 64 76 85 99 14 75 81 71 66 70 40 90 66 65 81 10 23 48 52 66 93 73 68 51 32 4 16 39 46 16 72 10 21 61 52 2 100 99
85 72 23 77 35 31 56 1 76 53 93 68 20 51 59 23 97 13 66 39 91 94 86 54 93 22 88 40 16 95 71 14 88 24 53 13 59 4 41 97 79 52 66 85 90 34 36 93 87 33 68 17 11 30 3 46 21 59 65 33 48 1 85 58
96 13 99 50 12 67 21 68 69 85 36 99 31 31 82 48 100 20 83 30 48 76 43 35 66 89 84 26 17 10 13 1 92 42 13 75 2 86 39 42 87 73 69 5 46 52 67 52 33 50 94 54 55 84 70 39 11 6 48 52 71 60 22 39
4 18 100 90 17 58 49 19 56 90 57 21 69 30 35 71 17 1 38 83 59 40 65 88 89 81 69 9 41 66 33 51 15 8 87 97 98 95 46 76 80 72 57 41 53 49 9 21 71 86 89 25 71 28 72 62 40 74 15 66 90 43 16 4
2 96 60 82 32 67 71 69 65 78 85 2 58 86 79 25 88 24 46 36 68 37 74 91 78 94 11 41 7 66 58 46 57 49 93 45 15 4 15 91 17 94 72 57 76 45 3 33 53 83 23 84 79 68 28 56 69 78 84 97 98 20 67 88
4 47 34 40 29 39 61 17 68 33 45 6 69 60 62 68 22 35 82 76 41 51 99 83 73 51 99 12 98 58 22 81 92 43 100 85 28 89 48 72 33 35 28 46 78 4 46 27 29 33 57 66 55 20 38 41 81 77 29 65 92 83 23 30
56 39 83 13 72 90 59 56 79 45 2 48 34 71 6 36 24 47 97 5 50 73 15 65 73 13 32 35 1 37 45 86 24 55 34 11 68 4 85 58 78 99 60 10 50 68 8 44 42 54 66 90 3 47 75 79 2 75 16 72 28 16 0 44
12 92 63 46 56 80 44 60 9 93 80 44 46 76 5 18 31 46 57 7 48 56 52 20 72 14 10 91 36 85 46 24 43 28 6 17 40 4 58 96 87 79 62 3 90 97 56 78 49 100 99 48 66 75 91 88 73 23 67 35 90 26 50 93
24 10 60 72 64 94 35 35 86 59 51 78 94 19 24 93 84 63 8 27 64 7 38 64 7 17 99 96 6 91 41 98 29 72 99 2 60 34 13 56 44 66 87 99 43 50 57 88 70 27 77 55 73 47 89 91 48 5 11 60 21 0 59 5
97 89 29 86 85 60 84 1 20 37 79 34 42 99 15 42 14 66 60 24 62 23 25 18 9 40 37 96 2 71 77 61 49 26 75 56 17 22 72 35 30 49 35 45 76 82 12 2 94 47 36 87 11 62 85 15 59 88 69 57 45 47 68 9
33 20 79 61 54 47 92 49 75 84 54 84 83 95 70 50 74 49 5 3 25 1 56 76 72 22 26 54 85 14 3 12 17 44 50 21 29 68 99 22 39 72 35 21 25 64 18 51 39 14 19 51 84 34 59 93 27 89 86 58 54 74 94 90
