34 80 33 79 17 14 48 71 10 17 11 57 73 32 40 2 64 19 81 49 15 35 49 78 77 76 47 33 75 100 27 95 74 55 81 21 58 72 100 57 55 22 12 30 46 30 16 49 40 6 11 44 61 39 82 14 31 90 65 28 17 70 30 67
21 83 55 58 51 84 96 6 0 53 43 31 21 19 93 97 30 36 4 3 59 74 39 39 90 44 79 39 85 72 22 17 0 11 73 67 99 26 80 75 77 13 68 89 45 69 27 83 3 65 36 68 37 2 67 56 78 86 16 94 55 79 47 30
62 7 6 62 97 60 85 10 69 11 87 0 76 81 30 16 27 51 46 58 25 80 55 22 27 29 31 23 1 48 94 0 8 39 44 15 19 98 56 59 87 23 87 30 74 30 24 15 7 3 34 54 4 28 19 90 43 99 92 25 80 96 48 32
13 12 73 15 31 73 73 67 76 87 77 20 65 54 52 86 32 25 0 42 92 19 17 49 70 38 18 23 15 99 1 68 79 53 88 43 69 6 26 30 86 17 42 6 59 82 10 43 83 3 6 32 83 89 31 35 31 28 96 24 73 69 74 17
48 72 82 46 74 65 0 90 30 63 87 41 85 39 52 98 1 38 39 43 24 99 92 45 66 37 24 82 61 0 10 43 62 48 32 41 11 89 74 90 40 71 15 83 12 60 96 78 77 82 67 88 23 27 39 36 41 7 88 70 17 36 11 42
69 20 71 42 45 71 24 25 51 0 56 71 49 85 6 99 94 79 34 98 6 42 48 44 61 50 91 14 68 86 95 30 42 72 82 79 35 19 88 86 42 46 3 92 29 53 95 55 30 84 41 80 22 69 66 53 78 67 42 66 94 61 80 13
89 86 15 15 82 98 85 13 46 39 13 99 17 47 39 32 21 57 4 78 97 2 46 75 13 49 88 89 37 98 64 24 61 24 28 88 9 38 36 0 73 29 19 91 95 80 9 9 71 90 97 65 56 25 52 21 9 47 73 31 97 25 32 94
30 50 45 45 44 84 85 32 46 3 22 9 94 20 27 74 23 15 98 9 9 91 75 46 13 1 60 41 7 20 92 6 64 5 44 39 10 59 65 64 83 96 18 32 27 97 77 1 65 54 98 71 69 53 73 57 35 19 15 2 88 83 25 29
89 29 91 52 85 70 9 81 42 24 53 83 80 43 51 49 34 27 47 70 18 31 94 53 77 10 79 77 45 20 19 99 38 1 73 10 30 75 19 27 36 27 18 100 45 22 36 72 36 64 17 90 29 9 57 33 59 42 68 1 98 66 13 33
12 91 46 62 67 36 56 80 67 21 46 95 16 56 79 24 72 86 6 18 90 48 83 42 82 78 34 97 66 23 99 16 50 91 11 48 78 24 99 26 15 27 37 68 20 28 20 22 28 97 38 13 6 94 20 70 100 33 55 90 85 91 98 100
87 11 3 96 53 59 32 93 45 15 63 6 51 78 40 14 57 20 57 53 33 0 71 3 14 27 76 53 39 41 89 74 59 2 48 16 11 75 59 68 74 24 97 19 62 48 9 86 75 28 53 39 66 84 34 22 57 11 53 88 29 46 63 1
28 78 98 16 11 26 77 82 99 25 41 7 4 24 54 77 22 36 54 51 56 16 70 86 85 55 50 58 57 63 74 11 40 76 27 46 57 6 80 14 91 66 78 85 89 47 12 90 14 3 46 86 3 30 46 95 1 15 68 42 8 17 20 88
18 36 52 1 46 85 99 52 75 59 90 56 19 97 22 47 8 82 59 79 30 17 46 7 28 99 61 56 59 1 7 57 51 70 35 61 20 48 55 86 47 43 77 48 93 21 28 43 38 98 10 21 60 77 24 40 23 33 49 34 37 90 90 69
84 63 82 7 90 69 22 48 3 100 24 6 36 12 44 79 25 40 95 15 91 98 82 81 99 36 23 49 50 33 91 6 0 40 55 14 57 39 77 25 90 33 11 34 66 48 13 50 95 68 48 92 29 5 98 91 73 31 47 25 29 87 89 25
9 71 85 59 87 28 77 15 9 79 88 36 99 53 18 25 0 40 33 41 57 99 19 13 25 12 75 83 75 64 62 26 32 98 98 100 34 18 40 54 97 37 18 65 45 31 26 79 19 35 33 34 28 68 22 79 57 7 42 82 52 99 40 81
6 69 29 99 65 13 83 54 15 8 96 18 15 39 11 71 22 0 31 53 51 74 81 14 18 49 74 26 19 45 85 59 80 68 71 31 86 38 45 51 54 45 86 29 20 74 80 26 17 17 66 87 90 50 33 12 36 69 91 76 74 30 4 89
40 43 93 23 6 46 31 92 77 76 77 1 41 96 81 23 69 63 2 31 98 83 25 76 80 51 1 41 100 27 65 38 2 0 0 13 52 70 52 94 39 86 97 87 32 36 73 8 50 59 86 88 14 59 23 16 99 29 66 22 100 11 5 95
77 0 2 16 32 94 55 19 32 93 98 32 92 76 88 97 40 13 3 69 25 64 18 67 56 76 7 40 18 31 83 43 81 12 11 31 25 30 29 53 15 12 76 62 30 62 48 99 64 50 37 100 12 30 88 86 5 74 90 98 34 1 48 37
2 39 91 1 92 54 89 86 52 66 24 80 45 46 72 22 67 31 86 28 84 49 41 28 97 16 24 10 33 43 25 34 44 44 100 4 37 4 32 15 62 64 56 91 19 17 47 75 95 37 40 61 39 32 83 85 22 11 58 94 75 79 56 91
17 37 50 29 31 77 21 80 78 36 96 51 67 25 48 10 22 33 71 16 31 61 38 53 64 56 70 56 95 4 40 54 81 25 30 95 82 92 98 67 89 72 71 68 32 98 57 40 81 96 0 93 90 62 17 46 42 82 16 85 83 60 45 54
100 38 41 76 29 73 10 6 16 36 34 59 0 17 31 83 24 66 15 25 3 100 17 60 35 1 8 32 71 29 49 16 46 10 61 10 96 46 35 26 14 4 68 40 99 90 73 85 80 20 65 64 78 95 63 15 1 26 43 65 61 12 43 8
23 64 95 47 21 45 16 58 66 67 70 55 6 37 14 15 23 72 37 93 8 94 76 95 0 51 2 11 98 69 47 52 61 93 86 35 92 1 45 47 34 52 59 43 62 24 64 59 38 84 17 84 21 29 29 11 88 14 73 38 14 85 7 89
2 77 4 64 14 82 96 5 89 17 100 83 2 95 43 19 50 95 61 20 17 38 52 87 76 51 58 65 54 52 74 19 66 62 10 73 56 31 24 4 41 98 45 40 2 88 20 16 53 76 78 52 69 93 93 11 68 62 91 65 2 38 2 24
60 42 49 43 30 76 27 13 92 53 65 56 88 63 85 71 98 98 32 58 15 30 32 63 22 41 27 43 94 34 95 66 4 98 53 63 70 24 66 6 18 41 84 73 36 61 36 73 28 9 22 1 30 31 19 97 87 46 13 35 57 60 31 30
50 46 28 6 100 63 50 19 15 49 55 69 96 51 77 73 16 19 10 3 68 21 57 26 8 98 1 11 76 13 47 87 59 11 93 83 82 90 83 38 40 92 32 95 84 79 42 62 48 50 29 95 60 98 78 21 74 31 63 3 16 10 60 26
52 3 39 76 61 94 36 71 96 35 75 88 40 95 13 2 37 37 67 65 54 36 75 16 12 61 98 42 41 35 81 4 54 55 22 72 53 90 55 21 44 46 62 23 95 53 65 15 56 99 46 84 68 30 11 44 55 38 32 10 89 20 37 47
72 61 30 95 36 21 20 11 4 75 63 73 50 100 86 54 61 12 96 84 57 8 97 39 68 26 40 73 63 59 52 78 73 16 85 17 12 23 76 36 90 92 90 32 23 48 80 100 76 4 24 58 21 86 2 78 17 60 5 64 74 22 100 13
17 20 89 12 8 20 17 37 25 62 71 62 95 22 41 40 26 1 56 77 39 19 73 45 45 27 23 10 72 10 11 28 76 41 6 64 46 10 44 73 75 34 71 91 10 53 58 78 71 71 32 57 100 3 92 4 67 37 80 83 8 33 72 60
54 57 19 57 87 97 2 73 82 79 2 38 6 1 79 14 81 52 75 11 90 10 59 71 56 39 43 41 20 32 84 3 73 81 19 85 43 60 93 98 80 91 82 97 9 44 98 100 20 12 42 64 54 22 63 42 42 63 98 24 6 30 97 15
25 66 75 60 99 53 44 4 27 84 10 30 91 81 30 59 71 59 32 30 45 45 6 7 9 10 85 87 65 88 73 88 53 63 4 38 64 33 38 56 68 59 32 70 76 37 19 14 58 77 60 69 43 58 11 77 91 39 19 80 86 20 45 52
64 90 87 53 37 14 39 39 22 81 85 27 93 24 95 56 24 51 19 5 55 70 53 21 72 88 61 59 41 91 19 42 75 88 4 90 38 99 49 90 7 67 61 2 51 65 87 4 34 90 58 83 37 75 8 9 63 33 41 52 58 64 28 20
93 51 45 11 4 48 57 58 10 57 98 2 93 62 74 22 94 28 36 88 20 55 95 41 38 28 21 36 96 30 64 71 81 86 82 51 80 46 52 53 30 93 1 68 69 51 79 87 37 93 61 10 48 10 91 11 10 88 12 30 4 31 31 42
82 33 49 28 9 34 27 91 44 5 10 7 26 85 62 70 22 60 35 5 71 78 52 91 41 6 11 1 50 84 17 7 71 29 44 89 39 25 18 18 100 22 25 25 53 35 100 28 35 100 59 55 41 99 6 16 26 85 10 57 21 41 71 28
8 91 71 78 58 72 1 84 41 41 69 75 62 36 59 87 100 12 3 32 95 78 3 33 40 13 22 38 44 88 3 35 30 3 91 74 100 5 15 6 85 95 89 70 74 63 97 99 87 21 75 3 13 6 21 91 25 43 71 84 6 99 9 91
58 81 81 73 2 100 87 28 34 45 55 74 0 65 78 12 80 61 84 33 60 24 94 16 44 77 38 79 18 72 90 89 22 6 88 12 46 67 44 73 81 74 32 28 97 62 89 1 30 44 99 49 31 14 16 13 5 39 9 52 56 53 3 11
34 61 2 44 54 82 97 76 4 63 8 87 41 29 41 41 27 100 14 88 27 17 50 65 89 46 72 52 42 77 33 55 37 0 26 46 45 77 73 59 64 8 40 57 56 45 69 76 42 93 34 62 22 33 72 62 41 46 9 3 4 19 62 73
12 73 55 47 41 85 28 82 49 95 21 48 26 64 41 43 75 5 63 82 94 11 14 14 40 62 92 51 75 74 37 95 93 96 87 59 95 32 99 95 30 23 24 18 17 77 44 80 46 1 85 55 56 29 22 42 30 38 21 41 65 48 80 35
29 44 87 92 5 8 2 41 99 49 41 42 95 6 13 51 89 95 85 46 49 96 69 15 55 21 41 30 83 32 48 26 3 87 9 69 93 18 56 63 67 62 97 100 39 21 61 71 20 93 52 12 27 2 88 52 69 50 1 91 26 0 14 89
58 68 71 100 85 80 24 49 35 13 57 58 42 44 54 1 15 8 34 71 40 70 23 54 35 2 86 55 48 85 22 28 37 82 79 14 33 67 63 90 78 24 77 69 49 23 60 81 57 92 66 36 18 84 7 72 14 63 64 46 37 73 31 53
79 51 21 87 15 37 99 13 62 26 12 68 89 23 74 99 24 50 48 89 10 74 85 71 2 77 8 83 33 19 9 6 56 61 77 97 90 33 52 88 62 31 43 48 53 14 47 70 86 29 40 21 95 67 28 2 48 85 31 43 92 80 71 37
67 6 39 32 73 3 47 71 99 29 46 1 60 15 28 11 4 85 2 41 76 77 1 33 37 51 82 97 79 56 68 53 99 88 11 47 0 34 92 66 66 78 56 46 0 36 72 92 47 71 83 57 22 96 85 77 50 78 8 27 26 31 2 24
87 23 76 79 54 24 8 86 4 89 48 39 1 6 29 20 63 99 12 80 55 97 47 0 8 97 76 33 79 20 71 57 5 46 97 24 97 14 40 91 42 76 63 21 74 66 77 32 73 35 65 16 11 3 4 81 12 59 45 76 25 36 14 86
60 40 33 19 36 89 35 6 92 100 91 38 78 83 52 59 67 78 41 44 60 35 9 49 22 39 43 38 32 77 98 11 75 7 23 62 73 63 81 8 80 31 1 97 71 25 61 16 71 37 88 6 86 19 73 77 68 18 64 78 32 94 86 14
75 67 42 82 42 82 11 89 98 23 68 38 36 1 68 16 90 19 45 19 3 79 66 22 2 40 21 74 69 80 91 48 46 50 93 82 67 30 95 94 54 33 24 68 41 17 14 69 86 62 63 78 36 26 84 50 15 59 6 12 36 77 17 50
74 36 10 31 11 95 100 69 13 44 34 7 24 28 96 61 75 95 41 63 14 56 85 6 94 70 91 26 78 59 36 91 71 74 34 94 8 31 77 52 71 13 16 40 57 23 25 39 12 22 100 54 15 16 27 76 34 1 4 9 74 46 27 37
76 15 55 37 23 56 10 66 74 85 40 3 67 58 58 92 33 72 93 6 25 50 17 22 53 7 60 26 25 22 29 2 79 71 60 89 22 73 91 89 29 56 1 18 97 90 73 77 26 15 100 62 71 69 55 48 94 44 14 78 59 14 35 64
52 72 30 28 80 25 94 5 37 49 81 26 68 31 80 45 16 2 66 39 70 42 16 27 75 93 82 45 63 19 12 98 66 22 64 27 57 80 40 25 87 67 49 26 67 70 80 39 18 31 58 42 89 49 81 69 46 47 10 16 5 9 65 65
26 65 80 4 47 10 99 43 87 88 8 65 43 76 89 63 67 25 99 23 90 41 80 53 99 44 19 96 25 33 53 33 44 56 22 46 35 38 3 49 7 74 26 14 35 0 53 86 15 56 49 62 45 5 68 90 59 14 26 56 69 22 18 53
38 0 77 14 18 76 46 35 1 24 43 39 99 7 9 18 82 31 38 96 10 73 81 22 78 96 5 76 27 92 65 4 76 91 84 60 38 99 20 53 3 9 52 60 100 24 59 64 57 1 73 77 30 54 77 19 23 20 1 59 58 87 60 65
62 70 98 49 77 77 68 75 37 74 100 60 80 20 5 99 34 58 95 32 72 62 34 76 43 31 67 62 8 43 73 19 46 74 14 25 70 43 80 31 37 28 39 28 10 14 43 27 32 57 88 93 23 58 36 11 64 44 7 43 90 78 74 45
79 20 42 31 40 85 67 88 10 45 4 16 2 2 86 79 97 34 60 29 49 78 42 66 89 38 64 22 81 47 78 15 43 83 5 54 88 37 88 34 47 71 62 22 87 85 90 100 10 3 12 14 23 95 42 96 4 87 10 60 52 41 35 10
48 79 59 67 37 36 39 46 2 12 52 93 88 10 7 25 9 58 15 60 35 22 38 4 49 91 62 38 58 74 78 13 83 8 37 95 26 76 74 18 65 2 47 57 85 58 26 12 30 13 40 53 49 85 75 77 58 13 51 41 76 11 77 10
39 71 49 12 40 12 51 81 23 75 66 3 8 34 64 18 84 25 30 66 76 97 23 70 36 54 93 98 83 40 14 13 71 71 68 64 36 23 75 47 92 57 26 63 37 33 95 15 75 80 91 58 19 78 87 14 76 56 82 91 10 53 82 51
74 97 38 44 22 35 5 81 32 32 68 59 66 59 61 71 59 89 22 94 6 77 25 42 67 83 5 96 43 24 76 78 75 58 80 8 59 41 20 94 67 56 41 9 36 34 12 69 78 68 73 12 29 61 0 48 21 39 35 48 20 97 66 33
11 31 1 10 7 27 45 58 20 71 65 86 32 42 99 69 20 74 1 83 34 21 45 24 51 46 15 84 50 91 24 32 79 24 87 58 85 11 7 92 90 80 84 24 85 56 25 69 84 65 20 45 20 100 10 49 67 69 12 32 68 30 22 57
78 86 17 80 44 32 96 55 44 53 62 5 3 27 95 71 73 19 87 37 56 39 41 25 65 71 31 17 100 49 91 1 93 74 100 32 44 13 99 16 76 91 15 68 72 4 80 85 73 77 7 73 4 27 2 0 55 75 3 50 34 21 51 18
64 22 40 16 72 51 87 65 26 15 34 6 23 5 11 70 72 74 62 3 64 12 58 70 92 20 95 90 4 67 78 96 0 11 11 78 84 100 80 94 62 93 21 33 67 54 33 12 4 95 99 36 52 99 36 100 9 8 17 63 48 56 20 23
10 100 74 74 77 16 48 28 12 83 87 12 26 7 37 41 21 24 11 63 74 6 53 27 50 21 55 59 38 43 38 63 49 49 50 97 35 18 74 92 9 10 19 41 43 74 5 49 51 45 79 21 65 37 81 87 45 76 57 76 92 44 16 36
47 36 94 55 77 11 75 57 78 11 83 62 74 56 58 49 82 73 26 87 16 49 83 74 77 88 21 5 50 37 0 58 12 31 10 60 46 75 53 16 62 57 25 88 29 30 40 2 67 1 25 77 80 33 83 35 100 54 5 85 79 8 14 46
98 8 33 56 97 90 80 23 38 21 48 62 45 35 91 52 87 83 52 12 84 28 78 3 6 35 62 38 60 59 58 44 99 95 59 25 66 9 99 83 98 98 81 58 82 2 7 20 71 90 17 89 28 9 82 21 56 34 72 54 42 8 20 61
43 33 64 8 97 53 36 68 11 53 85 56 63 30 1 90 36 7 53 83 32 46 10 38 43 55 32 31 53 48 13 14 95 78 88 29 23 0 62 64 3 3 36 19 46 34 77 75 93 79 93 50 18 2 65 2 94 91 72 78 100 9 87 95
35 8 58 73 67 14 86 0 39 21 27 54 63 8 62 38 58 80 0 8 18 36 56 27 83 45 95 89 97 82 18 4 95 96 23 91 32 94 13 80 45 100 91 90 19 25 77 76 11 39 74 11 16 76 100 44 94 74 18 40 53 23 36 10
6 83 19 67 44 92 30 92 31 19 34 22 71 14 81 44 24 66 29 57 16 34 41 3 40 100 63 96 84 74 1 4 24 38 41 20 51 60 82 92 91 34 32 80 60 45 82 46 53 83 71 71 76 23 66 67 3 98 84 62 43 34 100 54
78 12 31 11 80 27 84 95 43 90 68 99 90 33 37 2 23 67 4 92 67 81 57 1 89 55 5 93 27 90 89 51 21 86 22 70 72 72 88 44 95 38 90 7 63 100 51 12 3 34 66 81 68 61 13 35 31 17 46 73 91 48 51 53
