39 98 28 91 73 17 80 69 47 7 56 97 60 75 91 24 13 18 51 60 71 61 76 81 64 37 41 10 19 30 13 99 69 72 53 5 92 2 54 79 60 70 76 19 52 58 21 35 84 98 58 59 61 57 87 47 13 39 56 98 26 35 14 74
89 84 82 45 87 71 88 53 60 100 57 90 33 60 88 92 75 47 23 26 44 91 88 52 98 4 51 71 97 96 79 13 57 91 25 2 74 46 75 97 89 3 68 40 85 12 67 25 33 39 6 35 2 90 65 44 14 84 53 98 29 78 61 82
54 65 47 74 94 88 95 7 15 94 75 61 97 73 17 44 54 72 30 10 73 25 16 76 56 64 16 40 98 58 3 30 37 86 95 73 46 63 50 45 81 77 57 70 70 44 24 10 0 64 38 55 1 93 75 78 9 80 56 31 14 10 88 20
15 13 77 31 58 58 32 26 7 11 34 43 73 30 51 51 47 85 16 97 56 86 50 34 46 67 77 85 70 90 43 25 57 51 29 46 11 86 70 19 17 29 6 40 20 6 14 76 67 66 6 83 60 91 5 57 20 54 7 95 0 24 30 22
52 93 93 34 67 94 64 58 18 7 39 14 98 67 80 31 38 49 67 35 20 48 66 72 52 18 74 51 67 79 97 51 0 9 41 34 34 36 27 60 65 94 23 55 55 88 2 38 71 88 75 25 73 91 90 25 80 93 40 76 26 77 77 3
60 75 24 58 50 48 23 88 52 4 86 45 84 93 91 19 81 72 32 31 21 17 64 5 39 98 21 100 84 41 38 43 84 53 30 49 48 10 48 57 19 2 77 92 75 70 85 85 46 53 84 57 1 14 48 26 78 90 63 32 35 26 1 90
20 20 95 90 0 26 17 25 56 100 31 97 42 2 56 67 82 89 74 29 97 46 91 15 89 74 29 75 86 20 4 74 3 92 24 20 18 14 62 43 44 86 50 35 69 71 58 26 36 16 11 95 16 52 100 99 48 58 93 18 43 93 70 44
32 76 74 71 88 84 55 34 74 91 19 15 94 64 93 27 31 83 75 89 88 54 57 66 15 13 22 27 29 68 100 50 82 42 37 69 33 94 18 41 30 85 14 65 37 49 29 87 19 8 59 73 20 3 48 22 26 1 55 2 47 78 56 81
31 71 20 100 22 55 64 80 16 22 74 15 11 3 76 69 32 61 66 15 76 99 41 88 51 47 17 30 68 70 39 79 61 24 63 36 50 58 8 79 85 40 29 0 38 35 100 42 73 43 29 36 42 50 42 26 82 73 73 48 4 73 62 37
0 33 47 93 84 36 64 95 31 65 69 58 46 8 38 84 23 50 53 24 55 10 63 79 15 89 87 20 30 9 6 44 37 69 15 9 70 93 60 58 73 28 61 11 6 17 18 21 9 8 24 96 80 17 15 93 34 96 79 80 59 98 56 43
15 33 48 69 76 95 77 50 55 11 71 18 19 70 74 47 81 22 29 52 17 45 34 66 14 22 25 97 40 72 72 36 68 29 38 2 65 63 15 7 94 18 74 43 44 19 97 1 68 58 13 42 0 59 97 10 31 39 55 85 73 90 6 75
99 86 78 63 30 69 78 44 0 74 31 44 100 98 22 39 97 80 49 67 76 41 46 29 95 3 61 10 7 96 71 29 23 70 95 61 71 48 73 12 69 33 62 6 19 41 96 22 89 86 45 14 78 1 68 92 48 56 30 60 30 28 34 70
45 9 33 92 50 64 17 47 32 0 40 7 75 47 48 28 34 27 60 72 32 84 42 76 59 31 34 50 4 24 76 0 46 68 95 29 70 24 16 14 34 96 56 29 83 52 66 28 29 30 61 66 71 51 84 83 47 75 65 62 93 4 35 71
71 44 46 14 29 2 68 7 60 78 39 13 51 14 12 71 84 37 22 91 15 10 51 83 1 29 32 49 36 45 20 99 80 48 0 39 92 51 35 86 49 96 41 88 43 13 90 6 23 73 64 50 7 83 52 64 32 21 72 5 16 66 11 53
79 97 48 89 8 28 53 86 68 39 87 37 40 54 38 13 2 44 30 92 71 35 80 20 78 0 50 45 2 83 54 68 19 29 39 23 15 38 11 87 0 55 9 10 32 90 27 41 71 89 12 66 89 33 40 36 20 64 13 98 55 33 46 52
56 40 16 10 18 84 44 74 63 87 94 81 2 16 62 44 87 58 45 24 11 92 25 76 54 1 2 83 46 63 54 70 54 55 26 93 57 10 86 54 67 18 67 30 36 86 46 1 55 91 38 96 16 4 98 41 83 76 72 17 31 95 18 10
99 73 84 51 48 58 9 44 80 42 35 27 26 52 50 5 0 40 62 54 91 79 22 32 57 70 42 50 39 53 91 96 96 10 86 29 16 98 59 74 66 96 31 64 7 78 17 15 48 37 59 3 12 43 49 72 98 6 0 67 54 77 91 16
56 73 39 19 2 82 95 23 52 55 3 14 51 1 34 0 58 35 3 90 5 60 37 72 84 15 54 28 11 76 61 0 13 8 2 46 87 13 79 18 75 33 92 20 12 32 68 2 76 57 76 21 2 92 34 31 40 92 39 5 8 17 47 74
99 75 86 44 94 95 23 54 63 2 37 70 57 10 77 57 35 62 63 31 15 84 95 36 56 4 17 20 83 97 2 64 7 61 19 0 14 94 23 74 58 14 53 97 61 54 16 70 75 5 8 96 80 15 50 30 57 2 19 79 21 22 57 21
21 32 22 56 11 87 87 86 2 18 21 73 17 7 55 48 42 98 42 11 0 68 28 85 17 31 22 43 81 94 6 47 60 8 36 71 27 95 4 57 71 78 85 64 35 85 81 93 7 42 72 56 76 12 11 70 99 80 28 70 32 90 2 49
91 50 90 86 28 53 66 56 69 75 5 68 62 36 47 5 44 16 91 100 96 5 20 1 78 48 82 77 54 92 24 65 95 75 99 81 43 80 66 61 73 95 44 20 73 42 29 27 69 32 92 47 6 82 35 13 51 63 94 14 82 77 92 41
95 36 99 92 28 79 40 28 3 55 12 13 81 11 98 91 22 26 56 55 60 100 69 38 53 93 97 70 39 11 89 25 73 50 8 95 46 68 8 88 9 45 6 91 43 29 7 38 48 80 76 50 22 86 21 54 84 7 5 35 28 16 29 37
81 5 94 82 21 17 23 59 49 24 14 11 38 74 50 57 8 23 65 49 2 87 45 37 59 67 50 42 92 32 35 57 77 95 64 0 17 72 31 42 49 47 12 61 49 89 40 68 25 44 100 93 44 69 59 7 25 29 79 2 18 29 52 60
18 90 99 21 57 90 22 84 31 89 23 36 97 26 69 9 64 8 68 3 98 82 44 22 70 11 92 40 3 76 50 30 86 6 16 42 57 26 43 19 79 39 7 99 15 38 33 9 13 86 66 91 27 71 84 26 67 43 57 93 59 54 88 61
20 89 61 5 55 42 56 99 1 44 78 50 77 39 51 78 66 61 31 91 27 90 56 78 1 37 47 85 13 30 70 30 4 3 34 94 33 46 94 12 52 99 43 65 47 96 100 24 0 5 46 41 11 62 35 8 54 88 98 59 99 50 63 95
52 96 18 12 73 68 66 2 99 51 89 83 99 37 66 61 97 75 97 28 78 71 38 17 10 14 18 83 48 47 74 63 65 80 39 74 85 38 24 14 78 13 34 24 30 71 47 71 83 70 50 42 73 5 65 32 39 10 20 76 20 39 51 86
10 2 21 33 86 49 82 91 80 69 9 99 27 86 48 86 87 15 97 61 3 29 33 12 30 23 76 22 77 46 43 87 33 36 16 34 25 39 88 13 12 72 3 72 39 79 80 1 18 3 83 44 87 76 79 44 91 16 46 62 38 93 64 51
79 4 54 72 30 86 53 15 97 83 97 20 93 97 24 66 87 63 25 67 5 97 23 83 21 26 14 100 69 33 98 89 90 16 75 94 25 48 14 76 31 27 30 21 93 6 4 75 45 24 34 82 99 3 97 81 27 32 93 68 3 24 82 47
86 58 7 89 74 62 29 93 40 56 31 84 57 64 88 77 88 98 38 63 6 3 2 37 25 30 90 67 71 53 37 38 66 60 2 42 98 79 50 58 8 68 42 22 72 11 90 3 19 94 21 42 4 81 37 34 80 38 29 91 59 24 32 14
17 98 45 56 78 26 72 86 73 64 62 9 48 90 8 98 50 89 73 59 89 49 10 16 66 16 23 5 42 24 0 54 63 19 79 59 4 43 42 7 66 27 76 28 31 7 9 17 79 100 26 45 66 52 32 65 70 51 95 74 55 6 28 38
21 51 27 14 11 36 23 58 51 37 10 77 46 30 23 75 7 60 0 77 47 92 92 50 79 82 28 28 51 5 18 63 7 62 12 62 86 85 50 88 43 46 93 99 97 11 30 92 34 17 86 33 48 73 66 79 97 68 30 2 54 58 3 42
3 68 0 12 99 24 100 70 78 83 96 78 31 40 97 42 70 100 28 25 5 23 73 46 36 18 57 33 90 87 25 54 55 69 0 50 47 83 92 34 21 26 86 49 27 50 100 62 55 21 77 31 81 48 32 21 95 39 80 60 2 31 0 36
48 84 33 47 83 93 42 93 73 68 93 73 85 4 30 32 20 7 69 31 96 90 46 4 62 74 17 58 60 35 93 25 63 59 57 98 46 33 1 28 18 11 12 68 64 17 15 69 34 18 32 17 14 5 59 48 32 25 11 2 46 17 56 54
33 3 48 20 26 97 25 76 77 28 39 31 94 65 34 53 65 57 24 3 22 9 95 18 100 78 33 78 36 34 62 16 13 0 84 14 62 33 89 98 61 56 18 55 5 32 2 95 94 46 40 76 27 24 49 21 29 20 31 100 54 18 34 91
63 77 87 94 59 19 98 16 3 6 75 65 64 4 93 80 79 53 72 11 17 75 87 3 47 54 10 52 28 50 24 38 28 51 12 92 92 54 18 81 56 25 53 18 47 81 25 81 37 90 35 38 4 20 57 42 99 22 21 22 52 71 99 88
38 69 57 63 53 6 0 14 25 68 69 58 6 17 18 78 7 84 70 27 97 27 93 21 74 63 83 34 38 22 70 26 79 56 36 74 10 0 51 7 52 46 9 96 33 60 20 52 34 99 86 94 59 89 47 93 16 80 38 7 25 68 67 50
38 52 37 64 28 95 95 85 84 98 5 81 39 13 29 18 28 27 51 30 28 36 58 20 41 1 23 31 0 73 55 17 91 34 92 28 82 36 70 80 30 58 58 2 46 100 57 60 56 89 8 83 90 45 80 82 78 75 64 91 41 64 57 56
69 56 51 0 77 61 96 64 16 62 66 70 51 44 89 46 0 15 20 61 36 61 37 11 38 56 47 4 51 84 63 18 95 31 39 97 66 60 9 71 78 10 5 70 45 22 84 78 81 33 64 86 60 84 58 77 21 50 26 85 32 19 99 16
68 14 18 23 20 99 81 11 18 56 58 27 92 11 3 46 14 62 28 8 24 76 51 59 42 86 68 75 26 29 58 4 84 52 38 78 84 83 63 52 92 35 73 43 38 86 11 63 76 21 56 32 68 30 67 96 65 52 99 73 33 50 94 39
67 30 76 14 10 84 14 23 58 16 19 46 16 55 42 97 21 79 50 12 25 54 4 3 48 28 53 7 14 94 96 100 16 95 7 3 6 56 28 46 77 25 7 70 39 88 4 76 16 37 10 78 76 21 99 56 11 28 32 93 86 22 76 72
81 36 52 54 39 2 67 25 81 48 29 96 25 6 17 81 99 11 80 41 10 6 91 41 42 34 26 33 96 56 93 27 89 7 42 34 71 56 100 3 67 54 77 44 15 29 15 53 62 93 95 29 64 9 76 82 10 27 45 85 22 22 59 77
83 13 66 13 30 3 20 2 49 61 28 66 58 90 56 97 100 11 88 71 22 46 96 60 45 91 45 86 20 64 53 8 24 33 67 81 14 2 60 69 29 80 65 85 38 35 29 7 14 59 13 99 74 52 25 6 38 50 2 58 89 65 9 100
15 3 87 41 21 71 45 34 92 41 14 68 21 33 97 15 32 93 2 78 31 83 86 68 41 97 50 1 28 63 88 23 90 83 0 23 13 63 60 45 11 35 19 60 75 31 7 24 47 85 37 19 52 2 23 61 40 60 89 23 44 48 80 55
82 3 85 73 46 95 85 82 27 2 75 26 62 47 41 4 62 10 50 45 52 0 58 15 68 44 92 10 74 51 97 1 3 34 55 47 66 82 60 41 62 93 21 78 87 19 24 76 81 44 54 82 4 90 85 93 72 16 68 46 98 77 31 44
1 33 1 1 31 62 45 5 33 49 72 97 76 89 74 43 39 6 52 61 91 36 16 72 94 14 33 87 69 31 98 27 41 18 56 44 9 34 25 51 87 67 93 70 79 1 56 97 31 74 84 95 56 80 17 38 21 8 12 86 98 0 47 30
58 84 58 7 94 74 6 0 81 3 56 75 37 19 94 57 47 76 16 79 36 41 2 33 96 29 22 57 86 47 93 82 20 70 23 66 61 75 80 88 95 27 45 58 76 5 65 87 66 64 7 76 27 83 69 57 92 1 42 38 47 57 44 33
68 23 39 69 56 24 53 98 92 87 31 69 21 26 80 50 89 20 82 32 58 73 90 47 84 43 80 93 52 48 53 100 57 98 70 43 11 44 60 47 0 56 68 22 87 27 78 68 68 82 34 63 73 27 32 56 16 84 37 31 12 57 100 91
79 42 81 83 94 31 38 50 89 33 90 19 13 23 47 25 12 34 94 13 86 13 60 33 29 39 23 79 69 48 26 89 0 13 5 52 19 95 81 86 87 6 66 89 70 68 52 71 79 18 80 86 76 13 3 73 90 70 96 71 16 43 44 37
90 33 10 93 67 64 97 48 3 15 93 56 55 25 92 35 11 46 71 6 88 73 21 33 40 35 40 18 93 3 81 12 43 60 87 86 55 85 70 3 91 46 62 74 47 0 99 76 7 56 50 95 71 44 5 86 26 27 24 30 72 97 43 44
31 88 82 87 17 61 62 61 38 48 50 3 32 0 29 45 79 16 23 74 65 89 99 44 2 69 52 49 100 88 56 52 73 86 95 41 9 19 90 79 81 29 82 27 10 86 35 11 28 98 8 80 18 25 30 43 16 95 88 76 20 75 71 56
1 98 65 82 49 8 31 98 65 59 96 17 71 56 23 4 11 61 4 80 50 53 28 46 10 51 49 69 16 55 59 42 90 53 42 34 22 96 51 59 99 95 43 27 61 56 96 18 72 19 100 90 15 46 80 57 65 28 10 70 12 69 7 42
30 63 32 69 11 68 89 98 66 78 74 78 45 81 44 100 82 38 16 64 17 57 9 27 91 68 66 32 9 67 0 52 16 36 2 71 73 24 19 13 81 51 23 34 65 12 62 97 71 18 3 95 51 95 95 51 29 2 7 86 71 27 31 14
2 47 63 47 95 41 29 79 13 54 63 39 18 10 77 95 2 19 71 39 94 36 42 28 43 13 29 29 91 100 70 98 34 11 63 84 30 28 13 9 51 60 66 75 74 65 92 81 37 84 84 23 31 93 69 72 41 6 10 24 14 92 30 2
100 97 45 51 95 56 99 79 34 35 22 8 40 85 95 81 75 55 53 52 60 99 63 8 90 16 59 94 88 89 25 10 4 66 37 16 89 80 22 84 96 3 97 44 64 40 1 78 21 52 82 79 25 24 0 52 99 27 74 46 74 9 82 15
8 19 37 38 29 34 63 80 68 98 27 79 98 34 60 28 66 69 98 65 74 50 67 80 28 51 25 37 10 29 50 35 88 9 72 7 68 13 96 65 1 50 78 38 41 38 40 89 42 1 50 20 33 22 30 37 34 62 89 34 100 16 44 37
49 49 80 99 84 34 69 71 48 38 61 21 34 18 38 82 79 71 28 68 50 45 27 24 97 47 36 39 33 24 29 45 49 67 71 65 35 84 6 97 18 39 13 9 27 63 95 63 63 29 69 32 82 47 64 68 91 88 6 84 91 64 18 67
26 43 6 88 10 7 61 59 78 28 7 70 19 96 13 71 83 34 58 41 76 24 31 76 80 86 76 60 71 5 82 23 65 72 90 94 51 25 57 9 79 65 16 10 86 22 43 4 34 15 89 56 14 20 32 19 41 55 64 76 91 58 61 38
49 98 44 94 92 15 26 9 63 86 56 100 42 76 30 83 27 60 78 84 5 48 53 87 53 57 11 54 55 39 29 64 44 77 75 57 14 96 27 28 40 46 66 38 57 12 43 73 59 62 70 44 70 89 97 72 78 6 96 18 31 98 93 3
98 56 72 15 88 4 26 42 0 11 77 94 3 46 88 25 22 33 71 95 51 55 6 96 77 10 48 30 21 21 41 99 10 96 39 55 86 15 28 58 95 89 86 27 63 33 4 45 47 3 3 38 83 9 94 99 87 55 41 72 8 65 62 72
18 15 67 12 86 44 29 24 29 46 79 2 62 36 23 80 8 44 20 86 71 42 63 39 55 92 82 13 0 68 50 86 80 28 56 98 51 66 36 79 24 39 93 38 32 90 93 63 33 59 5 7 15 98 93 17 14 90 72 35 82 83 70 12
81 49 54 4 97 84 90 13 7 88 31 28 37 91 35 85 13 23 39 73 5 74 60 9 44 42 8 92 95 99 87 19 97 93 47 2 30 9 95 79 25 32 21 42 51 23 85 45 12 64 85 77 47 93 83 31 100 62 17 96 30 16 50 36
23 92 30 31 85 1 94 33 6 68 9 67 42 61 11 3 44 79 28 47 47 13 0 12 32 58 26 22 81 40 74 33 87 62 62 87 87 71 35 31 85 97 52 20 39 63 90 50 45 71 17 51 48 87 85 94 16 46 41 59 35 20 43 23
24 85 65 41 19 19 95 1 38 19 29 45 3 86 98 25 24 86 87 46 63 12 78 73 28 0 26 2 72 58 80 95 80 43 48 15 90 76 89 16 86 15 60 0 84 7 20 42 38 64 74 57 54 79 59 36 94 45 51 82 21 20 99 82
31 43 43 66 85 66 39 91 72 99 9 45 77 67 85 83 36 1 93 71 81 29 55 48 60 76 12 20 68 81 62 91 12 8 50 5 38 45 64 8 1 17 21 42 33 65 99 68 2 10 2 52 61 87 28 15 41 31 58 25 52 75 25 29
