55 58 3 94 32 50 96 36 43 73 93 5 89 60 13 69 68 21 17 13 97 39 18 41 56 83 24 99 23 5 87 1 35 26 94 67 67 85 43 80 88 7 72 27 19 18 27 22 91 4 44 65 44 29 48 8 53 50 5 6 88 16 79 27
49 49 9 40 24 20 4 17 42 55 73 86 26 96 89 25 68 70 21 80 34 30 23 52 74 83 60 73 12 30 14 77 91 25 0 52 7 50 65 66 13 55 84 43 73 39 20 72 30 50 19 37 7 99 38 2 32 62 39 57 69 11 21 10
83 82 13 92 22 59 27 91 41 56 48 7 100 35 51 7 19 22 64 24 23 74 86 31 33 23 57 63 34 57 73 92 100 38 74 89 96 60 55 3 37 15 20 96 39 68 37 45 57 70 48 64 2 58 90 15 14 69 10 17 38 68 30 56
98 4 59 51 3 20 87 95 41 8 32 62 14 62 41 98 42 10 10 55 16 11 91 78 64 31 59 87 30 55 74 85 61 97 77 36 91 44 25 2 47 44 39 70 74 22 91 54 95 3 65 38 81 30 35 79 94 40 92 84 100 100 38 1
86 26 11 64 28 55 33 60 36 87 11 88 83 45 33 43 59 76 36 94 63 12 7 44 53 56 89 68 80 93 30 24 11 4 6 2 68 62 4 35 13 90 15 96 22 1 38 50 80 6 72 33 22 39 10 84 31 71 29 38 21 88 90 38
65 55 11 65 37 92 11 88 28 26 26 57 37 2 53 75 15 25 34 99 45 39 27 79 2 100 62 58 63 63 29 38 80 8 34 33 59 46 88 46 17 7 4 94 58 81 15 81 88 33 98 47 58 39 36 18 58 46 28 29 81 37 21 17
24 1 56 2 14 46 27 45 8 27 41 58 15 73 17 58 28 45 57 9 86 98 7 54 44 66 44 11 10 26 63 57 10 95 92 51 96 10 15 43 75 26 60 17 78 75 91 33 99 12 47 9 16 28 48 23 30 89 98 9 29 49 47 100
80 65 35 66 5 52 7 96 18 88 53 96 32 1 8 34 48 8 38 15 37 60 27 26 75 81 77 19 22 49 56 22 68 76 92 56 41 74 77 88 75 79 48 56 48 90 80 2 38 87 40 17 92 32 58 81 89 70 48 68 11 90 21 57
37 91 27 56 63 87 8 45 75 29 41 20 43 26 94 53 63 7 17 49 62 27 17 82 62 96 23 7 98 70 76 81 39 2 2 88 46 18 66 76 60 87 18 20 16 2 49 56 22 2 45 22 42 32 99 56 28 43 21 51 23 81 71 25
31 37 24 38 48 88 61 88 24 76 54 19 32 14 46 30 9 6 47 42 45 35 60 75 24 49 78 49 33 82 81 77 27 2 49 40 30 64 38 38 81 4 61 32 49 61 49 88 22 30 0 78 48 61 74 69 74 3 44 13 45 85 47 66
36 82 75 88 58 25 29 66 45 32 83 23 29 60 21 96 56 94 63 34 26 3 9 65 19 90 56 46 45 18 11 26 68 42 5 36 91 40 17 8 86 60 35 94 56 14 98 23 54 76 63 51 84 23 49 56 33 8 33 54 78 80 40 65
26 11 89 28 12 72 42 39 18 12 28 14 8 11 91 0 38 51 13 8 29 21 70 0 80 56 93 96 10 54 53 65 38 48 12 100 95 83 38 70 69 9 40 55 71 30 34 65 27 80 52 50 28 2 53 15 88 12 33 49 34 27 8 76
67 37 38 62 62 56 99 24 84 98 26 53 62 83 0 20 83 19 43 89 36 51 2 2 45 49 18 83 6 68 84 69 25 85 15 11 79 52 62 78 71 98 57 76 70 4 52 82 21 15 42 18 60 63 18 27 67 46 9 75 55 63 50 40
22 3 74 94 59 47 49 44 91 88 59 99 13 30 25 73 34 90 7 22 6 56 83 40 86 31 63 1 2 31 13 51 87 26 74 25 88 45 5 89 43 64 76 70 31 68 99 99 79 36 24 80 74 8 97 48 85 98 34 85 46 82 14 10
2 54 74 72 55 64 54 90 39 71 71 90 3 82 76 74 28 48 36 29 38 63 29 59 14 75 23 29 52 89 52 70 29 53 45 47 20 1 81 94 69 80 16 83 100 77 63 4 70 55 53 80 68 38 23 76 30 38 93 55 84 46 83 89
52 94 12 33 12 6 43 17 14 62 27 13 94 59 31 6 28 86 1 33 96 36 75 37 64 48 52 28 69 64 32 39 23 37 72 32 93 62 65 42 4 13 6 59 70 32 91 26 34 47 53 20 44 18 73 100 93 60 57 10 69 88 9 96
75 99 63 62 55 45 96 27 41 17 77 33 64 64 1 90 20 60 65 92 23 53 76 3 10 89 3 42 27 19 56 53 72 90 25 49 94 58 92 80 58 79 88 64 29 94 54 89 93 42 52 13 69 88 14 81 96 82 75 15 76 98 44 66
50 66 10 44 35 75 82 40 36 96 69 80 1 14 14 100 67 52 24 84 58 1 6 43 39 91 41 10 28 12 76 82 63 64 4 91 70 23 72 27 10 48 72 34 61 48 51 67 44 9 37 63 65 47 85 17 9 3 22 90 95 77 51 63
67 73 7 18 24 18 59 67 20 86 20 25 50 44 85 89 85 14 84 84 94 34 47 92 84 74 34 16 85 7 85 43 27 21 28 57 93 95 41 41 7 24 70 55 33 32 91 34 23 37 34 9 56 46 86 40 70 26 85 44 30 82 27 59
22 41 70 76 6 27 60 97 43 16 25 58 76 60 54 27 13 44 46 70 11 52 29 29 3 50 45 85 66 84 47 52 41 45 88 81 99 79 54 100 71 99 97 59 23 59 45 30 15 31 54 56 37 95 11 100 33 63 51 83 94 54 1 62
8 81 80 27 80 8 13 83 14 73 39 8 40 56 16 30 11 49 0 13 54 39 42 29 47 5 49 43 70 27 11 40 0 60 51 64 37 2 86 48 1 72 78 46 19 56 16 20 66 13 17 64 39 94 68 41 54 70 80 22 16 13 26 87
96 3 71 57 35 2 76 17 85 84 33 70 14 89 65 53 76 68 100 33 9 29 22 25 42 91 33 8 82 90 52 87 44 31 71 84 91 91 9 41 10 33 79 39 65 73 70 54 40 35 83 99 83 66 10 74 53 40 12 39 28 11 72 96
36 89 8 100 8 97 3 30 89 58 29 81 98 73 42 7 50 52 63 76 43 63 85 19 40 13 65 97 99 31 0 59 67 31 70 43 15 6 83 69 38 99 91 93 42 71 55 39 21 91 95 35 22 5 76 0 75 56 55 12 51 35 64 13
25 5 62 84 72 87 36 51 40 22 7 91 89 5 67 67 98 72 34 82 85 99 24 27 61 16 80 89 68 93 71 57 4 90 61 3 69 77 44 76 98 99 9 51 97 13 53 48 20 53 55 62 22 19 47 67 11 100 79 17 63 13 24 30
92 99 0 92 42 2 16 89 31 36 57 91 14 84 34 66 30 50 75 47 54 18 98 2 54 85 97 61 66 61 76 38 93 43 91 6 3 82 73 80 52 38 75 48 79 74 15 77 85 32 25 100 46 100 67 75 7 81 42 18 42 37 31 87
78 63 13 47 85 60 26 41 42 53 97 36 89 75 60 93 91 14 33 13 61 96 76 36 20 5 55 0 18 87 98 46 30 3 4 28 43 32 77 3 36 75 27 55 8 38 95 100 98 95 44 84 19 47 76 49 34 37 82 81 43 79 39 2
11 76 91 31 4 31 18 65 17 14 14 89 23 82 27 37 67 15 20 40 78 46 39 61 62 26 81 87 26 0 89 48 64 54 6 22 98 4 4 74 14 13 69 53 40 32 96 82 69 76 84 8 1 89 53 32 77 81 85 77 66 69 91 10
34 22 98 52 71 83 42 63 38 59 0 24 2 69 88 64 61 98 0 44 29 46 51 2 21 2 42 51 7 49 67 53 97 69 78 18 89 74 76 9 62 47 2 66 12 44 64 14 83 78 14 54 28 24 34 38 92 9 94 84 42 95 54 62
59 13 66 42 54 92 91 72 72 10 7 58 44 41 19 81 48 97 14 27 10 35 67 63 11 67 28 48 70 25 57 29 86 62 48 82 73 64 14 99 27 65 38 56 21 0 83 43 39 69 13 15 74 91 67 61 46 39 98 74 51 25 48 86
49 25 85 13 2 6 70 1 25 21 60 99 24 20 80 95 34 31 50 27 62 13 62 62 73 93 90 98 3 88 71 70 7 92 3 64 26 93 94 5 37 72 56 1 59 30 75 56 83 30 79 77 1 94 49 43 92 0 18 97 32 32 98 74
87 35 47 2 64 77 68 1 56 20 73 31 56 71 11 26 98 48 88 66 37 0 49 100 89 52 39 67 3 44 67 33 38 17 4 80 49 11 20 66 79 19 25 75 4 36 57 27 0 68 50 29 18 84 31 40 50 52 20 12 14 93 15 21
9 10 89 9 40 60 43 89 69 76 40 16 66 33 16 55 58 66 55 48 58 13 64 81 87 27 68 5 45 21 48 19 96 25 6 7 31 65 35 5 81 72 16 75 77 3 86 55 96 84 47 24 2 45 40 1 75 92 43 32 72 63 64 30
94 59 80 62 65 45 39 63 6 85 34 88 52 61 7 12 39 100 13 24 4 37 97 29 44 48 99 71 59 93 7 64 76 41 40 14 9 81 69 91 48 56 73 84 9 51 31 56 33 0 36 8 9 17 98 18 53 90 33 30 12 33 23 36
68 74 89 38 39 30 56 13 3 57 17 6 41 35 68 12 21 92 71 44 51 27 91 27 69 25 18 46 20 35 66 65 77 66 68 40 81 41 99 95 93 73 3 20 54 97 3 50 3 46 17 63 86 32 57 57 44 50 57 34 45 77 76 56
55 63 18 43 26 39 18 91 23 19 86 72 39 62 20 63 20 52 84 67 3 30 98 15 89 2 85 16 40 40 11 54 85 70 86 5 78 64 26 99 56 2 41 74 38 21 49 43 14 33 44 84 51 95 12 86 9 62 81 57 51 31 85 36
65 7 18 15 67 11 63 93 94 52 0 95 68 60 32 6 55 70 86 99 23 26 90 13 17 73 75 41 8 21 49 48 82 85 37 50 64 21 9 42 18 98 83 14 17 87 20 26 37 60 58 77 71 24 14 63 93 73 71 0 39 60 61 83
52 15 78 90 97 34 51 20 31 12 47 22 61 77 74 23 10 10 4 51 78 42 26 69 56 48 67 45 32 74 22 68 15 12 56 19 61 32 94 37 71 37 63 41 50 77 25 5 85 71 27 48 51 60 25 80 100 92 55 41 97 12 31 57
62 60 48 87 76 86 79 49 25 11 51 95 87 61 34 19 92 0 77 98 16 76 91 66 83 56 84 0 29 67 17 67 19 29 98 20 26 40 24 72 76 37 49 3 37 73 16 90 70 75 31 21 60 16 94 94 64 12 5 10 93 11 85 23
33 79 90 61 53 16 8 96 12 27 50 91 32 63 3 41 98 51 11 47 71 24 40 88 96 30 85 42 84 18 31 9 73 18 0 61 96 83 32 7 58 54 95 77 9 77 49 34 5 55 44 12 4 40 87 94 79 36 18 4 85 90 53 30
33 69 8 99 17 42 88 47 73 2 33 30 70 26 31 18 26 20 93 50 44 25 50 72 94 57 92 35 19 35 92 78 34 20 6 17 81 87 31 34 15 45 17 59 48 30 96 43 78 74 43 56 42 48 83 81 80 76 45 11 71 28 85 76
74 70 55 55 8 71 68 40 96 67 58 70 60 96 97 66 74 53 91 94 0 36 55 62 33 10 35 96 79 45 79 33 82 12 29 29 25 21 43 48 19 91 38 30 28 96 17 0 58 97 73 0 68 66 89 84 86 27 20 1 73 47 34 34
96 67 75 42 87 21 76 38 88 87 71 93 33 64 50 33 80 99 77 85 35 56 76 14 23 21 29 87 76 13 26 8 2 16 27 14 89 78 90 22 51 71 6 34 20 54 92 24 0 10 66 91 44 53 11 24 70 94 18 44 12 87 15 39
37 96 28 1 94 94 76 66 89 72 49 15 45 37 62 29 9 96 96 97 9 58 76 56 36 27 97 17 55 94 94 15 45 56 59 44 13 76 64 70 48 1 59 57 13 4 73 4 33 39 32 71 6 53 31 45 57 1 88 42 76 88 51 27
68 1 21 20 1 36 99 31 32 75 64 32 11 84 21 90 58 76 54 70 11 95 38 83 48 24 99 18 34 29 50 60 28 83 71 81 33 17 34 34 88 29 26 21 73 12 100 14 39 4 23 87 39 73 20 64 68 48 60 1 72 89 7 76
40 86 40 83 31 5 52 47 39 85 76 4 71 61 29 82 5 27 41 77 37 75 39 4 71 34 76 66 9 51 96 28 75 17 37 66 52 82 73 30 90 51 7 50 9 89 7 70 65 95 3 73 4 48 29 82 35 30 73 16 49 51 85 57
69 15 38 68 46 49 26 2 70 35 11 84 7 10 85 56 79 22 44 3 34 29 73 81 7 70 94 35 16 66 99 18 72 89 92 8 69 68 7 88 47 60 63 45 53 26 85 81 83 9 74 71 93 40 63 55 35 43 58 52 1 12 11 61
8 22 14 57 51 42 62 97 94 52 79 24 70 99 90 68 57 26 47 32 2 94 11 61 34 59 67 75 81 1 63 80 53 99 94 24 77 98 28 43 8 13 70 96 76 93 33 98 87 75 84 71 42 16 45 17 85 22 79 17 0 93 49 2
8 31 89 8 46 58 3 67 95 84 95 20 2 67 91 82 41 10 24 74 49 94 13 31 2 55 20 12 71 45 87 92 75 6 70 70 31 44 64 95 31 97 67 82 12 19 80 80 69 77 6 36 3 96 46 74 25 99 40 28 24 29 32 21
77 5 24 19 34 60 83 2 60 23 78 32 47 53 30 3 17 73 31 63 12 52 95 70 11 8 67 76 24 74 39 89 21 7 29 4 75 18 34 50 77 41 92 27 1 73 50 28 64 89 36 2 9 85 95 68 64 87 75 32 67 36 97 79
19 60 59 13 89 45 24 88 63 58 99 79 32 59 3 72 76 41 43 13 63 15 96 83 89 68 48 15 88 76 43 21 92 8 96 72 47 50 76 29 83 0 6 21 54 33 27 33 12 56 14 89 22 1 61 60 12 53 64 88 16 18 98 72
49 23 8 90 19 91 43 70 38 12 20 77 83 85 1 7 22 42 61 92 76 79 30 72 76 97 99 49 60 27 100 61 19 17 33 8 64 24 81 97 41 26 59 55 48 79 82 91 52 8 78 4 51 62 48 81 45 32 50 36 90 86 23 13
49 31 13 91 90 20 2 15 15 78 99 17 99 87 8 24 47 81 73 59 88 64 32 89 68 23 65 94 10 35 83 17 16 36 95 80 80 6 1 8 49 22 53 90 9 10 77 69 33 93 95 49 89 57 92 22 51 30 0 67 86 15 64 29
24 45 62 70 24 92 25 64 10 69 5 58 79 90 95 54 88 5 38 91 46 96 64 82 10 46 94 25 80 96 21 25 3 3 69 75 8 100 44 3 12 37 91 16 94 32 48 74 27 36 0 33 41 18 2 44 46 33 38 41 68 79 37 88
54 90 14 44 47 80 5 30 42 43 14 8 50 64 5 43 14 24 34 73 20 99 75 7 89 95 29 68 78 19 73 5 42 65 8 82 75 22 88 62 74 38 100 4 83 11 94 30 20 29 88 31 83 83 48 14 5 30 55 73 43 94 15 14
26 91 18 38 45 22 34 47 6 5 36 14 41 53 35 35 38 97 88 37 68 80 22 23 76 18 50 34 64 75 22 9 45 5 29 74 55 12 25 77 32 82 87 41 80 81 34 65 79 36 22 55 32 70 82 96 94 64 28 97 59 97 28 38
0 30 40 95 15 81 93 13 45 72 94 57 93 66 91 42 89 28 10 2 22 20 89 15 5 6 89 59 69 26 74 61 93 67 20 35 6 54 72 73 58 78 50 0 28 23 91 43 23 0 11 80 64 34 71 40 11 39 52 41 91 48 72 25
31 97 3 0 46 100 100 89 65 99 71 52 52 26 59 78 100 78 43 3 86 3 46 77 68 49 47 31 89 67 63 49 94 30 91 94 55 31 17 82 97 6 17 68 87 80 59 27 74 67 8 40 98 25 76 59 47 94 96 41 98 19 2 72
16 28 72 8 85 58 84 58 63 93 1 64 66 44 51 51 67 75 5 71 95 87 56 14 37 43 69 73 51 35 71 89 83 47 35 65 83 43 88 19 27 96 38 54 99 19 35 99 47 3 1 46 54 86 99 62 37 88 58 27 92 79 21 87
66 45 28 52 97 42 83 73 59 22 42 62 20 14 48 12 93 3 98 84 60 86 23 47 47 77 69 55 37 66 49 94 35 12 29 69 65 39 80 79 88 61 42 39 48 70 11 3 14 11 58 86 74 1 76 53 98 56 77 93 73 35 90 35
97 40 49 83 90 77 30 6 69 82 4 46 89 8 36 27 88 7 60 32 56 25 43 98 0 8 93 96 22 92 15 25 78 40 73 53 99 44 69 51 85 31 13 71 18 67 82 21 49 59 5 60 14 12 74 43 42 85 98 95 52 37 93 44
61 31 65 100 51 20 42 70 92 80 82 17 54 88 31 46 67 54 27 16 73 43 100 39 32 76 58 53 50 73 0 13 90 17 76 66 32 84 1 71 99 0 97 91 26 99 55 94 70 45 90 4 14 78 75 33 92 45 31 8 2 29 42 89
21 67 18 38 58 77 51 57 96 59 60 94 38 78 31 92 31 26 39 63 23 86 71 35 67 58 31 14 23 88 23 84 92 75 82 94 75 63 15 91 79 76 59 82 99 78 79 78 0 48 1 7 18 72 46 49 43 18 76 41 66 75 90 15
89 63 74 19 30 7 39 44 26 34 34 59 10 67 90 41 21 67 10 73 79 35 7 37 97 27 95 2 62 77 90 73 70 8 2 11 5 62 11 6 99 47 44 43 93 32 99 92 35 36 26 16 22 2 79 33 98 15 92 40 16 93 7 15
57 23 24 81 88 26 66 78 68 90 100 63 96 95 55 71 10 23 22 21 90 53 87 40 92 67 95 78 81 13 15 27 79 42 63 84 71 78 98 47 64 10 49 94 49 26 2 51 46 73 15 66 39 52 40 31 41 51 66 89 24 62 61 26
