74 47 65 79 58 48 28 15 61 82 43 84 75 14 82 61 30 95 80 20 8 98 99 2 2 37 96 96 23 89 13 41 99 13 14 100 38 13 19 83 88 82 17 9 66 84 20 13 75 86 30 44 19 91 38 9 8 28 50 6 94 39 20 57
85 83 22 84 91 78 78 57 34 16 54 55 71 52 44 62 3 39 97 39 15 78 88 35 99 86 92 69 39 70 54 30 71 40 97 68 6 21 43 7 27 68 79 91 28 15 52 18 78 77 60 0 84 95 19 77 14 77 9 86 46 59 57 12
22 76 35 18 90 9 71 73 21 85 90 28 33 61 26 94 96 58 85 12 53 59 24 16 68 70 27 80 51 28 100 67 15 63 32 100 23 20 29 27 81 23 24 45 31 68 41 23 88 74 43 65 93 20 90 31 99 90 91 38 46 29 100 43
93 63 67 24 93 68 55 58 89 84 11 8 89 74 6 64 90 66 5 59 39 29 17 3 52 98 30 48 15 96 3 94 94 79 8 27 15 6 59 95 70 64 88 62 71 78 74 42 33 11 74 84 5 26 52 5 22 41 16 88 45 88 32 88
57 13 96 52 57 22 20 95 100 31 39 82 28 84 48 11 48 39 54 5 47 24 97 24 49 16 94 78 93 91 73 100 65 67 67 95 83 20 63 34 36 43 72 84 95 60 92 60 18 89 30 62 50 97 59 40 85 44 69 52 97 47 36 3
23 48 39 62 99 29 93 90 3 65 4 13 90 57 69 90 78 84 48 13 6 23 60 64 79 55 50 86 10 73 68 99 56 13 98 16 34 24 17 37 21 32 56 53 66 74 14 16 32 51 0 15 39 65 38 91 67 53 4 7 19 74 20 13
96 25 69 76 39 78 85 95 64 67 61 99 99 31 42 8 51 33 26 29 64 74 48 61 41 28 1 15 38 85 16 36 58 48 73 93 59 66 12 86 94 16 45 68 50 51 12 74 18 3 68 51 45 95 18 65 99 69 73 96 62 32 28 100
49 79 22 57 24 52 69 55 60 76 21 4 72 30 44 62 55 39 15 0 74 1 10 16 100 69 86 51 31 61 96 49 79 59 68 16 19 44 74 61 73 31 22 84 93 49 42 75 1 70 50 10 99 58 68 8 97 61 83 0 86 49 54 0
60 18 30 13 96 54 18 21 99 93 50 43 71 52 41 89 31 15 21 70 8 48 96 37 91 45 19 50 28 85 31 88 58 42 38 77 1 95 8 12 46 70 22 85 29 92 2 64 36 64 42 64 45 67 68 37 13 83 72 7 11 3 60 58
71 19 48 28 54 20 27 77 35 48 49 67 59 73 53 84 3 77 7 7 25 38 99 61 97 43 45 64 40 13 58 97 66 96 88 12 26 66 11 90 78 73 29 68 41 38 17 96 58 61 69 69 62 1 40 95 53 51 54 59 54 81 85 62
67 5 65 75 14 29 63 67 97 93 40 82 3 43 20 4 73 73 99 60 31 62 6 85 29 65 98 65 34 16 72 50 71 64 71 64 49 88 96 62 3 17 99 98 17 43 83 6 10 55 39 46 1 27 100 72 76 42 41 3 49 7 35 11
53 21 50 5 56 96 80 43 59 4 62 31 47 43 57 40 60 37 16 94 73 92 92 70 54 34 63 11 2 89 10 18 93 0 37 14 22 2 77 58 24 21 77 72 27 43 25 43 77 41 94 94 87 100 1 49 28 84 5 98 7 24 85 84
57 33 85 11 55 66 49 74 51 70 33 66 31 64 97 97 48 6 34 32 75 85 5 92 64 6 93 91 34 1 84 48 79 75 20 93 7 13 29 76 17 21 35 30 30 95 36 74 30 30 66 76 71 1 5 32 66 7 15 38 23 69 48 72
49 55 83 25 91 29 50 43 14 46 7 33 47 81 98 12 45 90 19 50 12 84 95 94 78 21 86 5 30 69 38 87 78 79 66 56 94 64 14 42 17 23 77 69 2 81 14 44 12 79 78 85 54 36 80 77 32 88 22 83 10 1 90 3
62 23 14 5 59 60 28 40 21 12 79 33 11 85 35 34 43 64 48 19 10 97 74 15 5 41 14 62 94 12 38 7 31 82 99 49 58 75 18 31 43 29 51 96 24 37 11 34 100 15 62 22 54 42 10 76 28 11 73 95 34 38 21 35
96 11 39 50 59 15 67 11 93 92 92 65 33 0 63 11 60 97 94 58 93 50 92 36 59 73 93 77 95 9 49 81 100 61 8 8 62 71 3 78 88 41 7 65 64 69 99 95 100 95 68 32 78 69 90 66 82 64 13 85 91 53 60 14
56 94 47 31 95 57 18 98 58 53 95 25 70 38 51 58 19 31 22 32 26 61 55 51 0 28 85 77 8 49 35 27 73 33 97 59 3 64 91 79 69 35 2 49 42 92 91 60 65 35 63 72 6 77 11 29 63 88 23 5 21 40 6 60
6 0 42 28 76 70 39 2 60 77 67 72 50 65 28 58 78 83 3 13 98 92 13 29 72 70 52 62 1 19 54 25 2 6 42 44 92 70 63 92 39 51 97 22 69 4 62 98 10 60 97 65 85 99 36 56 67 14 63 39 13 87 89 75
58 36 30 44 3 66 32 14 100 9 90 44 9 34 10 85 80 42 19 64 67 13 27 77 90 12 86 86 50 55 41 24 7 56 4 39 83 4 65 50 12 83 43 83 25 81 92 72 75 17 81 84 55 90 79 58 87 72 93 46 97 59 90 5
71 49 25 53 54 15 61 92 51 82 19 39 28 75 21 87 41 96 56 14 93 49 5 40 97 86 1 31 74 42 26 31 17 65 69 94 71 51 87 13 24 46 8 51 12 84 59 40 52 32 69 18 95 65 82 83 75 7 78 1 95 58 73 79
25 36 16 70 45 41 83 71 32 11 81 47 55 74 4 17 89 70 1 0 43 10 30 91 69 89 51 82 9 74 94 39 93 48 67 96 10 7 52 33 11 94 73 80 90 15 74 7 8 87 91 13 4 5 58 11 100 69 80 25 100 18 28 6
11 99 92 80 9 61 76 26 62 69 19 49 58 13 62 18 22 40 84 87 99 95 1 10 53 37 38 75 59 76 48 68 24 77 39 67 55 65 14 85 24 63 99 32 2 12 21 33 93 82 11 18 26 49 16 86 55 15 16 71 80 19 45 69
79 85 53 28 40 1 90 34 18 34 14 66 33 34 17 17 6 27 86 54 14 41 15 89 53 68 13 25 9 52 67 40 32 18 2 9 59 13 61 15 88 37 56 7 40 44 7 1 38 1 18 38 18 39 12 26 6 48 72 41 36 63 48 78
13 39 28 26 45 20 52 54 45 78 10 74 73 95 67 38 52 48 1 8 7 42 91 64 23 96 38 64 74 86 6 74 83 75 1 47 9 32 31 95 92 16 0 40 76 94 25 84 92 62 30 39 15 68 64 76 78 5 3 86 90 38 14 37
35 31 32 60 15 8 77 33 93 99 85 70 86 82 61 79 84 34 64 18 32 47 0 67 2 77 64 71 86 1 44 70 5 79 22 61 36 47 99 83 41 58 16 72 12 36 9 20 59 53 29 80 62 76 85 1 50 43 68 5 92 44 57 93
55 78 63 19 24 93 15 75 41 91 27 67 89 16 78 1 80 69 23 69 23 29 52 81 86 45 10 72 89 20 31 95 58 45 59 10 95 100 8 58 66 66 44 2 5 39 93 3 58 6 94 64 20 45 14 86 99 45 82 39 28 9 32 38
97 26 47 49 49 51 47 96 90 34 21 50 42 88 81 34 52 50 87 56 84 2 21 34 16 91 100 19 23 70 20 14 62 48 15 22 28 62 43 36 13 13 78 45 53 58 78 41 46 57 43 27 16 53 4 78 4 87 29 37 9 65 72 53
32 99 50 97 86 42 86 75 34 71 49 49 87 38 76 39 36 45 51 21 10 36 29 7 3 16 13 34 97 93 68 25 51 61 18 22 1 18 39 19 45 14 75 91 46 19 35 86 50 94 54 4 36 72 97 70 49 99 36 77 29 41 0 24
52 15 43 80 51 95 15 93 3 48 44 47 1 13 24 32 23 37 53 60 2 27 23 82 64 30 81 77 11 33 7 44 52 48 4 80 11 59 9 95 46 34 97 52 100 98 31 21 18 63 57 31 53 45 60 34 2 42 32 82 68 29 59 32
21 98 90 86 19 22 15 68 54 86 53 71 88 0 77 67 29 33 25 9 1 31 65 93 92 88 80 2 30 65 9 49 23 51 15 56 36 92 73 31 38 6 41 8 17 16 80 74 64 47 100 97 40 9 49 46 2 58 43 18 69 99 36 92
65 37 36 59 4 63 13 77 53 91 76 78 10 91 76 74 49 60 27 40 83 78 69 26 12 97 81 14 49 68 34 57 84 70 32 59 100 70 57 34 43 61 70 31 84 74 80 77 0 46 65 25 14 79 63 71 63 98 61 3 60 98 72 83
8 49 79 40 12 80 26 38 97 12 36 67 67 71 69 58 2 15 48 94 46 22 70 29 75 48 98 5 41 64 4 14 63 95 61 52 64 61 18 22 70 60 51 50 40 99 16 71 1 36 43 52 2 52 52 6 100 80 25 13 43 60 77 15
41 26 70 77 44 51 28 22 38 81 73 83 75 70 29 90 13 19 26 86 90 85 76 16 52 1 76 91 22 11 49 86 87 73 12 48 85 31 22 99 100 73 33 90 54 87 89 85 85 41 76 49 61 47 56 48 87 74 16 11 70 92 84 75
48 38 36 17 60 48 76 12 24 69 31 78 62 96 19 86 99 20 66 2 86 5 24 31 50 65 33 36 73 94 55 37 41 90 1 43 84 54 83 78 63 66 49 92 88 76 92 82 26 37 72 54 97 28 33 20 75 44 73 69 11 24 84 63
86 75 66 63 2 45 31 34 7 49 2 62 2 36 58 47 99 51 40 83 3 77 49 74 27 66 95 40 87 31 60 35 7 86 50 56 87 47 25 5 65 91 35 96 80 0 89 62 24 43 2 76 41 24 79 56 54 82 79 81 53 52 27 70
61 91 83 82 77 87 98 1 94 10 63 83 21 11 73 28 20 62 93 97 33 46 52 5 50 47 84 12 78 20 58 47 11 53 66 11 78 99 40 74 80 22 48 48 96 14 17 87 29 71 3 78 80 30 5 78 92 27 61 1 77 0 80 95
99 1 44 43 90 70 58 23 47 96 100 25 16 25 81 22 11 90 53 45 30 27 89 66 30 54 8 1 9 21 70 26 38 1 96 67 93 90 69 87 0 37 36 66 30 95 8 35 27 37 14 32 12 85 8 95 81 92 91 78 11 51 32 65
63 41 34 84 78 3 1 6 80 32 100 45 79 67 59 78 92 38 60 55 17 27 21 25 99 81 65 98 23 20 71 93 68 12 90 9 86 37 1 57 41 64 74 29 38 15 6 80 19 30 37 49 2 19 34 31 94 27 69 0 29 87 15 44
40 81 43 28 0 37 71 10 45 24 88 49 99 8 70 74 76 35 26 99 83 35 90 15 95 39 80 38 48 38 10 69 7 13 100 1 6 28 46 27 43 8 84 61 22 39 10 86 21 67 56 91 14 16 25 43 83 99 41 52 42 6 57 30
86 31 48 62 83 1 77 62 74 65 71 11 35 31 91 14 21 60 39 68 28 35 80 37 81 92 95 26 42 64 52 11 76 49 99 22 86 49 15 80 23 95 87 67 76 1 74 10 23 13 76 4 53 79 41 96 77 36 36 80 22 52 76 53
19 45 38 41 94 26 30 100 53 9 28 5 71 36 17 87 65 52 19 77 22 9 47 4 93 1 88 62 60 58 14 66 81 78 28 71 92 2 6 77 100 68 73 71 95 53 97 17 45 29 99 27 80 70 87 100 4 22 24 24 78 68 28 85
83 40 14 21 71 60 67 5 12 75 96 67 67 83 6 9 94 88 29 91 61 4 28 3 31 80 14 98 5 63 93 78 97 56 98 53 71 23 41 13 55 88 36 2 99 97 76 25 42 62 9 40 3 64 10 67 41 100 80 6 89 52 14 17
60 47 31 41 9 72 0 25 82 94 12 47 35 23 4 42 26 37 47 7 72 15 23 18 96 24 8 26 51 23 17 29 85 15 86 69 15 75 62 85 43 49 64 44 90 12 78 38 45 12 98 13 48 74 26 30 79 37 53 44 69 62 11 100
82 86 42 2 48 86 65 23 1 30 57 90 73 20 34 42 34 59 35 38 95 37 53 43 63 49 8 24 38 51 92 4 53 71 54 51 59 15 85 84 42 19 82 10 68 9 77 76 50 16 69 80 89 82 87 53 92 20 15 20 15 13 92 90
95 62 67 78 37 5 15 18 59 88 41 1 21 99 41 62 43 45 93 40 28 27 21 53 1 68 41 16 50 91 64 43 0 75 0 99 94 13 53 80 5 51 34 6 64 36 8 60 4 22 78 35 8 51 92 99 90 72 50 84 92 75 11 44
50 24 77 31 36 93 55 20 49 68 97 46 16 48 65 29 34 92 34 42 2 14 97 70 66 10 94 35 94 3 20 18 88 79 89 0 44 93 68 79 100 31 9 92 36 81 22 22 86 23 51 92 82 8 14 86 33 55 44 29 90 80 77 57
57 83 87 16 35 10 19 17 62 68 52 63 98 54 35 81 98 29 99 0 5 41 18 16 62 92 21 72 22 83 73 78 98 0 47 21 4 4 57 41 73 75 67 90 62 33 23 11 69 86 81 91 14 69 52 12 34 77 100 23 29 71 44 25
21 13 87 10 74 20 49 29 59 55 0 11 41 22 57 38 82 13 14 5 67 16 63 67 97 76 33 53 2 51 64 2 26 74 90 8 65 51 62 28 42 97 18 30 15 35 38 12 17 65 96 13 75 4 75 61 27 78 37 63 8 98 48 11
48 57 50 63 73 3 99 44 42 10 32 42 84 91 92 53 100 2 86 84 11 56 3 45 83 94 13 43 82 66 9 97 57 97 95 24 29 73 52 38 47 51 1 17 1 90 75 76 41 15 61 75 90 51 93 66 49 87 30 13 81 6 8 58
95 45 52 47 71 47 87 53 54 59 48 26 78 3 65 29 22 63 41 27 52 2 87 62 11 60 61 63 47 62 86 34 4 60 72 71 24 95 29 70 84 22 44 83 61 28 72 85 33 24 12 12 89 97 53 44 25 87 57 96 59 27 72 95
92 47 21 55 41 47 22 6 56 23 43 0 61 4 89 93 44 35 40 8 96 93 47 69 9 7 25 51 0 38 89 27 2 57 97 72 68 59 93 39 42 77 23 68 14 7 5 66 45 38 66 4 79 65 92 41 72 22 44 64 74 44 81 8
19 46 82 72 44 7 75 99 12 43 37 57 26 34 20 58 53 86 34 62 20 93 34 36 23 49 32 63 6 22 70 61 64 85 24 85 98 22 92 28 27 77 9 68 16 93 91 77 41 49 33 72 84 94 11 46 26 58 77 78 97 97 27 33
1 35 86 50 98 100 78 42 24 44 40 34 14 0 8 84 78 57 29 78 27 43 38 27 29 67 32 11 53 72 79 5 24 39 9 62 83 6 74 85 77 10 13 59 90 66 43 97 20 34 55 79 57 100 88 55 3 90 92 66 45 4 30 35
35 9 37 1 38 39 56 61 90 69 33 19 63 92 60 87 49 37 24 40 75 17 74 94 34 57 13 56 40 89 52 40 12 35 69 81 76 8 95 21 64 25 78 60 22 96 56 33 59 58 62 53 7 70 58 66 8 91 33 83 21 49 84 86
72 83 7 52 12 66 5 58 26 4 86 31 83 6 76 17 91 56 60 0 72 14 86 33 65 71 97 22 64 36 70 80 12 19 14 21 7 73 6 63 36 75 38 10 56 62 13 28 14 64 91 34 36 15 15 28 39 76 66 17 10 47 46 64
60 60 13 57 60 69 43 89 82 25 22 100 91 4 98 55 97 10 41 96 35 68 48 4 59 70 65 9 23 2 94 12 87 71 74 11 48 83 87 33 98 97 71 12 63 44 89 82 80 62 31 48 4 10 14 56 19 62 80 4 58 53 36 44
8 35 45 0 13 13 68 6 67 0 13 33 0 59 28 34 76 8 98 81 34 84 57 59 0 86 13 91 50 73 9 52 16 99 68 92 27 48 15 49 0 17 66 30 22 61 71 73 11 34 22 68 53 62 44 94 55 49 88 81 55 50 10 55
17 52 63 93 33 90 26 61 88 61 68 14 11 61 29 57 48 40 29 22 23 75 42 79 58 66 94 42 100 38 14 80 12 25 80 40 75 49 15 90 43 78 59 80 44 7 10 2 63 72 19 41 93 33 54 75 43 31 42 81 66 61 5 11
55 49 8 26 29 18 24 89 63 86 72 88 77 50 54 0 31 11 81 15 7 76 46 30 9 42 10 56 100 50 8 54 72 33 55 56 58 38 80 78 75 83 90 76 60 47 1 64 29 0 39 30 72 60 10 75 80 61 56 8 99 98 69 21
1 37 82 50 4 14 41 97 69 86 95 67 76 2 0 46 91 29 72 96 64 28 19 42 94 59 80 18 23 51 100 4 33 68 48 68 70 67 65 29 17 83 46 76 2 99 41 4 100 62 40 28 12 30 39 52 90 40 0 48 50 85 79 75
19 29 76 12 0 82 95 66 77 8 82 43 71 44 58 42 79 17 49 74 16 82 78 80 52 66 19 11 18 75 76 53 61 99 10 30 88 7 66 54 82 4 11 7 43 74 62 39 13 62 90 47 33 81 94 86 15 40 72 94 18 59 65 27
39 30 28 85 54 56 36 91 12 69 41 72 57 60 11 10 67 20 74 65 75 59 90 40 29 91 87 36 2 63 32 25 41 39 51 54 43 31 61 15 4 50 22 64 88 19 75 100 70 67 24 45 0 23 55 65 94 40 11 68 75 79 75 77
9 90 80 84 26 14 34 64 45 41 22 69 6 57 35 60 66 66 22 33 27 74 45 9 69 13 44 32 39 11 55 92 81 25 39 85 25 37 69 90 21 10 30 83 98 6 83 3 64 64 36 43 32 98 46 43 0 96 87 36 20 37 45 31
44 5 7 19 44 7 47 60 61 36 82 11 67 49 85 47 43 90 18 77 32 15 87 45 58 97 54 53 47 75 34 94 64 83 88 44 44 58 41 38 81 78 49 51 4 15 45 78 42 13 45 91 2 8 82 47 6 97 96 14 7 92 52 96
