22 70 99 82 76 58 93 27 2 70 55 9 83 80 46 57 44 22 46 84 23 81 76 100 58 81 64 97 95 57 63 8 61 51 25 70 67 5 20 42 38 50 41 6 48 16 34 74 56 100 13 7 92 20 99 13 35 74 32 33 31 59 9 45
38 89 45 11 43 96 83 39 30 17 9 78 78 44 67 54 42 50 28 41 28 77 30 2 55 27 55 56 93 77 34 77 59 35 89 18 42 66 59 76 27 78 82 70 1 96 43 62 89 57 18 62 28 71 36 90 63 70 34 96 78 0 50 36
17 71 41 12 69 10 93 22 81 32 6 91 28 43 57 60 67 53 59 69 66 32 42 34 39 94 29 40 6 27 98 84 66 85 8 97 64 21 61 10 74 80 66 100 86 25 75 13 92 11 43 3 45 73 35 98 55 62 24 20 69 56 95 22
6 91 9 96 49 54 64 81 2 57 2 4 94 30 50 70 41 70 39 68 86 16 55 30 56 96 30 68 59 64 54 90 62 78 47 12 40 89 17 40 93 33 76 30 40 63 80 37 34 6 27 20 68 14 0 71 98 48 91 100 79 31 0 28
27 17 14 20 60 62 100 92 71 0 84 89 87 91 65 33 30 80 85 61 45 94 28 71 92 100 79 69 19 91 85 41 35 45 81 12 0 86 35 85 35 27 20 0 81 26 88 46 45 77 82 68 10 77 37 21 51 75 92 14 52 85 99 50
72 5 0 77 47 6 1 52 14 5 38 40 91 21 16 20 39 78 61 47 6 2 35 11 41 38 93 70 92 17 91 76 76 26 19 67 6 84 97 47 95 59 73 1 23 7 35 27 47 49 62 44 52 65 31 54 94 21 32 44 38 82 47 23
46 92 24 66 83 44 72 98 65 12 77 60 95 36 63 56 36 84 63 68 38 74 14 83 99 21 3 27 62 44 33 50 40 53 20 41 78 17 64 89 1 93 12 79 42 38 61 64 60 47 67 65 83 1 15 5 23 70 54 35 54 10 12 9
78 66 39 65 9 19 73 38 67 82 56 89 65 55 75 5 59 98 68 51 56 89 24 69 75 70 95 3 1 7 17 86 1 28 52 23 21 17 91 95 81 11 24 33 6 78 17 89 60 45 66 22 26 71 96 13 88 70 25 100 92 20 2 49
80 17 51 55 10 65 4 26 10 4 17 30 28 64 28 53 92 22 32 93 42 23 7 67 98 10 34 80 30 45 13 20 95 59 19 16 47 1 45 69 64 24 47 1 24 65 76 23 60 87 80 39 3 97 70 5 100 65 79 62 35 22 35 60
8 94 49 41 6 48 83 4 95 39 18 38 95 91 91 73 87 75 58 45 74 46 25 39 20 62 67 79 72 60 32 75 16 81 21 22 71 28 97 18 58 65 93 13 64 59 93 45 88 55 20 50 73 36 0 47 21 1 22 43 25 3 56 43
43 58 8 95 37 25 100 63 72 11 66 57 55 9 99 27 60 58 45 60 17 84 79 59 5 46 60 68 97 98 22 11 55 79 58 6 22 1 95 63 16 52 79 86 41 39 100 82 47 77 96 70 39 6 22 87 62 75 29 59 85 51 50 71
57 35 10 19 82 78 54 67 95 97 92 54 19 1 22 21 32 49 72 80 83 6 89 12 75 52 12 27 100 34 65 54 70 60 62 35 60 43 73 1 52 74 64 27 65 60 51 25 17 71 28 89 17 99 28 83 6 86 90 15 33 83 13 32
19 83 58 50 86 37 65 66 85 68 100 83 5 8 35 46 99 59 26 7 96 3 68 98 50 1 85 70 54 32 90 35 43 92 32 65 95 12 77 8 90 91 98 57 73 38 97 7 27 43 42 96 22 18 91 33 40 6 23 64 66 50 17 7
48 91 81 66 66 11 8 37 21 69 32 98 83 80 56 51 28 77 78 45 69 53 86 72 53 33 92 29 9 76 46 24 8 91 80 53 59 60 50 14 1 7 38 50 21 58 13 3 73 47 1 53 45 15 4 88 87 52 50 76 85 57 28 34
23 99 0 71 56 65 57 76 95 4 63 62 53 10 66 39 48 66 54 43 62 85 53 37 61 11 80 24 63 19 11 31 47 75 6 31 8 37 12 17 73 64 19 78 11 2 63 18 75 26 80 72 32 78 54 21 46 26 82 48 93 43 86 29
33 14 49 27 22 52 97 60 82 35 10 53 77 30 75 58 90 70 62 28 96 98 42 3 57 29 40 2 33 31 41 18 6 41 7 41 46 62 99 18 55 83 50 1 96 15 34 9 9 99 83 4 41 76 38 72 93 20 77 29 42 89 9 36
98 16 24 15 100 50 47 87 78 16 88 49 64 64 83 75 94 55 17 66 64 2 19 90 36 34 35 86 26 60 57 13 43 98 29 81 4 76 14 82 81 80 34 98 79 47 93 24 57 43 95 98 5 39 58 24 26 27 51 5 44 9 92 0
59 49 20 17 21 81 68 55 61 38 26 52 56 41 65 51 6 28 46 74 5 29 78 36 69 83 58 61 50 29 88 77 94 92 91 64 21 32 64 15 67 95 18 35 15 98 35 35 40 36 61 74 73 87 57 0 80 36 11 81 4 84 22 65
0 15 29 68 35 89 58 87 70 24 13 59 33 32 83 3 97 37 33 62 24 50 94 60 64 85 47 48 36 57 68 33 29 93 91 84 68 68 21 84 78 87 96 15 95 82 19 66 29 55 46 68 50 48 21 57 63 25 21 10 42 63 64 31
51 88 100 11 21 78 10 57 20 48 32 98 12 44 84 90 74 34 40 3 44 33 5 48 44 100 93 70 34 96 67 52 49 68 76 81 14 39 4 11 52 47 70 34 83 53 9 74 98 31 97 87 64 17 7 63 83 2 48 96 50 44 24 99
78 78 12 73 90 12 100 67 99 46 43 20 70 40 67 94 52 27 1 89 52 22 52 59 57 2 3 4 52 4 65 96 15 84 72 98 4 13 2 2 42 45 8 2 95 22 49 91 36 68 89 67 18 89 63 80 68 91 47 39 61 2 23 83
84 73 20 1 79 34 50 24 59 26 16 52 90 20 63 22 87 57 96 44 97 2 5 73 73 69 29 6 0 39 4 19 30 100 62 28 68 51 27 64 91 91 22 63 54 62 27 60 98 46 70 84 76 88 63 51 11 77 24 54 52 79 6 36
15 17 83 18 77 42 7 63 39 91 25 70 5 90 14 10 54 71 56 72 52 32 88 5 76 16 74 72 80 3 81 64 22 18 35 55 51 85 96 49 25 60 8 58 42 9 65 91 63 92 59 25 58 32 49 73 75 18 36 32 71 28 94 44
73 32 53 51 29 67 58 44 71 96 26 98 27 89 44 64 35 46 59 17 34 25 92 10 44 7 7 47 13 96 8 13 69 96 52 49 43 50 59 21 15 15 40 62 49 55 35 46 98 0 3 84 17 43 56 96 49 5 70 76 51 92 53 5
38 16 57 28 13 32 46 59 14 27 8 74 5 78 48 86 86 14 20 25 8 28 12 39 27 42 25 10 13 73 33 100 5 73 6 24 56 78 7 83 15 42 59 69 2 25 30 81 3 15 64 45 52 22 91 12 71 89 95 12 88 24 28 4
68 43 67 60 28 74 49 42 46 4 18 93 4 20 83 68 65 2 60 25 61 27 50 98 39 12 43 94 68 14 7 40 63 37 10 84 35 48 80 27 75 20 19 37 66 58 63 43 60 38 16 35 91 10 15 10 75 54 94 78 39 91 23 76
72 19 35 87 89 22 8 97 18 47 62 19 15 45 75 28 87 71 91 40 56 71 27 55 56 47 76 51 50 37 59 68 55 75 33 97 91 60 85 80 29 45 96 31 90 1 90 34 56 96 28 89 64 54 79 10 55 70 91 48 82 39 20 27
51 62 46 79 31 75 56 54 60 56 81 93 51 52 20 99 71 73 62 16 56 27 40 50 25 7 46 96 98 73 83 46 39 77 11 58 19 71 63 32 62 79 75 83 89 75 23 58 14 60 74 78 0 43 74 33 64 8 40 0 100 43 80 91
68 37 31 30 19 19 24 16 15 67 64 8 37 22 52 98 75 45 27 84 29 55 94 50 76 87 83 53 99 71 53 49 85 9 32 80 91 19 19 5 78 94 83 44 11 46 8 95 79 33 21 35 18 58 25 21 100 14 34 4 88 34 71 23
96 93 10 76 39 99 96 1 36 11 16 12 95 72 84 8 95 16 81 70 53 48 68 71 84 29 77 43 56 57 6 63 49 6 62 39 89 7 43 31 11 70 26 72 69 43 84 70 84 53 41 63 36 68 64 93 14 73 7 94 55 53 26 46
36 76 18 69 51 46 93 65 31 24 83 73 76 14 26 6 47 10 35 12 40 54 36 25 61 34 29 24 26 51 35 78 99 17 14 86 73 13 82 95 24 53 67 62 15 17 8 45 91 27 71 40 79 84 96 81 16 59 64 6 84 35 23 94
60 51 33 18 74 99 41 99 43 87 67 14 2 98 55 45 52 8 42 54 53 67 51 22 73 0 95 54 61 45 47 11 64 21 56 0 7 56 50 3 56 8 17 15 0 72 71 4 79 92 74 15 45 76 26 94 3 33 31 78 44 47 48 66
35 70 17 11 79 21 51 68 84 45 69 10 15 83 69 2 69 100 56 3 88 3 78 64 78 79 76 16 36 36 20 49 15 58 0 92 42 19 23 51 44 91 62 58 98 7 2 55 28 53 53 60 58 79 48 50 11 25 3 94 4 82 68 34
86 100 30 36 60 66 57 59 55 16 95 100 96 30 44 55 25 98 66 18 0 68 60 33 23 95 49 69 37 57 71 12 0 87 90 70 51 40 87 93 58 82 37 54 0 33 70 5 29 36 65 85 82 93 11 49 58 26 76 66 33 53 9 4
3 48 19 89 51 47 16 36 8 77 5 97 100 95 46 3 40 38 83 10 39 17 76 69 43 58 80 14 78 86 26 58 66 40 42 26 37 80 17 28 28 46 70 77 80 63 67 14 11 48 45 72 27 39 67 89 17 16 10 6 86 38 12 78
24 76 80 45 68 14 70 2 12 56 74 62 26 31 25 62 29 45 18 16 60 15 50 75 31 99 96 71 29 1 44 23 50 68 51 92 50 27 88 4 71 48 40 41 55 7 29 79 8 100 71 76 82 73 15 56 76 72 84 53 95 20 95 60
55 100 68 81 18 18 18 9 23 82 59 86 74 72 54 72 86 47 85 51 37 38 28 39 89 25 18 58 26 73 35 77 52 64 79 97 43 90 24 68 32 25 34 24 96 26 75 77 0 22 76 2 32 59 69 26 55 82 0 87 6 14 51 70
64 26 39 67 24 94 71 66 14 82 39 17 89 10 37 38 68 89 31 29 99 48 69 66 52 82 18 46 13 94 2 49 75 67 73 17 73 42 98 55 65 96 29 78 90 65 67 65 30 45 59 33 45 39 18 72 55 34 96 12 18 64 41 7
0 71 15 36 79 78 36 63 22 79 4 96 0 3 59 58 89 3 22 2 49 50 6 42 19 49 70 33 62 99 6 61 11 6 49 81 37 74 98 69 16 4 93 100 57 25 70 4 96 18 49 49 70 47 73 40 92 53 63 93 69 46 0 73
60 7 35 25 91 7 19 38 89 51 76 25 96 35 87 78 64 38 92 26 27 49 56 15 98 25 82 5 74 4 92 46 35 49 87 62 31 50 39 43 58 85 81 29 94 84 34 11 78 50 31 37 75 2 18 52 58 27 39 79 22 17 13 14
53 68 75 98 87 26 34 45 100 34 42 98 66 68 28 3 80 43 38 54 9 60 27 53 11 8 72 99 11 14 3 90 42 63 55 43 97 40 53 3 30 25 95 7 7 16 66 100 60 42 29 70 98 73 66 26 40 39 50 26 43 41 4 73
61 48 14 99 42 61 45 5 75 71 36 78 26 53 54 6 56 13 26 51 13 40 48 96 98 91 17 10 85 7 64 67 84 13 71 93 98 36 12 88 77 40 25 16 84 64 24 48 63 76 11 23 95 80 68 94 2 40 81 77 66 45 0 8
81 86 73 62 33 8 100 22 18 30 51 45 93 74 39 53 2 26 72 35 62 87 23 68 70 28 73 7 63 62 3 70 31 11 4 3 48 92 4 52 14 60 26 91 98 3 16 89 84 67 25 76 46 50 43 40 49 29 32 58 47 33 35 92
3 83 29 47 13 41 53 22 61 0 97 94 39 0 97 89 25 38 55 80 28 88 81 49 60 49 77 61 16 94 88 29 26 23 79 59 11 25 37 73 16 51 73 8 62 75 74 27 87 64 24 77 88 70 46 72 26 76 44 11 59 94 58 86
38 6 70 100 22 62 47 16 31 99 6 60 91 49 77 57 73 34 86 2 80 1 78 69 62 43 17 32 75 28 100 18 55 42 70 53 8 11 33 43 27 50 91 52 30 88 24 53 49 60 47 23 31 20 10 39 69 54 42 15 21 62 29 21
8 20 61 34 41 37 24 55 43 10 6 39 75 24 14 65 90 42 75 82 84 90 94 62 98 84 86 57 50 92 47 96 18 5 18 75 96 97 50 86 69 4 61 14 86 41 96 34 39 35 93 86 81 43 96 19 15 12 33 91 76 42 40 90
95 72 81 14 51 98 19 79 49 50 4 59 59 55 7 16 42 35 45 99 32 82 26 7 39 66 65 53 87 95 67 60 30 90 76 45 64 77 93 65 36 97 100 9 2 46 1 13 50 88 23 67 33 33 19 56 77 88 73 43 7 21 60 36
9 5 4 53 76 19 54 19 51 85 45 52 79 26 23 30 30 59 51 5 55 58 97 5 59 51 28 17 59 45 12 41 61 80 40 49 29 64 46 55 19 86 80 34 47 23 21 89 89 57 83 3 84 17 20 28 96 2 49 50 98 10 73 10
28 37 92 70 86 81 21 33 97 77 79 76 36 99 16 89 23 18 77 79 71 94 97 3 37 84 80 85 70 81 4 73 88 38 14 24 49 76 43 35 85 30 92 56 89 49 12 25 61 42 53 18 5 30 73 4 71 82 91 57 29 75 74 32
45 85 87 48 94 21 90 23 45 89 4 1 5 16 23 72 57 90 68 73 16 31 78 45 23 85 70 8 9 31 42 33 58 30 93 75 63 57 78 67 8 74 54 92 54 32 68 56 12 6 59 0 4 11 96 96 29 74 9 10 93 53 90 32
55 84 50 41 8 18 100 83 43 81 54 54 46 84 36 91 21 25 85 29 40 5 11 91 0 23 83 67 64 67 67 64 21 11 36 45 60 88 23 44 48 46 50 48 49 11 77 100 63 77 66 6 87 61 24 22 1 56 88 36 2 40 23 33
90 7 19 41 10 92 95 73 77 30 47 45 98 56 4 41 35 42 14 3 56 28 68 78 94 90 74 31 52 9 55 0 80 99 74 17 99 11 29 27 23 41 96 85 37 13 72 53 26 70 6 25 92 24 100 92 11 63 71 66 25 62 30 38
55 71 17 42 94 36 100 48 64 9 99 35 38 28 62 14 58 48 73 96 51 3 56 91 81 18 37 20 94 36 37 39 62 77 66 66 27 35 87 29 33 63 24 66 74 37 35 30 36 37 31 65 13 97 52 10 65 76 39 16 12 70 7 31
47 25 25 87 22 5 60 14 86 94 87 83 66 13 79 2 45 19 71 32 89 92 83 74 57 12 24 82 58 70 100 78 60 20 51 6 59 74 48 44 61 22 65 79 0 61 31 58 10 77 47 63 15 87 50 6 28 8 48 45 38 96 18 15
36 48 84 49 88 30 43 76 34 86 11 52 4 78 76 61 71 64 62 73 65 42 48 16 93 10 67 2 13 97 95 11 26 79 93 37 33 97 2 80 36 28 50 100 97 73 58 43 92 96 19 91 66 79 95 5 29 8 87 76 24 0 39 63
76 89 14 65 18 51 65 73 91 7 80 50 0 40 54 98 77 94 29 76 31 8 53 18 82 35 43 71 31 13 89 79 89 88 46 30 77 57 16 33 25 42 45 63 94 32 3 14 36 66 95 51 41 41 80 22 55 57 65 0 24 81 59 67
29 9 64 26 18 85 32 13 59 76 44 49 85 89 27 49 73 32 47 26 100 27 9 18 83 76 46 69 15 24 87 10 24 0 19 95 53 57 60 11 40 80 68 45 72 86 76 2 63 79 53 100 9 4 48 24 66 25 93 61 31 0 15 47
59 46 45 69 28 76 22 62 89 41 42 75 48 59 35 57 98 70 15 84 15 55 67 17 47 47 9 87 91 39 36 99 70 18 25 52 32 56 25 55 17 51 71 78 94 36 78 72 99 14 44 50 12 59 98 81 48 23 44 97 12 40 75 81
11 32 72 80 76 80 81 17 65 18 17 11 51 8 60 25 10 59 11 88 12 95 36 19 50 28 18 95 79 17 63 89 8 67 20 47 32 90 40 43 40 47 10 90 85 16 21 81 3 6 24 52 75 41 46 1 41 2 93 12 98 88 87 61
21 44 75 32 62 67 76 22 12 71 3 70 89 40 59 43 36 82 71 97 34 15 69 39 33 3 19 13 77 21 29 31 25 50 48 7 33 61 37 95 68 91 80 33 48 74 13 29 40 71 49 86 27 55 31 70 75 91 91 4 71 34 13 42
74 76 53 83 21 84 53 91 99 61 74 83 47 27 24 67 66 66 86 73 76 30 99 27 14 84 82 32 45 41 81 27 13 6 56 36 69 39 15 66 42 14 57 40 98 58 62 4 45 50 18 12 36 6 55 99 81 49 50 52 70 45 64 81
66 28 12 84 26 8 3 30 26 80 29 52 51 22 68 20 20 96 8 39 50 31 66 90 86 31 27 94 67 95 95 98 81 43 23 59 27 73 60 29 30 57 28 36 55 25 38 41 48 57 53 55 46 4 63 16 8 14 79 89 93 11 46 69
47 9 95 68 0 29 35 92 17 20 1 96 3 27 3 60 76 86 29 78 86 83 13 37 38 61 8 0 95 44 5 78 74 86 64 61 55 1 21 56 53 90 84 11 63 7 36 23 63 72 30 68 90 52 79 40 62 10 40 11 87 0 48 21
65 37 37 40 34 19 92 37 56 55 66 39 53 92 10 62 1 4 65 7 41 10 60 84 9 55 46 47 19 71 38 32 31 14 30 87 45 54 85 75 75 0 51 82 4 67 54 91 84 99 1 68 11 91 63 40 22 46 6 34 68 26 7 57
