11 82 65 85 26 64 71 24 88 23 70 43 30 44 5 39 15 36 85 82 90 60 5 66 66 47 57 79 39 68 75 9 88 93 0 6 17 50 49 11 31 15 25 13 6 63 43 41 83 80 63 65 12 87 5 85 90 45 47 51 56 5 9 84
94 23 57 91 66 0 82 6 79 52 92 66 21 0 78 52 80 98 90 66 65 80 5 3 34 86 34 63 84 90 84 4 26 81 75 11 39 23 86 75 98 48 40 33 30 36 47 52 24 73 86 40 87 43 90 55 38 26 27 14 14 2 92 9
75 27 55 88 43 25 27 70 66 94 15 67 52 46 32 52 47 7 11 82 53 100 40 33 62 10 42 47 71 83 89 15 93 43 97 81 20 82 97 29 76 65 23 75 58 18 89 6 20 78 81 56 1 54 9 23 12 77 4 73 69 27 31 13
76 72 13 69 0 94 91 46 61 19 4 6 92 73 43 14 96 14 87 57 82 35 86 18 13 14 44 92 60 25 25 70 91 23 76 12 47 100 40 23 81 3 17 20 13 33 2 57 75 14 77 0 67 11 65 30 90 46 47 90 74 38 90 57
78 1 34 31 37 99 39 72 64 22 18 93 81 15 25 17 18 80 37 17 33 81 88 54 77 7 34 100 41 50 1 64 44 11 3 94 11 6 1 68 83 45 3 4 68 33 12 36 3 30 23 69 17 19 16 26 77 86 62 74 82 27 21 27
20 33 92 67 36 17 5 3 12 41 22 49 31 44 88 90 31 27 31 97 88 61 39 93 92 48 78 84 42 51 67 78 14 6 93 73 84 99 0 14 51 97 87 74 27 24 99 63 95 84 23 8 59 27 15 85 89 29 75 37 30 57 33 80
96 13 90 2 64 57 75 22 34 9 17 46 84 11 43 85 2 52 54 18 14 1 19 72 65 48 93 19 97 82 20 11 72 73 17 40 49 45 14 25 6 45 81 16 36 43 81 83 50 17 88 20 81 47 85 37 45 82 59 84 19 54 59 40
0 37 42 8 42 25 24 70 48 1 35 82 33 63 73 8 17 21 48 100 100 71 21 83 50 98 35 0 99 49 27 78 59 92 0 24 37 54 35 69 4 62 39 4 4 62 70 20 88 14 57 29 25 66 28 90 94 45 72 24 19 98 68 58
46 30 46 52 28 21 86 2 93 67 88 30 64 75 94 81 86 34 75 36 54 94 11 93 18 42 40 81 58 24 6 27 80 65 0 85 41 64 77 33 13 65 90 70 4 90 40 72 37 59 0 2 75 53 33 88 25 22 66 80 63 64 57 62
25 12 74 63 12 21 39 39 15 56 72 74 61 76 36 77 55 40 33 93 88 15 36 88 47 32 14 38 37 54 37 60 48 14 55 93 62 18 46 48 15 41 19 36 78 89 57 12 31 48 59 31 41 85 28 11 45 99 36 7 0 28 71 97
38 30 36 32 41 58 27 73 20 38 9 31 95 66 92 37 42 41 74 12 7 25 68 81 13 81 66 1 52 91 25 57 56 73 13 5 45 11 71 42 28 96 55 41 46 59 71 64 45 95 25 0 72 37 65 87 9 25 22 62 46 59 48 23
13 40 21 91 66 53 93 63 36 13 33 12 11 28 12 96 90 33 29 50 0 78 27 5 63 28 83 33 66 83 63 16 10 97 32 68 42 86 52 47 59 23 31 83 75 40 60 21 33 91 66 91 17 94 99 4 75 14 1 0 14 5 95 47
80 85 38 2 18 47 12 32 49 78 73 25 8 60 73 5 84 29 85 97 89 96 42 41 55 19 36 39 69 93 72 69 16 10 90 67 97 83 76 44 42 71 59 30 95 77 41 74 97 98 94 93 61 51 16 9 89 49 7 95 50 10 6 30
40 66 81 83 38 83 90 10 20 20 97 13 72 66 54 87 94 75 22 68 95 75 61 56 48 16 83 71 24 68 55 27 26 65 99 48 88 30 12 47 45 63 5 86 51 40 96 46 32 90 67 65 29 16 35 72 54 52 43 54 48 9 63 0
26 2 46 78 4 48 99 76 71 37 78 51 30 79 87 59 70 24 41 78 5 5 53 49 57 61 19 77 61 74 19 53 16 2 3 59 67 47 51 1 92 13 48 73 6 8 27 66 77 93 81 94 10 93 48 23 100 83 10 82 67 30 65 54
85 19 52 100 43 82 61 56 79 78 53 93 16 64 85 50 73 75 52 6 30 56 11 9 97 33 98 26 41 20 72 57 7 98 43 78 23 72 78 45 75 64 4 55 45 70 11 27 49 83 80 69 80 94 0 17 35 21 79 57 97 9 47 9
22 18 71 92 39 97 6 83 81 76 7 53 68 59 43 75 50 25 45 62 78 51 38 73 16 36 98 18 1 40 72 44 64 34 36 7 63 21 93 32 72 85 34 8 55 90 98 73 5 70 71 29 98 43 94 78 65 51 30 69 23 3 1 59
36 58 66 11 33 33 71 74 27 84 12 42 70 62 85 23 49 63 42 29 64 34 55 71 63 68 58 6 99 33 66 72 68 5 19 23 92 38 9 5 73 26 90 82 80 29 44 6 31 84 16 83 92 45 7 7 63 96 41 15 52 28 30 11
12 37 43 45 13 4 72 8 92 14 95 56 10 17 72 95 45 65 3 80 5 95 78 30 62 55 68 3 11 29 57 42 63 34 19 46 17 30 17 5 12 2 64 92 91 28 35 93 16 36 29 41 100 63 50 60 39 75 48 57 13 84 94 22
8 54 98 75 63 28 50 91 9 58 99 1 68 60 9 0 37 5 38 75 45 85 12 42 1 77 45 20 95 11 98 37 46 55 78 45 75 0 0 56 44 97 95 37 17 75 2 16 95 62 53 56 72 4 38 25 58 31 78 94 40 77 15 89
26 17 52 45 36 92 69 8 43 81 96 1 54 47 70 49 57 47 62 59 29 59 76 13 29 86 43 82 95 70 38 37 25 21 33 92 17 6 83 95 91 89 57 100 71 35 90 72 36 62 37 31 93 23 27 21 91 7 97 72 57 63 73 96
52 77 59 41 85 67 37 47 32 17 64 69 84 55 80 28 52 21 83 39 45 12 9 46 49 73 54 89 98 36 98 35 4 72 36 75 92 4 64 74 41 49 58 18 92 46 22 36 38 58 69 16 37 83 71 64 20 15 24 80 40 51 90 58
46 55 48 76 24 88 59 97 45 92 21 60 31 21 26 46 12 73 13 33 56 30 84 45 6 7 58 14 57 55 71 36 49 88 9 80 5 91 78 3 77 50 41 36 90 57 95 37 97 29 65 65 9 75 38 69 7 64 98 72 61 66 8 23
63 68 80 22 74 21 5 52 81 60 51 3 56 34 31 26 95 96 76 4 16 49 96 80 100 63 7 17 85 33 80 94 54 2 84 18 93 66 81 79 53 70 97 56 38 70 85 16 52 69 49 11 11 69 57 13 80 13 71 72 54 66 34 59
26 99 78 77 35 60 48 68 29 41 80 1 71 20 71 31 43 84 62 50 23 54 53 71 13 25 36 88 73 0 25 86 29 82 72 83 98 28 32 26 43 28 54 41 0 5 25 79 10 50 69 82 36 46 47 52 80 22 29 91 83 20 94 5
30 34 66 76 23 72 82 8 64 82 63 4 19 12 35 78 58 27 19 89 87 87 61 7 85 74 51 40 29 37 63 40 18 53 86 34 20 46 92 90 38 36 72 18 80 88 38 37 33 94 52 49 84 30 13 57 6 18 69 77 94 17 20 15
69 30 87 80 91 48 4 21 51 41 40 36 29 100 98 41 31 9 64 39 25 0 87 14 13 47 61 83 47 16 0 94 35 58 0 38 19 38 16 29 9 49 15 31 18 61 50 81 50 82 69 100 73 40 29 22 43 88 64 11 25 53 68 87
47 56 47 38 8 68 63 69 57 61 3 81 33 98 54 89 4 16 84 84 23 78 60 86 50 64 57 90 97 89 59 28 93 77 83 2 39 4 14 50 49 69 96 55 67 93 15 66 93 15 47 70 40 4 9 88 87 68 29 85 15 87 18 89
67 47 92 53 76 63 45 53 75 75 74 24 48 56 83 100 84 89 97 96 43 36 93 3 56 7 15 18 6 68 83 88 92 24 74 63 31 44 18 19 22 40 31 73 7 36 48 73 94 6 11 59 64 0 84 91 90 93 71 70 97 87 70 78
20 3 36 33 47 99 40 96 83 99 12 27 5 83 92 79 49 43 43 94 27 98 60 87 36 36 99 71 7 36 56 59 41 23 98 3 96 74 62 49 64 44 68 69 97 57 90 12 37 88 51 55 55 76 83 74 71 93 65 82 12 68 63 4
87 50 17 37 97 53 54 12 84 47 55 49 50 94 35 68 49 46 93 47 2 13 72 26 89 45 11 23 65 79 95 7 89 23 33 95 22 69 32 61 67 42 59 57 46 8 98 26 3 17 76 26 24 46 59 18 79 60 89 0 37 81 21 82
49 56 8 13 26 87 82 81 86 45 100 34 23 55 12 2 32 50 15 12 60 45 100 18 18 93 14 73 68 35 41 7 56 85 35 25 81 23 99 15 74 81 73 58 44 3 92 53 10 45 67 67 89 99 95 75 15 99 21 17 6 70 27 8
73 49 60 25 11 35 5 60 89 63 96 22 38 20 92 75 57 46 44 95 74 76 36 19 70 51 99 80 14 59 49 28 92 85 57 28 75 8 14 33 10 59 49 75 89 83 28 74 36 97 13 72 31 69 35 73 18 41 91 6 85 53 82 85
5 80 62 3 30 93 55 7 47 42 49 19 15 21 99 9 35 90 27 96 4 75 70 56 23 12 15 3 22 79 88 13 55 81 22 97 89 89 60 72 25 50 24 21 25 98 64 58 42 57 15 26 83 66 83 5 30 47 18 84 15 15 55 22
0 87 66 30 56 26 49 89 77 46 89 59 48 50 25 73 65 37 41 91 96 24 29 100 81 21 0 59 91 40 74 50 20 37 62 25 88 92 66 59 46 45 78 86 94 63 44 66 86 35 76 73 28 64 13 87 38 3 57 100 34 85 35 45
42 47 98 2 71 41 11 37 62 39 91 15 13 7 65 67 21 47 56 32 63 99 39 26 40 68 87 35 60 95 35 33 71 71 41 4 83 74 69 25 97 97 98 35 21 53 16 10 55 38 10 47 15 44 16 21 54 74 82 85 8 71 0 7
14 19 63 31 8 78 95 51 87 86 34 53 88 66 5 90 72 72 38 42 5 44 47 43 0 35 14 35 97 9 23 54 61 94 73 88 77 12 89 22 6 80 51 32 49 11 37 36 33 46 28 92 8 100 67 13 5 81 44 82 31 87 10 85
6 16 45 60 48 94 75 70 50 11 70 62 78 62 82 15 18 78 61 26 48 44 69 100 92 8 24 77 34 82 18 6 23 8 67 29 52 83 27 30 11 16 64 25 11 26 5 68 13 35 91 13 72 67 80 80 1 37 50 82 40 12 96 80
74 97 63 43 80 75 66 50 20 21 88 50 86 85 52 28 27 51 93 20 100 43 90 89 88 41 51 87 2 68 3 97 79 66 24 67 99 32 70 31 76 21 8 76 72 86 47 46 19 45 9 12 84 45 63 52 2 84 57 41 34 95 100 49
87 83 9 18 11 40 93 65 32 8 79 95 60 14 63 29 25 100 24 27 13 29 34 82 23 77 36 81 60 75 47 70 65 50 37 84 45 81 98 71 82 43 100 73 29 82 98 85 65 75 58 21 100 40 25 97 40 66 42 97 73 62 22 39
4 44 67 95 47 100 89 94 56 89 85 88 0 60 83 50 9 11 2 2 97 46 13 84 23 36 35 7 2 40 59 31 94 47 0 34 12 76 2 40 99 56 28 4 65 37 77 56 94 5 45 86 79 72 12 71 2 20 14 0 77 38 44 93
50 59 99 16 86 4 23 35 80 99 34 72 66 49 47 40 27 71 17 11 49 22 79 5 3 54 83 49 76 41 61 24 61 44 24 93 58 70 91 23 54 59 15 92 28 64 47 35 89 78 81 85 37 68 63 31 2 40 62 54 43 47 46 62
66 82 2 65 43 63 77 19 93 5 52 69 0 12 5 1 38 3 74 39 29 64 20 14 54 16 11 78 77 61 89 33 92 24 1 92 78 31 41 2 92 79 58 75 79 74 45 2 58 67 39 99 56 86 28 33 15 41 54 91 29 3 90 39
63 25 65 0 36 71 56 34 21 58 42 60 17 97 21 24 41 6 3 21 74 74 0 52 12 47 75 76 41 47 84 82 98 41 34 27 35 43 57 47 87 82 33 34 78 19 86 4 35 41 99 43 79 91 78 89 30 44 33 91 53 71 90 51
71 38 58 58 89 7 17 20 60 17 43 4 6 60 67 39 86 9 56 72 9 22 75 30 74 61 45 8 93 88 71 88 72 32 84 77 14 86 48 36 57 40 92 21 46 26 10 34 77 88 22 52 45 26 39 52 33 25 70 20 58 69 5 6
98 10 8 98 96 21 64 84 92 83 34 0 8 37 40 31 53 59 15 36 30 18 37 41 45 0 82 90 23 58 75 68 98 80 80 51 28 24 31 38 29 46 84 98 83 74 44 80 44 90 22 33 99 80 84 63 51 80 4 93 67 45 98 35
28 98 18 16 17 4 90 35 65 46 3 19 72 20 9 84 86 58 83 99 54 31 93 64 34 7 91 78 56 52 11 50 57 68 58 36 28 48 21 76 61 67 67 22 0 16 55 93 89 96 47 31 5 99 48 14 77 93 49 88 57 1 3 27
8 9 44 87 58 31 56 26 38 2 39 19 74 1 80 71 7 36 11 50 81 74 54 26 26 11 34 23 68 71 50 66 27 33 15 23 24 32 92 91 31 81 46 100 56 19 68 42 83 88 37 67 82 39 42 40 62 49 84 36 4 49 79 18
19 86 37 17 7 17 22 70 68 79 13 26 93 7 20 15 82 74 71 84 77 13 61 59 21 11 2 9 46 39 31 3 4 3 97 69 77 27 43 96 76 41 36 51 44 89 71 76 19 65 25 84 89 36 82 40 67 55 73 19 73 20 91 11
82 66 74 8 6 3 33 55 37 67 54 1 47 27 53 71 10 51 60 77 71 37 95 46 90 18 53 56 89 45 37 54 80 27 39 76 5 77 12 18 24 66 15 84 6 25 8 21 29 93 76 70 84 69 16 82 67 1 77 32 72 37 70 10
11 49 74 58 38 70 75 57 30 74 85 34 89 64 90 59 5 93 59 0 93 41 19 24 33 53 27 41 43 7 92 14 17 36 37 100 60 55 99 37 92 50 5 77 75 40 44 61 60 38 35 90 96 7 45 73 79 64 54 8 67 4 57 30
77 15 54 4 76 66 4 99 5 61 10 30 87 37 37 36 77 67 64 56 87 18 5 86 53 7 98 55 96 34 21 17 13 53 34 17 82 29 49 11 96 74 8 63 34 93 4 20 48 35 53 55 27 67 26 50 93 53 88 28 52 32 44 12
34 71 27 54 24 78 27 79 23 83 70 54 39 95 24 47 84 10 11 69 34 64 55 61 61 90 47 38 88 65 4 21 23 6 12 83 86 88 0 64 64 33 37 4 46 87 50 25 9 37 53 38 77 5 43 67 46 27 73 94 10 47 97 12
72 77 69 95 15 38 77 50 71 81 11 63 7 28 20 39 76 82 4 0 84 7 15 0 100 35 60 50 58 54 75 49 70 19 65 11 47 50 55 96 37 92 67 89 96 94 7 41 66 31 1 96 28 24 30 67 68 65 59 88 71 26 44 42
94 21 5 18 4 47 68 94 40 32 93 39 11 66 74 4 89 66 52 98 88 75 83 83 99 72 83 62 77 61 94 30 20 77 29 82 95 7 3 87 23 34 83 54 97 98 61 42 87 11 60 100 89 86 61 50 8 90 16 97 82 62 57 100
77 28 28 80 13 63 37 53 95 93 38 2 9 75 56 7 41 45 42 26 52 37 63 5 86 42 37 39 34 47 36 64 47 99 85 45 12 90 10 56 54 66 20 31 60 70 29 73 58 38 40 4 59 27 50 69 97 28 3 92 55 46 20 29
13 41 65 34 40 74 8 90 41 2 91 61 84 1 11 44 79 56 35 60 86 82 32 10 20 91 94 48 58 54 44 70 53 50 32 72 55 17 28 86 20 82 57 28 11 60 41 99 78 95 8 68 58 99 26 9 89 18 11 96 57 81 61 36
76 56 44 84 95 40 45 97 8 75 51 41 1 27 18 19 85 39 85 35 39 17 44 64 91 33 36 95 59 47 32 100 81 8 73 41 29 21 65 93 44 18 34 15 76 61 66 84 48 99 17 67 41 57 20 0 75 47 45 18 63 85 99 31
14 86 80 95 79 78 6 9 33 15 12 50 12 19 25 90 78 51 49 95 67 64 36 94 61 96 50 43 25 12 89 13 24 17 75 48 60 44 11 37 69 4 39 24 82 44 99 59 79 43 97 100 76 87 19 84 41 81 28 35 39 84 94 93
73 75 26 63 13 90 80 1 95 0 89 64 100 77 55 57 71 61 61 53 83 1 65 50 56 97 41 6 49 13 67 100 53 35 33 65 21 74 63 13 42 31 3 94 94 75 14 80 65 56 4 53 76 48 42 69 31 51 55 12 43 1 87 63
97 46 9 11 39 31 19 43 45 10 59 1 56 27 34 62 87 11 21 22 74 13 86 32 24 7 35 16 45 77 30 72 7 41 90 35 21 67 62 70 60 15 41 7 1 34 69 16 7 58 32 56 61 82 2 21 24 65 85 65 89 68 22 60
37 4 60 10 85 20 98 15 32 90 80 94 20 89 38 98 99 3 19 0 70 84 2 67 35 50 17 57 23 96 2 38 74 2 70 92 45 61 65 89 32 25 93 61 33 15 97 26 76 40 39 25 73 66 38 70 42 79 14 28 32 89 6 20
10 96 69 20 20 93 57 17 75 66 16 14 72 21 8 43 64 35 48 45 78 93 75 42 97 69 15 62 21 29 92 83 93 67 92 60 29 85 77 20 6 92 81 83 30 98 69 56 13 68 8 75 17 8 63 38 15 57 84 45 50 43 82 68
81 24 68 99 43 92 15 100 6 57 72 27 78 67 17 38 46 40 1 6 99 97 13 75 67 23 84 58 66 97 85 49 89 69 52 59 17 18 62 78 57 13 73 19 42 53 73 38 76 80 61 43 38 26 38 9 5 95 30 5 13 34 35 68
