47 74 5 87 48 29 42 68 89 8 50 47 25 20 50 16 8 47 88 85 7 37 36 77 39 25 21 10 48 92 78 82 66 81 51 93 28 23 41 36 6 71 17 24 44 7 38 67 96 42 9 43 69 60 30 14 16 13 61 43 12 99 4 23
18 21 74 21 62 83 19 99 72 15 72 93 73 28 91 49 69 40 73 54 28 8 41 97 57 23 99 35 98 95 68 0 98 7 39 74 26 86 68 22 27 19 70 48 12 88 69 50 51 95 27 78 83 78 73 14 55 56 13 32 89 21 64 81
89 56 68 94 13 27 94 11 21 7 96 95 16 38 90 88 54 36 32 25 68 67 61 43 31 91 67 90 33 28 44 20 36 72 42 54 71 92 35 43 19 53 82 59 98 18 76 44 94 3 63 43 6 40 44 49 12 70 18 73 71 35 8 39
100 0 84 34 81 4 86 3 72 87 9 51 3 33 24 44 51 51 69 72 1 47 39 74 57 90 60 92 100 44 53 36 24 15 82 70 43 12 39 89 45 59 5 73 4 24 23 30 82 38 50 81 60 42 87 50 20 34 93 59 25 13 61 60
1 7 55 90 43 1 21 90 20 75 24 3 78 47 99 96 30 61 20 78 48 85 13 23 59 9 13 71 62 76 32 60 47 51 97 95 52 78 21 60 30 91 53 54 34 61 60 48 90 29 50 12 82 6 95 14 6 61 100 38 0 62 17 21
98 27 59 58 13 27 96 55 43 84 74 10 78 71 74 52 40 87 65 4 53 72 62 48 57 55 16 64 2 22 77 48 62 30 88 31 58 53 33 88 34 73 80 74 46 77 62 5 33 82 59 96 15 61 48 19 58 11 59 14 68 31 29 73
20 69 84 75 40 12 19 99 69 89 46 94 11 8 33 9 82 71 100 81 87 45 77 70 8 64 64 100 45 86 18 97 17 0 100 61 8 27 2 100 67 94 25 28 61 68 41 21 67 15 41 11 94 92 93 92 57 75 4 53 61 16 30 67
97 83 17 30 56 77 92 70 84 49 63 94 5 59 69 7 84 7 63 76 76 55 28 12 54 12 99 45 63 69 70 19 32 46 25 93 9 82 20 58 73 64 39 50 41 24 11 15 1 22 89 7 40 40 19 5 63 74 70 31 0 87 88 24
3 43 94 11 62 36 6 32 27 95 94 36 97 64 57 38 32 35 98 13 22 70 87 55 18 82 76 76 94 3 61 24 64 34 30 31 82 25 86 10 5 95 10 43 72 70 49 8 80 93 6 62 9 4 67 36 60 56 36 99 43 71 58 47
19 44 5 97 96 89 4 6 74 4 55 69 62 70 65 78 59 22 53 59 75 29 75 20 32 86 56 5 93 93 63 80 37 47 37 4 13 41 46 44 55 71 40 45 66 89 36 91 6 24 50 79 68 55 15 3 62 16 39 39 62 100 16 77
30 31 97 84 63 77 94 60 7 36 5 46 63 21 45 14 86 38 3 49 74 63 34 14 81 78 85 9 99 22 7 72 65 30 76 82 66 49 55 18 70 50 57 39 23 84 5 2 83 26 67 35 13 16 37 82 6 7 57 85 10 12 59 47
58 51 89 36 92 16 57 31 65 90 29 44 59 14 52 0 0 24 30 32 37 30 28 92 17 32 73 62 39 24 94 51 88 15 16 55 11 24 33 68 44 44 72 71 51 53 5 60 13 51 82 62 17 66 77 24 11 42 37 57 52 46 58 30
25 62 97 56 42 14 86 32 22 22 15 36 70 34 90 28 16 82 58 79 51 54 99 51 60 42 56 48 75 64 61 11 18 23 60 5 52 49 7 60 52 73 73 83 45 28 21 81 60 12 17 43 85 4 82 52 49 21 36 36 43 27 6 38
64 37 34 85 84 82 3 28 51 93 88 54 99 93 81 62 96 22 86 74 12 13 44 84 13 7 23 90 61 95 42 17 62 28 66 64 11 51 53 39 11 34 38 34 22 74 97 60 100 65 36 69 78 33 70 36 90 89 30 82 77 10 25 54
25 58 81 93 85 95 87 53 92 93 2 44 86 86 99 69 31 80 40 72 99 56 59 13 60 52 35 100 4 59 18 33 6 80 22 68 37 100 54 34 12 32 8 30 21 37 67 82 55 43 8 30 69 40 7 65 59 76 73 20 52 51 27 52
12 98 68 93 73 26 66 41 57 43 34 85 79 8 11 0 48 39 55 81 59 76 36 68 93 29 60 59 75 55 64 69 0 54 52 69 70 95 25 26 58 1 82 22 50 100 33 75 45 24 2 52 44 65 25 41 27 2 81 47 29 64 69 71
69 34 0 17 10 67 68 56 27 47 48 54 67 2 36 1 36 63 14 95 6 8 20 99 87 57 75 89 82 63 9 20 21 57 74 36 70 80 92 68 41 51 75 84 1 44 79 44 94 45 71 32 100 32 51 72 89 7 82 34 55 78 70 22
63 17 57 47 34 26 0 44 100 89 4 66 5 85 72 81 35 76 75 63 87 62 54 70 90 76 26 12 99 55 68 39 38 89 21 86 66 17 92 33 8 73 0 64 90 87 22 76 31 86 25 99 2 35 5 45 32 65 54 13 30 14 12 54
61 99 61 4 49 75 73 44 67 49 18 22 32 40 24 71 89 39 93 74 23 26 23 63 38 57 12 12 26 75 58 86 62 36 18 31 64 20 41 92 49 36 5 12 9 29 58 49 51 70 1 28 69 81 52 70 2 68 15 98 21 51 76 27
90 76 100 100 20 36 2 20 86 52 45 62 7 77 0 74 72 14 0 1 3 53 49 44 66 21 53 35 32 95 43 50 95 85 19 65 16 66 52 37 10 45 3 52 94 8 55 61 99 31 88 22 5 97 78 3 56 25 16 56 44 58 90 41
66 48 75 3 18 70 17 96 36 57 20 67 45 95 46 10 100 26 82 48 69 52 81 59 37 60 63 1 95 15 97 51 27 24 69 23 42 90 12 83 0 15 31 81 90 0 44 58 76 98 77 38 7 89 22 39 2 96 80 44 20 74 48 59
6 6 76 18 85 81 78 98 73 31 68 59 76 59 51 88 39 79 28 2 58 82 43 13 71 67 37 34 65 38 68 81 38 84 85 50 51 11 28 33 59 85 61 34 28 48 41 35 11 39 3 18 83 66 81 22 16 36 44 30 87 93 82 8
37 4 12 28 37 24 30 74 72 53 86 24 90 89 80 19 27 58 36 97 42 35 9 48 22 49 3 43 23 45 61 50 44 83 38 17 46 42 12 70 5 68 41 1 86 16 82 91 19 71 16 40 31 48 47 83 91 48 22 77 27 92 89 100
29 68 69 85 50 63 45 93 29 36 5 26 14 73 22 49 9 4 79 88 20 78 68 42 31 71 64 38 91 96 80 79 46 51 58 100 94 0 77 71 60 23 61 71 42 39 21 8 50 15 32 56 55 38 29 4 97 49 88 85 70 66 54 39
80 45 23 80 4 85 52 34 89 13 95 78 81 50 73 94 35 71 81 94 69 84 39 1 80 51 25 2 73 48 63 36 64 30 21 81 48 98 11 75 80 55 35 30 19 92 94 61 99 23 92 65 85 18 54 37 95 30 87 91 37 43 34 31
4 38 50 44 24 82 1 49 28 15 97 72 46 73 68 75 12 70 17 56 24 54 32 12 22 18 95 15 50 77 75 34 33 74 9 46 36 74 18 95 57 94 59 93 90 84 25 9 6 87 33 0 43 35 19 20 37 14 13 60 19 95 58 4
72 34 56 5 40 49 42 97 36 3 91 5 78 99 44 12 91 83 98 98 12 9 77 13 34 31 22 82 8 77 94 92 57 37 85 0 31 61 13 21 9 53 40 52 100 86 79 56 56 12 91 86 19 45 20 43 100 64 32 1 79 74 60 4
72 51 34 2 78 14 67 82 12 94 5 97 61 10 95 45 60 60 45 2 14 54 61 30 54 83 85 33 45 65 48 48 48 91 91 85 55 10 75 58 94 58 34 90 29 37 49 25 83 43 54 73 81 20 58 82 67 50 35 9 9 42 0 65
70 22 12 58 0 20 11 52 98 45 69 82 31 90 82 37 90 81 73 83 16 14 48 70 81 64 9 10 45 3 26 2 38 28 51 39 33 68 61 6 12 54 99 43 68 86 56 38 21 20 58 10 36 74 74 53 76 17 85 31 21 54 14 17
24 58 29 80 88 68 14 79 87 32 74 24 63 51 36 80 42 33 44 46 55 65 63 67 36 26 71 15 79 43 61 15 32 96 51 34 85 48 43 20 43 45 40 35 48 86 23 74 43 59 16 4 25 16 43 88 26 35 21 90 83 3 48 82
59 46 65 49 89 19 63 5 81 49 34 61 88 35 88 53 90 60 25 86 19 72 30 27 10 59 74 38 22 69 53 96 66 14 20 91 91 0 71 74 96 28 55 57 45 50 93 91 41 53 96 35 35 67 28 7 37 74 91 69 90 24 59 88
34 64 95 69 16 91 41 81 47 66 43 22 5 56 52 41 87 21 37 86 45 38 35 97 6 67 93 99 40 65 44 55 48 65 63 23 32 28 60 63 97 44 25 79 28 100 15 44 88 35 1 64 3 88 89 54 68 45 61 87 59 54 99 21
93 61 10 74 95 1 23 51 17 48 45 69 76 48 76 12 65 55 88 37 99 71 55 15 71 33 35 54 19 32 53 46 32 23 57 8 49 5 36 59 56 94 77 86 40 64 14 54 71 36 69 4 56 17 86 41 71 60 38 27 43 16 34 93
52 90 89 58 59 56 39 17 39 32 73 24 82 63 2 47 90 94 5 23 25 2 98 75 91 43 73 58 75 12 1 28 43 94 36 83 20 48 9 25 1 75 56 69 33 47 32 39 35 93 35 78 55 54 5 0 16 52 38 2 10 100 47 65
75 38 91 4 51 73 85 8 19 60 6 63 45 28 41 6 6 3 93 84 47 74 15 49 0 37 55 15 64 52 65 58 62 65 38 92 44 76 31 24 70 12 38 14 64 49 37 3 71 52 37 0 91 34 79 22 67 83 10 99 13 62 100 76
0 74 23 92 47 13 33 17 58 38 26 91 96 35 80 41 11 22 73 88 94 11 65 75 66 46 46 29 3 75 83 4 75 59 40 71 34 73 56 80 48 83 95 43 49 77 24 83 62 71 44 24 12 39 61 49 24 87 63 17 45 55 57 13
1 31 81 78 99 68 2 65 11 90 56 19 79 8 66 6 81 81 96 10 52 58 66 65 81 93 32 2 77 34 23 61 4 0 14 80 12 31 13 70 56 91 9 13 73 84 39 53 69 33 68 36 98 20 100 96 79 24 70 79 59 82 33 56
66 69 90 22 70 67 47 47 6 95 61 63 5 79 80 32 31 18 97 94 13 29 48 99 21 50 5 34 95 64 13 71 7 19 91 97 63 56 50 40 33 8 30 17 97 32 57 92 56 30 76 88 77 22 25 100 77 40 81 43 80 65 98 98
42 8 71 20 39 42 37 85 23 93 81 60 7 5 23 6 93 29 92 67 40 67 25 29 71 54 18 75 19 17 90 25 62 36 91 73 1 67 58 8 72 8 41 61 14 83 63 66 21 99 57 8 76 60 40 21 50 42 79 27 37 96 38 36
98 9 67 74 13 27 75 54 91 8 9 22 7 59 42 39 85 59 83 30 61 43 26 16 86 14 23 2 46 31 4 75 42 81 71 8 14 83 62 67 57 15 23 80 77 70 78 16 80 14 15 19 29 20 64 7 8 30 35 48 90 82 14 84
47 20 22 40 79 42 87 15 52 5 74 40 53 0 40 94 45 28 3 22 57 27 49 17 1 10 72 30 71 52 30 69 21 95 80 92 81 5 32 35 42 22 84 2 69 46 52 59 40 84 84 26 77 29 30 14 11 36 87 87 49 8 9 71
99 76 21 93 71 95 18 2 13 24 35 47 42 46 47 63 86 88 9 20 37 46 47 38 89 15 7 66 61 81 52 95 71 97 13 56 58 91 89 43 14 61 28 14 13 72 52 51 35 19 5 57 82 34 86 18 44 31 78 82 83 15 30 44
98 96 88 15 3 62 55 94 56 86 50 76 4 24 10 23 36 21 2 93 8 29 29 77 1 82 78 98 4 51 14 27 77 75 25 69 89 78 96 71 16 30 76 72 32 9 91 46 53 43 28 32 19 16 3 89 41 47 50 10 87 26 40 82
90 28 46 78 25 4 91 88 37 16 87 71 10 99 56 58 55 83 45 78 6 88 65 23 23 78 83 44 95 56 38 84 48 98 93 75 37 82 19 80 61 90 15 87 68 31 36 5 53 88 70 18 79 99 67 15 47 73 33 67 78 17 82 74
10 6 30 52 61 59 98 55 52 34 71 98 100 2 58 62 85 19 26 94 76 10 0 14 94 88 34 22 33 40 84 29 27 22 17 67 77 4 2 3 1 1 65 18 25 60 65 42 72 11 28 25 98 67 35 63 58 54 52 55 43 66 55 59
2 37 62 0 23 10 50 69 47 56 84 3 46 47 81 11 50 54 32 63 51 56 11 88 6 38 49 41 63 50 9 75 78 93 73 13 80 7 41 59 2 71 19 8 47 99 46 46 94 46 97 95 49 32 68 87 58 76 38 19 86 63 91 53
24 37 43 41 2 31 44 72 73 67 92 77 67 75 6 58 28 30 98 2 25 70 8 91 88 43 3 60 55 71 25 72 40 60 84 44 20 77 75 26 21 10 23 62 4 16 11 75 77 3 27 21 60 69 13 32 19 8 53 95 57 12 15 37
44 15 89 27 91 3 4 17 9 12 100 59 33 77 19 78 27 42 49 39 75 91 64 11 75 48 0 63 92 26 69 23 10 67 63 27 11 14 78 5 94 26 31 23 18 65 58 35 2 67 93 98 83 54 89 3 85 80 42 77 53 98 68 65
2 83 1 19 95 72 49 95 33 81 21 51 37 6 19 85 48 94 14 44 51 85 43 39 12 60 38 33 100 2 38 95 8 86 4 73 29 79 1 46 75 35 2 82 6 47 7 53 19 83 99 9 57 99 42 46 82 65 81 91 26 96 88 70
89 89 80 18 73 56 16 50 100 49 88 77 13 41 93 92 35 16 51 68 84 2 81 45 80 71 38 13 56 29 19 11 7 82 71 62 64 64 51 95 67 33 46 64 17 46 49 6 77 70 34 98 40 64 86 62 62 79 48 17 4 56 80 61
53 79 18 21 99 81 49 95 54 83 69 41 57 9 36 46 97 10 33 20 91 27 18 28 40 10 59 58 2 20 72 17 83 72 2 30 95 60 10 94 6 59 58 14 96 84 52 46 82 58 29 41 48 74 76 12 95 15 83 75 16 73 82 36
4 18 97 39 49 7 1 77 0 25 30 45 65 10 13 38 40 9 100 95 66 53 74 49 13 48 34 15 30 38 67 59 97 72 90 49 91 44 28 26 87 19 88 11 97 96 64 7 22 85 57 0 100 90 96 50 18 87 9 57 24 8 53 39
65 34 28 38 16 49 7 70 60 55 69 86 0 86 69 51 33 8 57 62 1 10 62 48 13 62 13 97 51 84 62 52 96 33 63 93 33 92 37 93 91 32 27 34 72 72 63 54 3 14 42 88 81 65 22 38 27 18 11 6 73 14 52 83
53 46 1 65 11 80 3 68 26 25 24 60 17 90 25 27 61 81 79 75 66 34 43 37 71 96 78 2 28 46 53 60 73 79 48 98 6 88 51 34 89 66 91 54 100 87 50 70 53 88 8 16 67 40 17 64 66 1 74 67 99 9 45 87
61 65 9 10 31 6 15 86 38 28 63 87 43 13 49 90 74 81 89 54 72 72 62 39 14 73 29 83 65 41 33 5 92 55 81 88 65 48 98 35 66 72 55 88 18 86 46 84 10 84 45 66 38 48 82 75 67 2 9 34 0 48 69 26
48 12 77 91 7 25 62 67 87 27 4 17 22 34 69 69 23 83 81 33 34 94 13 50 14 6 62 8 86 77 96 27 92 16 35 46 72 87 6 23 32 2 24 40 43 98 32 17 81 62 99 43 21 87 2 76 31 3 45 66 62 49 82 48
2 61 36 18 23 73 94 80 3 36 92 78 79 94 56 3 95 7 84 99 30 24 100 40 49 96 30 48 39 11 4 21 59 63 91 91 90 86 88 25 63 97 81 75 12 75 69 88 76 71 57 28 84 83 83 18 79 61 100 82 7 13 86 35
17 3 9 69 84 74 81 63 49 66 62 100 7 97 89 14 93 96 28 84 34 4 74 61 97 49 6 26 34 67 89 33 58 4 49 93 31 41 33 13 31 77 41 37 58 91 80 75 14 34 56 92 59 43 4 9 49 58 94 50 40 68 91 38
73 14 65 3 78 4 98 7 22 89 42 75 94 35 55 61 92 30 34 96 28 35 85 61 50 71 27 11 56 69 22 89 16 86 78 76 68 27 52 15 63 56 88 78 35 54 60 7 17 22 53 85 32 100 50 88 67 52 3 8 49 38 81 63
96 69 46 53 35 20 65 26 64 67 62 70 14 9 100 61 1 56 91 55 23 23 40 15 94 98 41 97 50 46 6 9 31 31 84 14 64 45 54 76 18 50 2 91 4 97 42 9 54 41 79 79 40 15 73 15 58 42 20 40 98 72 4 79
17 54 52 26 0 42 84 46 45 36 36 67 12 100 3 66 39 82 94 41 83 11 62 54 69 64 1 35 61 22 98 84 81 89 34 11 99 44 28 83 29 98 57 20 85 42 49 77 55 26 59 98 73 44 41 100 34 32 59 66 9 93 53 26
22 67 10 35 79 34 59 26 60 46 65 94 79 69 91 95 76 90 41 50 63 36 0 8 30 29 27 1 28 93 74 66 11 56 17 59 23 93 49 12 1 97 25 14 13 65 85 69 47 54 55 48 97 52 24 8 94 49 99 13 47 79 68 42
26 45 44 93 92 33 18 36 29 67 56 10 77 88 85 29 89 49 25 84 86 46 43 92 1 27 90 49 77 0 12 73 28 7 13 50 29 74 39 71 100 0 23 86 19 84 66 67 42 10 65 0 71 97 18 72 16 90 42 55 8 0 66 46
69 86 94 24 35 80 16 59 41 6 82 29 77 50 100 63 64 13 7 66 98 73 45 24 9 66 47 51 31 38 3 90 4 5 0 36 87 7 22 25 97 7 6 12 0 73 96 21 24 55 49 98 15 60 17 47 86 86 37 25 60 8 2 89
