24 43 24 31 4 40 19 98 26 1 81 88 43 47 5 25 95 49 72 47 88 49 28 50 46 84 78 50 89 79 13 44 38 71 43 14 27 32 46 14 26 29 33 60 74 8 7 32 26 94 66 91 10 86 80 74 78 57 57 85 43 68 82 28
64 55 21 36 68 88 26 12 83 48 5 40 10 21 30 70 92 68 87 44 46 80 37 87 90 50 42 7 17 51 9 51 28 39 44 35 71 46 13 45 79 46 84 50 59 9 44 11 0 15 43 54 79 78 21 20 14 53 54 86 18 45 17 78
25 55 43 95 83 15 89 17 82 27 80 36 50 15 42 19 76 34 65 91 24 43 65 50 21 35 88 93 1 80 10 4 47 20 3 11 13 85 19 100 88 96 39 29 71 94 54 70 58 90 42 94 26 42 69 27 57 28 54 92 98 20 27 78
36 72 90 1 88 55 63 22 29 54 3 10 69 100 17 71 43 1 67 72 7 72 81 91 1 86 40 73 66 68 88 11 3 15 77 7 2 24 67 93 29 26 4 28 34 12 17 0 57 9 52 43 8 78 46 24 25 48 84 23 25 31 97 14
19 40 1 9 66 66 74 50 42 30 9 57 86 33 83 92 23 36 82 49 44 7 36 40 6 64 33 0 40 41 66 50 83 12 26 32 16 55 33 52 17 70 70 84 8 72 37 25 29 47 43 52 58 54 26 58 76 43 68 21 17 44 71 73
58 37 51 63 19 23 13 1 47 52 88 59 89 80 19 5 61 4 85 33 19 6 17 10 81 33 87 48 61 38 56 94 55 72 37 65 80 100 18 93 26 80 14 8 33 8 69 81 28 65 30 80 84 48 1 94 27 61 66 82 37 46 3 59
18 66 8 27 99 69 6 34 81 10 6 86 56 8 42 8 70 100 80 38 100 38 37 98 63 36 18 68 95 69 55 92 80 21 81 53 8 94 50 38 26 22 42 10 51 93 67 65 39 50 100 52 81 1 43 5 72 76 21 1 32 88 62 74
35 81 17 79 60 14 23 74 5 77 59 13 27 65 55 40 32 15 39 72 54 70 65 35 50 35 78 75 86 91 59 36 38 100 86 62 10 52 76 50 84 62 66 9 66 55 92 3 13 73 95 11 73 2 90 63 50 53 80 32 95 31 58 79
22 52 41 79 75 79 91 6 23 21 28 1 73 53 45 86 5 29 39 78 45 49 69 40 13 38 73 59 60 10 77 98 82 53 15 79 75 32 61 30 19 7 98 46 88 5 82 77 35 71 62 18 48 66 24 39 41 7 89 16 11 14 74 21
34 72 27 16 43 2 26 46 78 16 85 27 52 89 54 96 99 50 12 36 73 6 99 52 41 90 49 45 97 85 98 6 49 71 57 48 32 18 92 64 91 44 12 78 37 74 39 9 98 27 83 54 46 30 79 82 58 56 64 48 81 7 72 86
26 39 30 100 48 7 33 5 48 0 5 17 97 68 91 34 36 24 95 23 45 18 39 97 74 13 5 97 77 35 19 70 1 70 82 64 87 99 57 80 61 98 23 38 43 13 84 43 20 69 98 73 73 49 25 68 58 90 43 31 7 95 71 35
5 47 32 10 20 26 49 49 3 39 48 67 53 31 57 55 81 1 64 67 39 65 84 8 93 16 89 88 36 96 33 39 19 37 81 85 95 37 4 69 6 83 97 16 95 59 94 6 79 26 65 16 14 46 69 61 45 7 33 28 69 19 46 78
39 87 12 86 79 42 54 81 44 67 94 45 50 22 31 96 15 83 9 86 56 5 100 48 44 56 92 54 41 84 1 77 53 67 83 7 16 31 100 63 65 82 38 66 24 14 39 12 36 54 0 90 32 18 53 15 6 8 13 56 32 47 81 26
50 82 52 18 38 73 78 13 11 65 100 71 21 66 23 5 11 7 48 25 96 17 83 32 8 87 31 93 14 26 24 43 75 24 67 3 71 1 38 5 92 81 33 70 73 26 6 5 28 69 42 54 85 8 100 80 95 11 1 92 65 22 84 47
15 7 20 53 75 58 85 70 74 22 95 7 61 40 69 20 1 90 74 88 67 63 80 38 39 48 27 48 25 51 4 37 8 63 98 73 47 63 87 12 94 29 11 65 28 22 85 10 69 22 51 89 84 60 36 58 10 90 71 25 4 90 63 4
43 15 61 43 81 62 98 6 87 27 48 42 93 76 100 78 94 82 33 12 42 72 54 25 87 92 37 3 44 94 62 44 0 36 91 32 100 37 8 29 67 91 0 20 37 100 34 99 57 22 90 64 96 0 16 57 75 9 32 0 54 96 86 21
84 30 99 59 8 38 4 97 66 82 11 71 75 10 93 6 90 28 83 57 48 24 60 12 49 55 13 55 10 3 79 88 99 35 63 15 49 2 92 69 16 56 15 50 24 49 28 81 100 53 1 91 10 56 98 34 91 90 9 97 29 91 76 48
62 90 72 61 48 24 27 40 27 40 43 66 24 3 54 88 28 80 54 97 11 55 93 85 15 39 86 9 64 40 37 25 2 49 82 16 97 21 56 53 8 76 90 6 27 58 72 63 37 52 13 6 32 11 76 28 67 77 95 48 10 56 56 35
73 100 93 28 89 51 13 22 13 74 97 68 32 75 17 4 73 33 58 16 26 15 75 57 34 60 42 46 39 59 10 57 0 87 65 37 99 83 32 77 73 24 13 41 62 50 54 21 77 7 60 75 63 39 19 20 64 66 8 74 38 48 55 50
21 80 92 10 73 21 22 48 77 96 31 7 42 0 46 44 78 63 67 68 19 29 63 97 35 19 22 65 42 54 83 65 99 15 44 45 70 33 53 53 8 48 23 52 39 46 24 37 36 23 71 28 5 51 47 84 96 88 12 51 77 45 6 72
75 8 33 76 11 71 34 47 65 5 44 51 82 5 85 32 64 2 71 7 65 39 46 6 87 97 85 66 26 68 95 9 40 75 53 45 45 10 77 68 100 43 14 21 16 11 23 61 1 96 13 73 3 3 50 97 33 43 80 60 69 75 72 88
24 21 7 14 23 59 49 91 49 65 39 33 87 41 2 54 95 32 3 66 4 42 38 23 31 5 16 15 90 13 6 14 84 93 6 8 94 28 37 75 72 27 16 86 66 67 10 94 8 65 24 21 95 35 51 8 87 81 56 75 77 8 56 38
7 32 92 99 66 88 47 84 23 61 38 54 89 24 1 39 34 84 57 45 74 90 56 20 24 76 46 0 100 100 68 84 46 13 100 7 31 17 9 30 94 30 22 57 37 94 47 34 61 7 10 51 92 57 7 66 21 42 53 87 49 10 11 32
65 52 36 73 89 3 44 95 90 28 64 99 20 38 44 30 80 29 53 32 42 72 0 30 61 53 10 56 39 73 95 2 57 7 10 20 21 98 13 8 78 46 84 36 46 89 0 81 24 35 25 14 27 68 26 63 63 60 57 54 88 44 4 39
74 92 0 97 17 97 95 68 36 67 74 47 50 49 74 53 67 82 8 80 56 1 15 89 56 96 13 96 50 55 16 0 85 39 80 48 1 38 34 16 4 80 57 24 87 85 86 89 57 45 18 12 51 0 80 18 60 49 34 34 98 7 73 88
20 33 19 52 54 95 30 30 6 78 89 10 75 26 62 35 81 98 54 39 57 14 82 7 88 96 44 55 58 75 80 41 47 29 97 75 66 10 98 97 5 78 74 17 71 96 49 95 96 91 0 61 89 87 2 12 7 92 63 87 61 88 35 13
22 18 66 35 82 73 18 62 61 28 45 94 2 44 46 21 53 56 21 19 16 0 100 72 68 26 48 12 38 17 6 69 15 40 97 98 80 97 47 52 32 61 76 33 56 47 90 23 30 89 39 11 90 81 28 42 56 10 19 91 10 80 5 34
45 94 32 11 12 99 44 49 98 44 73 12 62 12 88 16 85 17 77 76 99 27 95 97 34 79 2 9 22 37 14 41 44 58 60 39 8 97 8 73 63 38 7 58 67 40 33 90 75 10 9 99 3 14 1 10 23 71 25 58 23 58 83 15
12 89 66 97 73 60 58 33 25 54 32 8 3 35 68 46 57 83 20 85 77 50 52 75 29 56 34 91 43 98 94 96 58 23 98 23 48 52 73 74 85 52 94 19 9 34 65 63 26 98 67 48 75 1 61 66 83 3 86 41 37 12 80 99
34 83 11 58 41 56 41 57 42 33 37 48 20 54 93 51 77 3 10 77 86 50 74 10 17 29 7 4 98 63 6 7 95 31 32 9 42 66 49 4 50 15 79 54 73 57 57 48 48 72 58 39 8 41 39 3 95 21 19 61 98 39 69 49
5 24 27 76 11 48 97 23 88 30 50 51 6 59 33 65 5 92 41 68 16 0 57 89 79 14 100 100 71 21 54 26 82 48 97 82 24 15 98 40 44 37 98 98 94 5 13 0 86 72 36 60 11 9 64 28 78 30 10 61 92 88 55 31
82 16 73 69 83 97 35 25 68 93 16 79 24 45 92 54 11 42 51 8 20 84 42 29 6 13 33 37 85 95 54 89 93 89 3 1 21 52 32 34 20 5 96 30 80 7 52 59 29 9 23 24 36 74 68 1 18 60 27 90 8 36 9 78
62 54 82 67 40 93 53 59 31 80 74 43 76 78 84 52 89 95 20 59 21 6 38 32 89 6 37 1 68 8 24 12 38 23 58 13 8 32 7 68 57 37 7 55 85 40 99 72 77 55 12 8 17 74 42 22 34 21 22 3 28 92 53 11
13 95 62 87 90 86 30 97 6 37 44 45 28 30 52 81 95 46 22 27 66 4 17 85 19 42 63 3 27 92 48 49 77 0 43 11 68 33 28 16 40 40 73 93 16 37 16 20 87 48 73 18 24 84 71 91 95 27 63 97 28 14 13 99
36 47 88 91 97 61 59 23 29 62 88 33 28 96 6 64 82 88 79 31 92 7 97 23 28 82 58 2 64 57 2 97 19 6 52 64 92 66 93 44 100 12 24 8 66 93 53 93 53 30 77 76 43 72 21 2 66 63 88 57 57 66 23 90
10 48 45 7 67 80 95 56 94 90 10 57 48 18 54 37 87 67 92 76 57 20 78 24 14 35 72 27 28 17 78 73 92 38 19 98 19 44 90 61 83 24 86 58 91 85 84 52 75 4 14 33 23 88 72 69 55 23 52 48 23 20 90 84
36 47 13 81 31 13 95 100 35 78 38 81 13 43 12 76 45 13 10 3 57 10 14 53 21 95 76 83 87 89 54 10 89 73 40 73 68 11 84 29 2 61 16 96 35 66 78 33 51 20 43 15 6 67 83 57 67 1 0 41 53 26 82 59
71 94 92 36 84 68 27 77 27 8 77 50 36 69 0 89 30 84 91 96 9 10 1 96 89 18 17 50 58 84 34 42 84 68 17 82 9 60 32 73 27 63 53 6 31 66 25 97 95 83 85 14 15 68 3 24 95 40 26 84 30 66 80 18
18 71 59 81 45 59 55 41 14 93 60 86 23 19 100 26 51 64 70 29 51 76 60 96 79 76 27 15 36 2 10 52 39 42 62 39 84 9 87 34 82 82 75 30 93 33 15 99 83 20 86 15 43 62 67 14 3 72 65 89 1 6 14 66
78 70 27 49 53 93 96 56 96 19 33 41 27 39 87 97 74 5 74 31 35 46 5 8 6 56 21 18 0 37 77 8 95 89 26 33 36 78 61 63 84 32 94 8 39 90 53 67 53 78 70 71 87 17 8 73 64 54 1 40 36 72 64 9
86 4 78 27 75 95 23 83 70 76 53 42 73 17 23 54 41 8 52 19 90 23 86 81 22 92 93 94 63 53 10 28 25 13 87 68 42 2 52 59 65 74 100 27 41 20 17 92 33 98 82 84 18 44 45 21 51 28 83 9 43 12 13 14
51 38 60 79 44 99 7 23 73 84 82 57 52 100 33 96 38 72 97 74 20 7 5 55 56 18 62 76 96 38 72 66 20 27 60 94 87 34 17 46 22 40 8 80 59 77 91 13 59 35 57 61 74 24 79 31 64 0 5 7 20 89 30 60
44 7 55 14 98 64 39 13 4 30 75 28 41 29 71 7 95 64 22 99 89 94 37 0 50 83 50 53 19 69 100 24 20 66 70 68 85 7 48 99 88 38 52 26 4 17 45 63 51 20 42 9 3 4 90 78 43 18 77 13 85 32 12 76
15 77 90 7 91 79 78 17 16 28 92 53 44 47 57 0 41 84 7 32 33 62 33 37 50 81 87 56 21 79 62 95 11 36 44 36 39 50 37 27 100 63 6 41 97 33 78 3 85 56 88 17 9 84 56 28 74 68 59 51 36 42 44 44
68 6 73 44 82 64 34 12 18 58 95 0 21 73 92 85 52 89 93 100 31 55 86 16 61 23 26 64 95 1 2 50 48 54 35 74 5 4 29 24 19 42 73 86 71 65 49 82 49 95 21 20 85 16 37 50 46 36 72 64 43 91 92 26
27 19 70 57 3 57 31 92 90 46 17 42 55 25 42 13 93 35 67 78 4 83 25 54 84 53 5 38 1 64 4 34 31 33 67 54 9 51 33 33 55 40 51 40 24 44 70 92 97 24 13 73 66 18 37 77 14 28 61 75 19 15 49 45
27 62 20 24 27 100 3 66 66 26 9 16 93 28 5 8 42 20 50 52 24 88 31 34 19 94 49 18 100 72 24 75 44 77 66 36 23 85 34 12 95 50 38 99 70 33 58 75 93 60 77 34 83 89 69 6 42 1 50 7 93 28 45 92
68 48 24 83 84 39 76 53 96 30 86 81 30 38 10 61 58 45 100 76 40 97 38 29 62 82 5 2 87 92 4 54 83 23 66 19 33 49 52 89 41 44 19 77 65 81 76 62 45 42 45 17 34 93 75 80 40 74 51 4 1 0 75 97
15 3 50 18 80 100 76 63 18 0 97 22 4 100 35 99 15 2 71 5 67 1 74 46 81 5 37 60 44 20 21 73 79 43 20 13 31 65 99 98 37 56 46 59 52 7 29 1 67 89 54 92 88 9 38 28 64 46 73 93 8 51 87 50
74 30 66 25 100 29 1 37 33 32 86 96 57 30 89 7 19 92 46 8 63 31 78 98 64 81 41 25 98 76 86 100 7 5 84 40 38 51 56 25 47 76 50 59 100 18 63 71 28 63 7 86 1 26 84 39 69 48 16 51 53 13 36 24
8 61 33 9 74 95 47 47 62 5 41 15 83 55 13 13 33 56 41 53 67 83 52 68 20 73 52 1 12 23 3 26 95 65 86 60 73 69 84 70 60 17 34 48 66 34 41 62 33 19 72 6 77 0 78 15 57 21 97 64 11 79 18 44
96 13 18 37 98 8 55 19 64 4 80 9 73 39 47 24 1 78 86 63 26 3 3 67 4 28 17 32 3 85 28 96 9 36 53 51 94 86 83 89 96 66 68 29 14 54 24 47 21 53 60 19 64 44 8 96 45 77 88 66 98 41 71 21
31 27 75 52 46 3 21 16 21 0 11 97 79 11 48 23 100 5 47 92 86 10 8 47 99 41 83 19 11 76 39 70 56 99 2 53 20 12 15 20 54 21 100 90 69 5 1 5 29 23 77 92 59 96 1 61 2 27 29 50 11 62 64 16
62 96 1 74 13 18 71 14 2 92 33 24 43 76 35 32 69 28 56 92 60 60 0 70 58 70 45 56 66 68 5 53 51 93 82 1 20 45 88 44 38 38 32 53 8 21 50 76 5 60 83 53 1 59 58 3 65 66 90 63 86 93 79 18
14 26 4 0 10 47 9 99 92 34 87 96 10 18 97 53 54 84 89 76 80 6 94 73 13 21 100 46 78 73 55 63 91 4 77 49 20 51 54 83 55 48 87 11 40 40 85 0 24 67 95 86 84 92 11 22 18 78 50 58 20 96 80 21
39 19 15 86 52 46 11 91 45 31 29 55 42 5 50 77 19 89 2 67 79 65 13 27 25 16 29 96 19 26 85 46 16 9 40 84 1 67 81 84 51 12 61 40 78 1 98 96 56 46 63 40 94 22 82 71 37 38 92 11 10 13 17 26
92 12 29 63 39 98 32 28 32 16 8 100 11 4 99 85 67 59 72 10 84 83 72 82 6 23 8 19 28 23 42 30 37 12 41 71 2 95 32 2 1 2 7 1 60 98 64 11 54 81 87 72 85 96 58 0 47 69 26 92 66 71 15 29
27 8 35 72 99 36 38 7 3 90 20 47 64 100 8 67 44 26 36 7 61 83 85 0 25 7 81 7 12 75 64 52 38 5 48 54 94 54 24 36 27 98 47 45 20 14 60 15 80 16 80 43 29 3 65 99 81 94 31 93 19 66 15 77
62 69 81 94 76 60 31 83 91 50 31 1 3 29 14 4 37 39 24 75 50 23 57 30 13 15 4 51 32 1 94 67 19 25 100 40 62 58 22 84 65 83 94 64 50 67 52 5 76 23 65 41 100 77 55 76 58 40 35 82 98 88 23 70
55 63 52 72 62 75 40 90 23 21 53 34 99 50 50 47 95 63 84 100 28 56 90 86 89 78 15 26 90 10 10 22 26 56 29 90 6 53 9 71 71 64 82 78 87 60 35 80 37 23 94 94 14 5 70 23 21 12 31 23 85 18 34 66
82 40 78 18 4 23 60 27 38 28 12 99 14 62 98 5 79 65 18 46 64 36 79 36 69 32 22 72 95 30 68 85 32 45 23 91 68 42 40 57 76 79 14 8 57 6 1 61 68 45 84 10 36 78 76 18 69 45 51 39 70 5 26 69
71 28 36 24 86 74 15 34 20 74 83 99 77 86 4 10 70 1 74 58 24 26 41 0 22 23 26 57 1 41 64 27 26 19 28 85 46 73 54 8 99 69 36 73 20 2 98 16 72 27 97 79 24 16 6 25 44 87 55 13 61 52 40 86
94 28 73 86 75 73 29 52 26 35 30 81 16 1 22 27 26 14 20 88 19 98 58 54 61 68 25 0 97 94 34 80 73 44 60 100 8 49 48 92 21 2 67 11 25 99 77 5 89 58 88 85 59 69 22 93 79 45 29 78 17 61 19 60
12 24 87 58 96 15 65 52 73 52 64 92 84 51 31 66 16 34 92 11 57 45 91 46 37 2 51 100 15 90 36 61 52 2 64 30 27 98 42 93 57 28 20 3 4 55 69 40 38 99 0 65 42 91 98 32 100 84 91 92 83 82 43 10
