91 81 42 15 4 43 3 9 64 70 86 11 93 73 77 68 95 49 92 28 55 26 82 75 43 33 45 80 94 70 99 82 63 9 27 39 92 21 25 21 12 99 31 37 95 27 87 52 12 72 60 46 57 97 20 53 2 66 69 93 60 57 48 18
81 55 72 2 42 46 9 63 5 41 92 43 95 14 41 42 90 72 76 17 48 93 12 59 57 44 16 21 18 23 31 80 18 24 78 7 44 82 89 96 36 4 75 49 80 9 82 83 60 21 16 77 21 16 82 32 42 51 77 49 38 21 22 49
6 13 13 77 83 74 11 50 78 63 15 54 10 70 56 57 28 90 38 45 41 59 50 93 79 93 52 78 83 60 3 22 60 63 30 63 75 20 10 70 72 2 60 85 49 58 72 60 52 13 8 45 23 86 47 100 55 40 38 30 61 45 75 74
54 30 22 75 30 1 10 2 63 58 23 52 26 59 64 9 55 89 52 32 41 29 38 1 84 28 36 86 79 89 41 77 50 9 5 64 53 34 72 17 30 36 65 23 67 44 16 83 71 46 0 36 57 76 70 23 28 64 10 100 27 73 41 82
83 48 53 60 44 47 58 35 3 72 7 88 49 32 45 57 62 87 94 51 45 94 89 36 85 87 7 98 7 87 60 24 47 96 5 4 32 96 60 95 73 94 39 7 81 33 24 19 79 90 84 11 7 88 26 37 66 78 27 47 3 54 51 86
73 80 78 34 79 51 37 85 87 26 30 6 63 81 72 3 73 25 86 41 15 61 45 47 91 17 24 69 73 91 4 83 29 4 9 96 75 64 98 51 72 12 60 66 17 57 22 64 94 35 36 60 39 10 22 75 23 56 50 35 35 64 56 79
61 82 0 31 79 48 54 10 14 90 98 22 43 66 15 50 17 82 99 93 78 16 67 48 58 40 0 66 3 41 48 89 42 26 3 11 18 87 82 56 28 24 91 89 10 37 76 78 73 6 72 5 39 43 27 61 98 12 7 77 79 76 100 74
72 6 29 75 26 71 97 52 76 42 65 28 99 75 45 4 8 45 49 10 18 32 79 71 94 97 26 1 27 87 17 31 47 90 100 57 10 29 55 51 57 8 88 87 87 40 68 63 96 63 12 33 61 34 31 99 87 71 71 60 20 65 93 37
77 56 35 17 91 41 16 86 70 36 21 90 59 73 94 43 29 43 14 77 28 8 43 51 50 81 82 97 48 84 38 87 16 65 72 53 31 27 96 0 17 83 11 56 8 55 73 21 38 93 88 19 13 86 98 49 58 39 6 7 68 98 73 19
0 22 82 94 91 81 0 89 18 8 77 97 75 74 35 6 57 36 13 7 52 38 16 100 89 8 44 97 0 79 48 74 30 6 97 99 77 69 39 60 49 15 84 60 74 61 20 41 40 96 55 45 56 77 0 26 24 97 1 91 16 14 58 68
64 55 63 98 64 58 72 84 79 91 35 44 59 71 32 11 40 60 8 91 81 60 76 63 87 36 52 84 75 63 91 100 92 47 4 35 94 29 92 4 53 25 7 2 79 91 80 11 60 65 55 69 72 20 98 1 65 12 0 70 19 10 24 75
13 84 78 22 14 19 73 23 76 5 61 1 27 31 69 59 68 37 100 97 84 76 30 19 14 42 57 43 60 65 76 98 37 53 5 90 52 64 25 18 74 79 80 94 99 81 14 90 91 85 10 25 43 66 83 15 14 26 78 20 10 31 45 7
76 38 99 90 54 80 56 43 25 24 5 77 60 72 43 36 66 74 77 63 88 54 89 26 65 31 46 24 14 61 27 25 69 2 95 94 95 65 78 77 3 6 100 43 66 49 80 96 36 95 99 82 46 5 73 90 5 42 30 95 23 65 81 36
2 20 84 74 79 70 48 3 19 52 84 37 93 5 53 37 45 46 32 59 90 26 61 19 77 35 39 60 95 85 24 54 16 55 15 40 89 41 67 9 11 54 90 43 8 33 24 70 3 72 36 55 2 69 14 62 37 28 26 34 92 97 35 54
81 7 61 10 56 83 55 25 32 31 25 50 66 68 2 83 53 85 97 19 85 46 6 56 16 27 90 76 77 46 67 51 88 50 23 21 68 51 5 4 94 78 56 40 70 82 11 79 36 8 63 87 67 3 53 51 33 63 20 6 91 80 70 84
22 71 69 40 14 1 46 42 90 75 98 25 25 77 42 54 37 11 29 53 66 34 87 27 13 41 79 23 64 3 68 45 8 26 38 29 60 34 35 58 93 13 61 39 65 44 98 57 20 83 49 36 21 53 56 36 100 46 86 72 57 6 1 80
60 36 50 67 53 92 39 57 56 26 36 43 57 77 88 36 42 41 9 5 33 50 96 80 99 77 18 11 26 87 98 64 25 33 13 19 42 28 84 56 26 57 0 58 88 7 40 66 65 84 96 76 47 27 61 73 94 98 5 40 37 64 0 89
54 13 37 82 45 53 39 82 90 71 95 6 4 55 10 64 32 33 80 37 76 59 61 52 87 94 0 87 32 28 65 53 65 71 75 24 97 20 88 77 26 10 62 47 82 43 94 81 64 63 17 72 73 60 23 93 0 55 95 84 63 52 44 0
34 38 72 10 62 58 33 71 46 47 16 54 90 61 44 79 65 44 80 80 0 50 96 8 61 1 24 81 96 100 77 23 18 83 80 28 10 77 37 57 50 55 77 58 28 57 62 0 55 14 69 58 57 26 9 97 21 89 6 9 52 61 27 22
31 96 4 49 31 85 87 79 81 43 66 97 13 39 19 70 26 64 41 60 94 22 79 60 11 38 52 76 25 57 31 23 16 47 28 6 42 11 7 75 31 75 1 19 4 15 18 25 34 40 41 33 59 22 28 9 93 40 7 89 30 34 97 51
92 67 25 64 75 10 17 78 6 19 60 47 87 40 58 66 31 13 77 37 36 19 26 13 0 79 55 33 27 66 68 1 65 19 49 45 48 0 89 99 49 13 91 18 88 56 71 41 98 13 68 85 1 30 9 23 32 66 27 17 49 0 18 95
67 74 54 77 51 91 8 0 77 29 79 9 19 26 22 67 74 71 18 16 48 27 51 79 85 98 20 42 68 59 73 30 100 36 22 97 92 0 69 60 24 50 18 57 92 18 63 48 36 95 10 73 59 48 48 30 40 20 86 27 94 82 92 94
13 10 85 79 42 4 1 75 61 54 73 86 71 40 94 24 68 49 62 31 85 100 55 65 29 53 52 37 56 14 12 89 79 48 15 19 89 77 15 43 41 1 40 92 61 43 28 0 67 76 42 4 34 71 3 89 89 80 100 26 11 46 63 97
89 37 59 71 11 17 21 77 41 71 35 84 17 61 69 82 24 73 18 42 34 35 71 6 48 72 55 57 63 26 91 27 50 37 59 11 69 9 42 14 55 54 63 32 88 91 71 45 7 52 56 94 2 3 26 2 82 82 82 28 77 31 65 92
41 60 58 91 79 5 91 53 76 10 53 13 52 48 93 38 5 69 77 67 62 20 1 8 100 90 85 45 83 36 32 4 56 29 60 6 1 36 100 97 3 47 92 0 89 84 36 50 20 45 25 23 34 92 37 38 23 96 41 75 67 11 40 5
56 44 31 35 57 42 71 62 10 8 60 72 41 87 71 78 82 67 73 33 93 87 50 88 78 5 54 99 4 53 20 76 30 33 1 87 75 39 64 74 63 16 52 12 39 77 10 94 78 22 0 61 18 23 9 21 27 13 93 54 5 76 64 48
99 42 35 76 13 34 58 72 92 38 44 56 0 17 14 14 8 2 30 22 3 9 39 35 96 49 60 11 90 0 64 3 71 72 69 95 5 44 84 54 71 69 78 21 1 86 38 2 53 43 20 96 81 69 28 34 4 32 7 34 99 75 87 95
67 23 45 60 85 59 7 54 95 18 48 65 7 94 41 100 63 65 87 74 21 80 58 13 86 83 13 44 90 88 93 99 94 29 30 0 65 85 8 59 39 6 23 49 38 71 42 95 34 92 52 72 13 0 86 67 18 35 78 67 54 16 75 83
91 86 79 11 96 87 81 99 18 64 59 32 24 95 36 92 39 26 47 8 4 47 100 94 2 49 79 18 14 5 32 48 28 37 52 26 77 87 55 34 92 12 38 79 29 15 56 75 33 73 22 45 74 22 0 62 28 55 78 4 30 64 0 6
41 34 55 82 87 96 17 59 1 40 57 13 62 0 65 77 30 26 29 90 86 87 24 38 77 95 19 30 28 13 50 75 45 75 59 32 25 85 54 23 91 66 89 4 66 98 24 80 81 96 80 67 43 64 20 48 21 0 82 17 16 44 100 36
65 48 74 100 12 47 5 15 95 99 95 24 86 25 56 51 48 62 61 92 69 13 78 94 61 97 91 33 100 21 16 49 38 34 67 58 65 51 34 60 62 44 85 37 82 47 24 2 91 83 70 91 35 100 95 3 79 44 42 100 61 68 80 93
90 70 83 5 94 87 97 3 64 47 90 56 25 3 32 99 49 19 16 8 62 37 5 81 76 5 31 3 87 95 35 25 0 4 93 21 85 69 87 92 0 13 52 7 70 100 46 50 67 10 80 100 0 60 25 73 57 93 54 100 27 53 24 47
37 90 81 52 61 2 93 61 82 0 88 26 5 76 35 52 73 77 28 16 51 100 27 80 65 22 44 34 0 48 21 75 98 88 2 82 99 41 25 59 49 87 9 54 92 76 64 13 50 31 32 2 26 28 60 46 30 61 20 75 50 23 89 19
75 88 35 59 57 35 51 41 74 73 46 41 1 25 12 22 86 23 1 52 52 35 26 99 94 54 68 53 2 34 75 76 85 34 42 87 95 10 5 32 88 1 62 10 80 14 1 16 13 93 48 82 87 38 27 26 95 93 100 8 68 90 86 57
19 33 95 23 65 62 13 72 63 41 4 2 83 14 59 44 99 79 50 65 70 65 75 8 90 9 43 65 96 91 81 58 30 38 65 18 37 92 6 10 23 85 17 42 61 70 84 31 88 18 26 97 25 59 37 23 30 80 50 15 28 60 98 13
68 76 95 26 58 87 100 92 2 17 51 83 24 34 86 49 0 95 23 85 61 38 12 30 53 10 97 58 62 45 70 8 57 59 82 21 72 3 59 1 36 89 1 16 47 28 22 44 77 72 47 52 24 33 41 41 49 41 100 2 9 38 80 17
51 64 89 95 15 37 54 55 33 2 85 16 31 25 79 70 85 54 60 48 84 77 81 88 86 30 29 92 72 43 62 69 6 34 0 38 8 54 44 13 15 2 99 22 37 19 49 87 31 54 75 87 2 51 15 54 7 86 37 63 39 19 52 97
49 84 34 25 86 45 16 84 34 72 29 21 68 17 84 26 75 29 64 84 40 39 26 5 82 54 83 19 42 73 77 24 72 52 32 82 10 84 12 13 23 3 73 29 60 54 50 89 78 20 79 23 3 75 2 41 39 76 67 19 97 34 25 32
93 29 41 99 18 56 55 27 64 45 38 14 31 59 49 9 60 27 77 60 73 36 46 15 42 74 73 29 93 74 33 54 74 8 45 54 94 41 56 65 49 22 62 51 94 16 52 55 83 23 88 10 3 56 78 50 53 42 46 35 85 0 40 99
65 24 41 11 81 26 57 60 94 90 67 11 95 7 59 24 75 66 34 86 98 86 41 43 10 97 11 15 91 10 36 96 44 66 84 77 96 5 52 82 50 41 83 87 21 84 71 5 27 84 85 15 24 45 41 79 16 95 62 39 53 13 6 99
86 73 20 12 37 15 76 60 30 7 25 90 36 13 60 18 52 99 89 71 12 49 49 90 78 50 21 99 86 36 66 82 20 32 45 47 33 46 14 1 31 12 76 8 40 3 15 33 85 83 18 20 89 29 35 57 96 88 82 88 76 12 98 59
93 2 36 57 83 69 37 87 4 86 63 45 63 92 83 10 13 81 89 15 13 28 75 70 65 50 7 55 39 11 78 95 8 97 45 60 79 63 55 96 32 67 63 11 25 0 20 25 87 47 87 4 44 22 49 79 62 84 82 7 65 93 37 78
81 97 36 14 73 93 37 48 39 69 44 67 20 52 11 3 13 40 43 17 22 19 80 13 6 50 91 49 11 21 75 12 100 58 11 50 73 92 53 99 51 23 33 23 65 96 63 10 78 61 17 43 46 84 60 30 83 1 81 37 67 19 11 72
99 17 58 15 75 20 100 24 88 61 80 12 5 94 90 58 8 23 53 77 49 65 92 19 60 94 23 75 10 42 93 13 12 82 1 56 21 0 95 26 95 9 23 35 68 100 51 25 100 100 14 52 90 97 50 43 11 93 81 91 88 89 69 74
2 27 95 6 43 66 88 54 56 49 53 99 55 15 46 28 53 94 64 23 41 90 46 71 32 83 13 14 19 41 86 74 96 78 7 82 81 76 100 22 6 89 25 63 84 86 88 11 65 58 83 66 41 0 61 4 89 41 94 47 42 94 88 26
36 26 16 78 58 15 82 40 87 47 32 91 77 93 75 15 14 81 39 40 59 30 42 9 68 74 89 57 0 94 33 58 82 35 30 46 78 100 40 99 71 66 7 27 96 30 5 36 19 2 57 62 28 54 1 27 19 58 21 100 62 32 56 35
39 52 83 72 54 25 6 83 35 8 19 16 22 41 19 21 93 5 37 99 74 61 40 65 3 37 63 75 47 71 5 33 47 91 99 26 15 56 15 96 29 93 75 27 51 1 88 35 4 45 81 62 53 50 14 39 98 66 5 59 25 61 23 78
38 41 15 26 1 95 56 42 99 25 74 34 30 38 65 86 47 76 98 71 33 38 30 83 36 33 98 91 56 34 86 35 45 10 23 61 2 57 60 69 28 96 42 12 12 17 15 86 1 51 14 1 23 60 0 44 87 39 60 19 54 50 64 1
8 79 58 0 20 23 74 85 80 82 9 95 56 76 5 53 33 59 34 18 1 7 11 63 86 18 5 8 74 40 22 6 80 4 73 1 79 99 63 73 87 62 9 67 0 19 72 65 40 95 33 16 59 68 72 56 5 8 95 79 90 86 76 22
81 69 2 30 50 89 28 93 65 72 12 98 95 30 90 97 82 100 41 15 12 34 16 79 23 44 99 60 84 90 70 48 96 100 72 6 29 71 61 62 61 87 57 66 95 43 42 38 32 11 19 29 71 69 20 42 88 85 71 24 3 80 0 5
51 39 30 44 72 59 76 32 37 73 10 1 92 61 66 1 14 71 64 56 61 58 67 31 47 8 82 87 97 9 50 67 97 64 29 75 25 95 10 52 0 73 94 46 95 11 30 4 26 46 38 83 45 78 26 46 48 75 9 33 67 17 65 41
75 67 23 31 2 59 47 44 38 78 73 96 87 2 83 41 46 79 27 28 66 43 21 44 92 41 44 4 96 58 47 81 21 33 21 19 52 86 91 80 22 61 7 4 2 56 9 67 92 82 88 14 13 14 43 42 31 96 94 75 2 53 21 83
24 88 54 42 64 25 70 95 28 22 40 28 39 44 16 37 42 93 89 38 21 81 10 79 57 37 36 64 5 19 55 49 44 19 98 90 38 74 100 9 86 13 3 28 100 61 97 91 93 6 54 72 48 0 18 45 91 72 62 98 34 8 42 35
98 15 77 73 25 23 0 84 5 26 4 93 22 5 88 21 80 72 15 63 33 20 99 72 33 22 78 72 89 61 18 62 66 48 55 57 32 46 38 76 16 97 27 40 86 30 43 62 49 95 8 66 53 20 66 47 90 61 92 75 67 47 36 45
30 98 9 46 26 23 94 44 40 41 47 76 66 33 35 86 16 41 84 32 27 28 76 68 48 43 25 32 66 77 65 23 2 91 90 24 44 88 52 44 0 80 24 39 99 50 62 29 69 50 19 43 3 5 2 9 29 74 46 15 82 28 30 5
86 82 99 18 30 32 55 70 50 47 44 93 64 24 57 20 0 71 48 94 3 65 65 41 69 78 22 47 91 93 64 83 21 15 85 57 11 40 39 30 26 67 80 38 71 40 72 40 55 46 60 85 60 15 71 50 63 52 70 92 92 29 38 24
79 61 24 41 3 49 29 97 20 9 87 82 4 7 62 46 95 32 18 75 52 24 66 47 8 9 83 47 60 65 72 72 50 34 18 47 54 92 2 84 86 13 27 18 3 67 4 37 84 48 7 63 55 30 21 86 13 28 90 27 64 79 89 54
27 51 13 14 17 52 63 10 19 93 99 29 26 86 59 42 97 31 76 5 96 68 10 91 39 90 31 72 1 99 45 26 94 41 32 93 25 20 11 54 77 5 77 11 100 10 99 81 70 100 67 25 54 52 93 36 1 26 26 48 88 40 46 73
49 90 61 37 4 3 44 51 42 6 78 42 33 67 0 91 51 12 43 59 62 8 57 64 46 26 63 51 33 97 0 29 93 73 88 8 46 97 71 58 85 30 65 78 28 27 93 54 89 1 48 29 32 21 71 19 78 44 75 22 10 81 54 97
99 94 94 43 53 15 57 100 77 63 63 92 28 19 14 20 86 5 9 22 1 30 29 97 32 33 74 4 5 63 42 53 93 66 54 96 11 15 61 99 30 69 69 73 7 69 68 4 27 11 82 16 46 56 23 99 71 25 39 18 95 45 40 45
83 11 37 96 8 44 59 66 28 10 58 37 52 54 28 6 40 23 82 93 9 56 28 73 48 61 65 67 72 97 77 54 18 32 10 97 5 13 97 77 74 19 14 32 44 23 24 6 23 7 76 60 30 23 74 64 68 31 24 1 0 47 75 34
81 62 72 13 51 35 27 95 2 73 11 82 31 98 60 93 82 77 34 60 64 12 24 74 49 5 92 77 51 86 21 30 29 65 23 84 23 82 14 97 45 39 30 96 5 57 6 45 96 3 10 88 18 68 50 69 46 68 89 9 28 83 29 65
45 71 76 83 49 35 84 32 48 32 99 19 97 25 91 73 56 2 8 22 98 22 8 4 9 51 19 17 82 14 34 3 35 1 95 31 6 37 11 28 26 46 75 46 45 3 29 95 73 60 52 84 56 93 47 88 71 66 89 29 80 77 48 27
65 26 100 24 49 89 55 88 22 20 80 3 20 53 28 37 17 89 72 53 54 81 12 89 63 95 51 51 63 70 75 17 44 77 19 16 42 16 22 65 72 86 77 4 87 84 89 90 37 56 94 24 2 36 89 2 7 25 76 58 90 45 23 38
