3 30 10 53 38 19 82 40 3 61 27 88 8 67 6 26 44 45 56 94 57 48 48 35 19 44 97 21 7 19 58 24 24 40 7 62 63 96 79 72 54 22 0 78 16 61 63 37 40 87 51 5 41 4 16 24 40 92 68 21 13 99 40 78
42 11 82 47 56 62 10 34 25 5 69 98 54 25 24 43 20 97 70 42 38 86 100 69 25 69 58 72 26 79 20 8 25 81 50 20 74 79 58 73 61 66 86 44 90 67 29 7 14 29 63 38 86 35 97 16 77 41 85 49 100 91 97 28
15 91 74 54 29 70 61 99 96 93 19 36 62 18 1 34 87 31 60 96 48 2 74 1 56 13 80 89 2 45 79 67 22 84 80 15 79 15 94 42 25 67 55 78 50 58 89 7 88 13 83 12 18 78 72 36 92 68 93 20 0 36 74 12
41 56 27 44 14 92 65 74 53 100 66 98 62 13 82 55 18 52 64 23 81 37 73 90 67 49 88 20 95 3 39 19 37 3 81 96 42 45 49 4 51 0 91 44 77 92 64 80 97 4 98 86 74 44 52 34 48 92 33 97 15 25 65 1
8 26 18 56 79 17 48 71 33 63 79 18 11 17 53 84 37 6 47 83 14 55 52 71 34 75 23 22 28 72 62 49 35 91 58 0 76 0 87 6 7 36 3 13 28 72 7 33 35 88 36 60 22 84 82 68 36 1 61 7 12 49 82 97
70 61 83 8 36 6 30 65 10 59 52 2 75 69 46 76 0 81 54 28 13 43 38 42 3 84 69 81 48 13 10 25 31 72 43 2 46 69 82 29 51 39 77 86 65 0 16 31 23 96 70 87 87 39 81 82 37 47 25 76 59 34 55 41
20 14 2 37 10 29 88 43 35 69 96 75 54 22 93 78 93 33 46 17 39 76 91 49 0 42 69 66 83 0 5 18 86 94 89 42 92 20 65 12 73 75 47 6 27 31 67 33 12 33 88 1 26 12 2 21 4 82 27 99 4 5 94 64
40 66 51 58 93 33 38 16 24 10 98 96 79 28 69 39 4 79 76 70 35 99 69 53 62 36 9 77 13 7 22 1 90 86 65 84 14 81 21 12 2 91 37 10 72 70 41 1 8 90 22 78 9 0 33 100 13 4 19 50 90 74 31 84
89 88 63 56 14 79 56 48 46 55 97 62 56 32 77 72 3 25 4 15 51 32 7 66 26 0 16 74 57 27 59 51 72 90 100 69 78 56 48 6 77 42 49 47 67 75 82 89 23 80 12 42 10 76 95 56 96 53 80 82 15 15 43 63
0 26 92 64 57 51 6 83 66 3 97 1 44 4 2 46 64 19 56 81 17 46 6 71 85 83 58 2 19 46 21 32 71 4 59 23 20 7 73 75 89 21 16 10 7 48 35 34 15 43 3 83 0 44 61 45 3 27 59 9 99 45 37 64
28 53 60 33 75 10 81 26 11 94 20 96 14 90 43 69 54 28 58 81 83 49 17 2 21 19 90 51 94 78 39 44 66 97 39 22 28 100 56 51 6 65 43 55 1 13 19 65 93 24 98 10 60 71 81 44 25 34 74 92 95 4 56 87
85 95 10 30 55 24 38 54 100 55 5 56 49 51 55 57 85 67 76 55 2 73 84 22 76 22 40 88 30 54 68 64 21 65 60 53 7 64 99 54 77 3 44 0 31 59 89 71 66 33 35 55 88 57 70 88 71 25 3 74 1 61 19 38
8 3 3 23 95 34 63 12 90 35 82 93 49 8 94 73 76 1 70 13 32 48 49 81 42 1 9 97 53 6 21 3 71 99 77 28 72 21 93 56 56 83 66 65 19 33 15 34 74 5 35 2 27 13 94 30 0 29 2 47 98 8 37 59
53 36 9 97 1 3 62 8 24 69 10 80 12 62 45 45 89 23 13 52 62 74 9 72 76 65 31 40 8 46 90 0 84 61 23 28 92 31 75 27 66 33 6 24 13 1 73 42 51 40 86 83 26 24 36 28 95 36 74 38 66 46 43 39
35 4 97 87 96 64 63 62 33 90 79 8 31 44 51 16 17 37 99 86 94 8 69 18 73 31 62 41 71 26 54 0 91 62 75 4 4 66 33 62 41 35 27 60 99 93 32 3 99 87 68 19 53 1 1 54 34 81 68 59 12 37 54 95
73 76 10 82 91 20 31 43 55 83 62 93 84 0 54 21 28 14 75 75 61 20 86 7 4 76 21 91 38 67 96 91 8 95 34 100 47 43 7 34 65 78 51 65 32 41 96 18 76 59 3 64 98 100 30 27 83 10 11 75 75 99 50 1
90 72 37 34 77 77 18 75 96 42 27 80 14 88 9 13 68 38 1 47 85 67 68 57 71 93 67 20 88 42 17 67 10 52 55 71 47 18 13 71 73 38 86 80 73 85 42 70 50 42 53 40 5 18 56 9 88 16 50 73 57 79 91 88
96 85 36 20 57 58 31 58 31 50 83 76 76 3 45 94 61 1 35 6 50 58 35 71 15 26 88 61 91 16 38 87 35 55 72 22 73 62 56 100 35 24 49 48 68 52 13 10 39 87 88 49 1 1 1 92 46 56 59 80 55 94 40 52
79 92 53 98 77 52 31 86 80 72 32 100 61 37 89 22 59 71 70 0 74 85 74 85 5 17 54 89 12 85 71 83 9 48 39 18 42 4 78 31 41 72 41 31 26 45 79 9 12 69 100 2 100 26 16 0 51 31 43 43 40 60 69 38
70 92 70 42 7 82 45 18 62 91 69 59 58 11 15 92 27 68 4 18 30 37 11 76 28 46 66 41 50 88 94 34 2 5 16 61 55 35 17 27 70 99 9 52 29 10 95 53 45 68 92 44 49 81 97 69 12 59 23 40 35 12 29 35
45 32 4 3 100 97 55 86 16 25 88 89 2 57 20 97 12 80 35 73 74 11 15 91 45 32 89 51 13 74 11 98 37 57 17 88 16 57 38 99 88 92 14 24 18 74 62 72 77 38 74 68 95 3 66 30 52 3 58 4 52 83 69 6
16 67 69 10 78 33 95 76 8 6 58 82 47 100 18 87 36 63 1 47 10 14 93 36 48 63 15 100 43 29 49 62 24 29 51 67 91 37 44 57 4 9 7 81 18 26 66 97 12 77 62 53 99 49 82 35 37 96 11 82 45 41 64 1
9 97 23 83 12 84 49 17 70 78 51 3 1 49 1 49 20 68 1 61 39 53 68 60 95 76 85 8 81 52 91 61 26 99 83 8 39 12 88 61 21 48 79 18 81 7 14 67 93 75 66 34 91 73 0 62 34 11 93 80 34 53 78 73
41 7 23 58 99 72 71 24 89 96 67 76 10 77 84 85 99 56 18 32 73 52 65 56 9 64 27 81 99 76 91 78 4 12 62 83 54 24 69 19 99 100 22 6 54 79 66 33 53 69 1 20 6 82 29 18 84 14 39 36 74 72 80 67
50 68 49 11 74 13 29 28 58 73 42 77 14 14 13 36 87 80 86 99 94 33 40 95 76 81 3 33 56 51 32 41 36 55 35 39 85 9 93 55 60 31 30 90 12 51 14 55 73 10 63 10 53 37 13 5 7 13 71 21 63 15 49 60
84 81 37 36 87 33 44 65 26 100 28 38 84 19 0 50 47 48 97 58 31 80 42 14 52 32 26 24 12 55 89 50 12 25 16 15 53 10 21 94 42 28 77 7 4 12 35 52 19 29 81 35 97 84 69 95 99 21 28 21 65 69 50 34
83 95 29 82 27 81 21 63 91 40 16 62 53 89 9 20 41 53 52 38 58 65 64 37 75 58 22 39 29 22 93 16 33 15 54 73 97 58 77 35 45 24 59 11 39 73 51 45 77 94 83 86 79 42 83 11 82 66 41 54 90 51 84 92
88 43 87 16 43 96 61 86 29 94 28 34 43 71 73 31 79 55 91 59 25 99 54 33 65 7 71 65 37 76 85 73 28 74 55 83 97 27 14 100 70 89 36 7 13 73 99 64 12 87 34 74 19 52 39 36 22 27 47 76 45 31 76 18
2 37 24 80 59 74 15 57 49 14 98 31 78 37 66 90 18 63 16 84 9 77 80 64 15 8 42 58 92 69 38 0 99 63 30 14 78 36 40 52 16 48 17 90 11 76 42 75 85 45 12 76 53 11 61 62 93 37 47 78 61 10 85 81
52 55 35 99 77 83 52 60 65 58 7 43 23 5 73 82 65 27 77 63 89 9 29 93 4 91 59 6 49 1 12 88 55 79 36 11 84 22 65 90 72 87 15 24 59 34 21 61 28 28 33 41 11 42 49 13 72 63 10 5 21 92 69 38
64 86 78 22 36 8 53 85 33 80 18 95 92 93 72 19 29 8 46 4 46 83 55 41 8 74 51 46 41 80 4 69 44 21 5 88 89 21 11 54 26 14 56 7 65 93 87 74 46 34 8 25 80 42 52 91 98 91 37 10 47 11 45 23
75 65 91 19 72 25 31 35 42 0 97 94 89 60 59 18 99 25 84 65 100 46 54 23 30 36 99 34 4 81 49 4 65 28 71 55 33 96 46 69 40 91 79 66 56 35 60 0 72 86 56 77 61 69 52 6 14 62 87 85 5 21 8 73
26 74 54 100 57 56 45 28 36 22 53 65 38 81 79 92 15 27 67 72 82 48 70 47 26 20 0 22 3 29 83 7 19 68 10 73 43 59 5 68 15 72 29 62 10 84 54 56 20 32 71 86 12 41 44 9 35 68 24 96 75 40 1 89
27 56 89 58 76 28 69 89 85 39 23 44 85 1 65 79 3 39 1 32 88 76 18 0 21 92 41 49 73 10 0 98 7 56 56 57 51 27 42 87 78 16 45 79 41 45 84 71 97 82 57 26 31 4 76 39 47 42 97 3 8 87 24 52
63 63 71 15 85 14 24 61 92 9 91 1 95 26 23 23 54 43 33 1 39 82 7 100 17 87 3 17 29 37 68 81 94 58 27 49 100 24 38 100 27 87 31 75 37 73 36 71 93 58 10 53 74 87 16 100 92 2 96 44 50 13 85 71
71 61 48 12 68 4 25 20 14 14 80 50 77 93 85 14 45 5 48 46 50 98 76 64 56 90 88 12 60 72 59 91 56 28 15 35 14 47 100 30 10 39 92 88 41 60 96 10 86 45 35 55 92 44 72 99 10 57 53 35 41 22 20 79
73 55 38 63 44 68 0 72 19 9 68 85 66 45 10 87 37 48 27 93 43 45 2 10 82 32 41 1 88 77 85 82 31 63 35 2 56 24 16 13 83 33 62 34 35 46 99 67 14 64 49 75 95 31 3 68 52 69 15 5 91 48 73 57
98 47 54 37 47 72 24 74 92 4 93 9 67 23 25 77 79 19 70 76 91 39 92 11 19 20 24 55 7 25 85 52 18 20 65 79 75 30 80 13 66 11 88 67 67 35 46 30 97 62 41 48 45 36 34 92 97 42 28 15 34 94 56 56
95 11 62 28 45 92 14 25 33 68 43 23 81 16 71 70 86 20 64 71 19 11 65 76 50 86 29 2 65 66 2 24 4 59 42 100 15 95 55 2 27 97 70 60 23 47 3 78 53 80 63 97 68 98 75 5 78 34 59 42 17 59 13 38
78 99 86 19 33 51 84 65 61 81 24 68 67 75 60 10 93 87 87 88 72 60 66 87 14 56 25 9 17 13 62 82 18 38 20 66 85 66 48 66 53 80 32 82 71 88 62 43 40 89 8 23 24 86 87 73 28 63 60 79 39 96 4 77
51 66 13 35 45 12 21 16 89 97 96 61 53 42 9 30 56 37 97 26 89 64 65 35 31 28 92 42 20 35 59 1 73 9 53 95 43 35 65 65 43 36 83 90 14 13 94 14 98 1 47 94 78 43 89 7 15 70 49 72 86 53 9 46
2 63 22 21 90 35 26 34 68 81 46 26 15 54 14 77 17 70 84 49 18 46 18 74 81 25 20 95 46 90 86 73 1 64 30 28 89 20 60 25 2 98 93 30 14 57 92 15 91 1 26 36 83 82 70 29 71 3 17 3 88 85 2 79
88 76 32 49 80 79 78 96 60 50 62 82 41 18 63 23 58 26 15 23 90 33 85 30 16 45 61 76 85 62 44 10 56 10 44 34 30 72 41 9 56 88 79 78 5 72 79 56 42 67 86 51 99 100 82 37 11 3 28 8 9 4 4 35
98 0 13 46 22 17 8 72 61 64 7 48 16 61 90 12 8 40 26 5 2 77 5 16 96 37 2 16 6 54 80 97 86 5 80 98 90 71 77 27 84 7 70 17 58 42 62 63 96 14 76 88 61 100 29 78 12 6 8 47 19 80 72 39
61 1 94 18 91 90 30 95 18 79 79 22 11 29 82 21 60 14 54 72 48 24 5 90 33 2 80 70 54 68 51 40 20 10 28 2 22 23 12 98 21 88 62 38 9 41 91 76 26 76 24 3 84 61 86 76 20 36 95 34 27 9 2 7
32 1 13 90 4 60 97 47 77 25 3 0 23 84 78 18 86 57 18 18 83 92 83 80 59 20 63 8 19 49 15 99 68 78 95 79 40 3 92 99 45 59 7 61 21 97 31 2 91 93 0 63 78 67 30 15 38 29 46 26 9 94 4 62
76 59 83 16 17 95 35 80 10 44 9 40 1 16 21 76 37 41 60 71 33 19 29 27 51 100 11 38 84 85 38 96 47 22 95 27 46 34 29 49 92 54 22 19 17 62 36 60 85 73 37 74 100 27 15 19 19 16 71 73 26 28 21 41
67 36 88 6 75 60 31 56 85 11 79 62 45 98 49 49 16 53 47 74 89 23 11 70 72 83 56 9 14 95 69 87 71 88 79 55 39 47 44 44 60 24 55 100 54 29 7 81 77 2 7 75 25 93 16 16 9 90 19 85 65 30 17 35
65 99 62 15 26 60 76 11 3 62 24 25 11 41 58 36 51 75 95 46 53 7 99 60 93 51 100 51 18 51 3 25 20 40 78 17 3 8 85 52 7 99 79 43 53 61 47 71 87 56 32 83 14 59 88 67 84 0 38 33 6 45 82 42
62 100 12 19 28 46 1 53 60 100 65 58 97 68 6 6 57 81 84 56 55 60 24 62 77 83 77 67 92 85 37 18 21 47 47 31 25 36 9 4 73 79 9 0 85 38 71 98 64 92 72 69 32 68 26 85 77 82 33 5 53 53 70 23
35 91 7 92 41 69 83 2 63 94 25 73 99 55 75 79 23 65 3 26 84 86 43 33 83 2 45 46 86 16 80 7 99 56 60 39 36 72 32 99 62 13 49 48 77 20 38 33 85 37 86 20 65 54 76 10 68 94 11 83 9 33 56 74
89 63 14 28 48 77 45 40 1 51 85 80 71 80 40 98 98 61 17 24 83 14 2 91 37 23 93 13 46 19 59 34 30 57 100 4 74 80 17 15 78 83 85 98 91 6 90 92 49 7 40 66 59 32 12 14 92 60 2 82 94 49 19 25
80 71 11 2 37 49 89 39 62 23 63 56 75 25 22 27 16 86 55 51 99 22 10 13 55 46 8 96 58 1 86 10 94 8 40 25 16 39 41 1 25 50 83 93 42 8 90 58 91 11 14 56 17 2 94 25 80 0 6 18 74 93 22 41
81 90 37 14 67 44 87 88 71 26 19 44 22 3 44 18 76 3 97 15 64 88 0 67 88 21 80 76 33 76 3 4 67 21 20 9 90 91 72 66 27 67 76 69 92 1 78 38 95 12 31 35 22 73 64 78 83 17 34 26 23 26 41 97
88 59 20 24 66 45 49 75 64 4 58 0 35 75 60 79 12 56 77 73 27 58 44 45 0 67 42 51 79 33 43 83 19 64 74 78 12 13 13 53 44 37 34 34 22 77 68 39 22 86 42 9 89 26 19 62 29 77 74 9 73 8 90 21
35 18 14 17 89 33 73 29 8 97 11 78 41 60 2 21 54 15 26 53 48 67 65 46 70 37 61 7 94 32 87 25 4 98 17 87 100 21 37 85 78 44 3 9 41 44 10 2 9 31 42 68 95 89 93 86 0 74 18 9 22 16 9 4
87 73 72 25 89 78 92 19 29 83 19 25 50 74 20 25 22 20 90 40 84 72 72 38 9 29 100 86 59 11 0 43 30 33 4 46 15 53 73 85 65 61 98 31 43 97 79 2 46 82 39 62 18 43 9 4 70 6 7 5 35 57 42 15
65 9 36 6 61 26 77 14 9 65 3 21 34 20 12 31 29 55 78 22 31 27 53 79 84 76 45 74 17 73 58 77 68 13 24 62 56 24 94 68 36 28 79 37 25 36 80 62 22 67 51 84 95 55 51 74 98 53 8 36 7 38 27 24
94 11 96 80 33 47 4 97 98 37 100 52 25 78 53 48 33 31 78 60 97 8 94 30 19 58 65 63 41 39 83 36 73 20 4 67 97 33 52 54 66 16 75 55 6 52 57 34 23 63 25 93 23 30 91 92 81 23 9 77 75 32 99 43
42 95 56 57 58 100 100 71 99 78 41 34 34 40 3 38 81 14 85 78 56 97 21 34 31 50 20 85 2 86 91 10 9 43 68 83 54 24 87 35 38 49 5 35 21 30 15 69 62 17 85 74 50 59 17 32 38 100 82 84 98 63 68 93
88 2 16 33 23 29 57 100 96 35 78 75 69 23 19 37 17 96 27 51 37 52 69 6 22 18 30 15 22 87 47 94 25 70 45 69 43 82 75 5 14 20 49 94 22 11 47 6 54 43 35 87 26 59 46 42 6 23 95 20 21 83 65 30
40 28 90 58 20 55 42 25 51 75 8 6 80 55 86 90 44 64 19 49 2 19 9 61 24 83 3 70 87 26 63 42 54 31 45 62 66 10 17 85 57 100 88 25 27 58 35 1 2 58 91 73 64 31 56 23 43 29 51 12 73 13 73 31
57 54 94 14 8 10 87 52 17 44 85 70 16 95 72 87 79 29 98 5 79 85 67 24 13 67 25 84 51 96 0 54 45 18 26 48 47 77 80 25 3 63 87 27 68 57 95 63 23 2 63 48 53 25 61 45 6 13 62 99 78 39 18 69
83 99 90 46 38 86 39 93 60 72 29 96 58 80 10 14 28 74 91 81 53 92 63 41 2 68 68 90 71 86 82 74 78 37 83 49 3 41 59 55 15 86 62 73 91 33 31 60 76 22 5 100 33 9 61 11 71 79 62 1 1 97 60 74
