21 22 68 24 29 10 93 68 77 80 89 33 58 2 31 18 5 9 75 84 41 84 77 61 18 49 5 38 64 98 68 11 86 93 97 58 95 99 99 97 54 33 60 8 35 94 27 60 13 78 89 13 52 33 56 76 73 88 34 23 26 90 53 47
20 40 84 44 1 5 33 32 67 0 91 19 3 41 30 73 51 46 7 73 37 44 88 74 5 21 17 34 8 94 73 33 28 36 33 77 73 15 95 33 16 54 38 11 34 26 8 98 54 39 16 54 18 24 39 23 68 90 95 88 71 42 46 12
98 80 64 3 88 75 96 73 36 29 23 63 32 41 59 43 21 88 48 95 80 40 35 99 66 48 100 9 85 83 30 99 47 68 3 93 64 54 49 5 58 42 97 26 11 83 66 25 98 87 68 62 21 83 83 36 48 46 52 23 100 16 68 26
61 10 96 53 77 79 49 98 98 95 70 91 39 23 9 95 36 5 46 82 46 27 59 68 50 53 25 92 21 13 0 57 55 19 28 41 76 50 39 71 32 79 6 27 44 49 73 45 53 11 58 50 32 0 36 42 6 65 85 28 87 42 38 18
68 48 80 31 32 55 44 36 5 91 73 60 85 33 15 76 61 59 83 87 61 43 98 68 25 96 65 20 44 87 100 86 49 0 53 66 65 4 83 51 74 84 36 15 13 90 23 96 63 16 23 16 84 15 63 34 68 86 56 66 75 96 3 35
36 99 17 35 52 5 83 92 0 1 4 26 76 56 95 87 90 27 17 45 63 89 38 84 52 50 23 47 55 61 34 17 33 78 49 12 88 73 80 17 48 6 15 23 67 57 89 11 100 14 83 41 19 55 39 16 92 55 70 53 11 30 56 92
9 77 79 42 98 24 10 88 14 93 10 3 15 29 58 73 52 40 48 35 34 24 5 87 34 34 35 84 25 42 68 76 100 91 66 53 97 48 26 99 42 3 80 31 7 66 3 54 14 21 12 36 3 32 23 6 26 91 69 15 74 67 75 35
19 11 13 97 71 8 70 74 64 17 0 10 98 47 76 82 76 27 70 92 93 70 70 61 16 9 44 27 99 68 35 17 28 77 80 33 3 71 73 80 66 50 78 16 13 95 42 26 55 34 15 27 50 64 71 38 54 64 37 95 62 37 56 54
32 34 34 18 23 58 77 55 40 23 40 46 71 86 26 4 17 28 91 78 70 46 78 3 82 22 19 93 25 83 26 81 93 71 30 4 99 60 83 31 60 39 76 85 68 7 85 78 62 70 46 18 23 59 53 51 37 86 20 51 41 56 6 88
61 73 5 35 87 8 21 43 17 10 92 59 56 89 49 50 70 64 71 55 44 30 82 40 2 58 22 77 49 71 17 21 74 14 85 27 95 37 49 21 45 3 10 6 96 99 10 73 66 67 37 56 78 16 55 70 8 12 40 59 76 52 55 52
1 31 51 45 97 47 100 7 63 21 21 1 54 48 77 69 8 62 89 36 79 46 83 71 14 65 96 50 98 84 69 64 9 71 23 92 96 78 64 60 81 31 74 62 18 37 52 11 11 4 35 15 78 95 75 10 67 69 34 89 94 21 32 0
20 89 55 30 8 63 60 76 61 85 24 14 84 69 6 8 53 7 96 1 1 31 15 72 53 19 19 3 15 58 46 32 67 87 21 91 59 51 53 0 32 40 22 64 64 0 33 83 62 87 43 43 88 98 79 15 87 46 19 53 42 5 31 97
42 31 87 1 0 80 17 64 34 51 17 1 37 68 18 59 95 23 1 75 22 87 38 88 18 45 53 54 68 19 60 12 5 18 57 70 10 18 31 28 42 77 7 84 12 55 74 38 70 80 78 29 71 92 45 39 94 40 49 7 28 67 68 63
25 9 52 100 44 88 55 100 59 54 78 99 70 23 53 23 75 35 78 85 36 86 0 88 55 48 37 77 31 88 75 65 99 51 67 13 62 94 81 14 87 10 3 55 53 85 15 21 9 77 59 67 72 41 70 65 95 30 91 8 26 50 95 35
93 42 37 51 89 27 84 31 99 96 18 25 72 18 53 76 63 2 26 25 87 9 52 5 95 25 87 60 42 2 70 9 80 36 7 38 6 23 61 22 92 40 51 60 12 18 1 62 94 90 82 71 20 7 60 12 0 70 0 3 35 100 77 58
65 64 4 24 12 39 96 70 36 62 82 40 72 14 96 87 49 68 66 37 21 72 22 43 64 55 76 84 2 4 88 50 47 62 99 4 17 64 8 73 9 77 74 69 97 36 28 21 49 94 93 90 6 6 60 32 43 14 58 3 3 44 23 94
69 15 55 67 30 93 7 48 94 55 26 15 100 74 9 97 42 100 50 11 100 8 20 0 40 46 15 32 84 78 16 12 63 9 63 57 99 12 53 41 51 40 70 50 33 90 37 72 93 70 81 42 0 86 24 0 41 63 47 52 6 1 12 32
22 97 82 75 22 93 26 42 7 91 6 65 31 84 26 91 12 31 39 27 73 82 59 23 39 82 85 51 15 85 93 13 5 35 86 85 63 30 5 2 41 80 6 99 68 86 15 91 18 1 28 14 3 99 26 64 7 35 77 54 13 2 2 84
94 15 5 87 26 22 84 88 74 50 9 74 35 63 47 22 68 86 1 37 38 19 36 85 22 22 65 74 32 92 28 56 84 83 76 10 34 62 96 8 41 61 73 20 54 56 7 55 22 29 58 4 57 70 86 12 97 27 85 59 19 85 48 73
33 91 14 65 83 63 14 79 69 57 14 14 42 0 80 36 87 93 65 17 99 6 49 18 0 62 50 1 51 88 32 10 9 46 72 73 7 40 66 56 85 34 15 12 96 29 62 22 79 2 69 45 79 14 57 12 91 10 100 39 97 38 23 78
89 14 84 5 12 58 70 36 76 50 86 52 71 81 23 44 40 3 72 77 74 34 20 45 62 46 94 12 37 54 87 63 60 95 86 94 3 55 1 76 47 39 39 32 27 78 98 37 77 82 29 62 51 89 7 62 38 69 1 91 75 7 86 46
47 74 67 7 13 48 88 58 94 75 12 79 7 72 48 34 42 55 13 19 72 15 98 96 22 85 78 18 94 71 86 6 68 94 95 13 9 42 76 53 70 95 68 63 3 7 63 33 49 38 64 43 40 94 57 75 50 10 64 92 77 55 55 82
5 62 34 65 14 52 84 67 9 74 81 73 25 4 1 91 56 34 34 70 18 80 63 50 2 49 5 28 11 41 26 48 30 7 70 74 83 67 19 33 43 74 27 100 61 30 22 21 54 44 99 19 69 72 5 17 24 93 99 59 81 18 89 40
24 49 71 47 60 17 5 80 95 60 71 81 9 35 5 88 58 61 16 21 45 40 46 76 98 99 52 92 45 74 1 46 54 3 45 0 49 31 90 89 15 57 81 58 27 25 95 39 95 19 60 14 89 66 87 74 59 50 48 54 74 55 81 6
18 13 39 79 49 84 43 6 90 56 42 57 56 79 15 31 66 30 99 8 70 72 23 22 37 68 77 7 74 24 5 62 11 42 99 76 82 40 92 13 56 18 70 15 96 98 61 95 46 71 76 9 34 63 14 70 61 2 10 51 62 45 20 2
61 60 65 5 67 21 28 38 87 23 80 0 89 28 57 61 83 87 82 75 64 24 73 71 67 73 20 51 0 98 39 61 3 26 11 100 84 96 60 4 88 24 33 73 21 28 83 27 59 59 87 39 41 68 57 89 37 28 20 68 11 24 70 47
54 32 6 54 8 74 67 87 63 45 65 77 34 29 9 15 74 45 29 28 88 59 31 15 100 13 69 35 93 39 40 98 65 76 54 78 53 8 99 2 94 46 24 7 13 46 95 71 38 51 65 80 20 2 27 75 61 64 89 13 4 37 79 51
86 54 61 14 60 79 19 100 45 74 0 3 93 50 63 86 97 46 18 22 40 71 98 62 43 33 40 20 61 55 33 12 8 97 72 38 81 75 45 63 65 69 21 85 75 92 7 32 92 72 10 23 30 24 8 35 9 88 97 68 31 82 10 88
50 86 18 86 5 32 47 11 32 0 72 52 59 78 42 88 60 100 64 66 40 43 32 55 98 34 55 55 28 47 45 96 20 72 50 32 36 74 28 43 1 55 91 96 51 43 46 32 0 42 51 53 62 11 65 60 9 5 22 49 99 84 68 78
88 18 51 70 23 89 81 7 3 49 85 58 15 35 86 5 72 18 85 51 99 23 52 68 40 58 9 6 14 53 69 99 45 9 81 32 6 63 79 23 99 1 14 53 51 29 72 7 42 41 55 95 61 99 43 40 100 18 55 73 35 60 46 7
21 14 87 76 81 44 82 64 26 62 6 69 100 93 19 85 81 82 3 49 13 91 78 76 69 47 0 18 87 38 33 86 71 86 50 21 39 22 42 46 34 25 1 81 45 72 40 65 84 0 15 82 65 41 42 69 21 86 29 36 53 34 35 26
79 46 5 90 77 49 59 22 13 46 94 32 47 38 52 48 4 51 76 54 58 18 14 92 37 78 79 91 72 9 13 93 66 44 18 41 30 33 3 50 6 1 3 20 71 15 4 35 19 14 51 22 9 73 59 78 63 52 61 69 68 56 18 55
83 94 6 95 18 14 83 51 17 45 80 5 10 37 65 49 26 13 30 91 59 52 75 30 15 73 88 52 53 60 53 97 6 21 58 56 81 42 15 27 39 94 39 39 44 16 18 39 81 49 29 41 51 86 9 60 3 55 0 23 7 38 69 62
20 97 85 35 86 2 81 98 38 26 87 48 16 17 59 66 38 88 49 83 4 30 14 56 5 45 39 23 90 0 91 53 66 32 81 25 72 51 42 80 33 49 57 26 87 62 98 31 58 5 94 42 48 100 59 48 43 66 15 10 22 14 95 23
81 70 77 39 54 19 7 6 27 42 29 91 73 16 93 70 85 47 60 41 70 8 78 31 92 32 66 75 43 88 27 92 100 39 32 55 2 37 70 18 24 77 20 78 85 40 1 12 23 9 68 20 72 31 21 23 55 89 61 15 40 33 78 50
16 0 95 5 44 22 88 52 50 39 7 73 35 81 13 75 60 39 0 77 74 58 3 48 1 91 77 7 7 8 80 28 77 91 30 73 13 89 69 4 16 59 77 42 98 38 77 54 75 25 28 14 43 14 81 47 71 44 80 38 23 70 9 59
56 55 18 15 23 91 100 2 78 56 33 61 4 97 42 86 67 65 62 47 25 18 65 24 38 80 36 23 15 50 53 15 11 47 78 77 45 78 48 38 53 79 24 91 2 2 60 3 39 97 65 40 52 44 36 83 86 21 87 100 47 62 83 58
48 21 76 61 80 91 74 76 25 61 2 7 76 73 62 99 97 10 29 48 26 71 22 23 63 100 26 27 60 6 52 33 89 22 18 20 76 42 76 74 8 80 8 49 23 49 35 13 68 79 67 50 46 88 6 44 55 80 23 1 35 6 69 31
31 63 93 41 2 60 89 53 28 28 2 82 80 19 47 30 5 45 13 44 36 75 75 28 73 35 79 45 79 69 38 62 75 4 63 76 97 13 80 99 2 83 68 50 83 43 20 69 52 59 1 53 0 44 91 36 18 46 23 40 22 16 97 69
60 89 85 44 4 18 89 10 70 92 40 48 19 85 67 6 76 3 79 11 26 59 71 49 3 4 89 73 92 75 48 88 54 44 35 76 67 80 14 67 10 24 6 41 87 55 6 4 7 38 12 96 59 37 60 86 81 72 48 54 76 65 16 76
83 76 58 24 57 9 29 23 32 74 62 42 97 48 38 36 46 29 87 47 25 10 72 43 89 85 29 85 38 51 41 53 64 54 6 56 2 25 84 19 96 22 67 98 96 62 98 42 37 37 89 61 88 26 66 100 15 44 40 26 70 57 55 82
27 98 86 38 57 23 8 14 14 87 100 39 29 42 72 88 87 13 69 2 90 13 13 76 76 50 18 95 32 80 69 91 10 21 30 14 88 56 93 38 32 35 80 75 21 51 99 24 33 64 42 30 25 48 47 40 68 25 38 42 59 27 37 68
27 1 55 65 51 56 1 70 30 81 75 8 96 22 81 11 78 52 64 72 0 54 54 23 44 9 42 12 10 60 36 10 87 18 96 67 8 8 11 57 91 42 87 36 15 69 69 74 56 32 91 39 93 9 92 9 4 51 50 75 42 93 53 93
17 43 66 96 46 16 4 42 44 91 57 67 33 82 75 28 40 98 3 6 55 45 82 81 98 64 44 60 76 58 21 95 75 1 37 97 83 30 83 56 14 19 11 27 19 82 98 6 50 80 60 18 96 50 57 1 68 83 15 95 9 35 30 32
86 18 25 4 90 66 17 81 51 40 58 85 36 0 13 77 93 73 64 59 5 10 86 18 98 22 67 78 62 9 20 97 11 1 77 55 8 13 74 58 82 2 61 18 64 34 39 6 80 39 76 30 13 83 84 68 43 91 98 8 60 100 52 96
48 48 26 88 97 13 78 86 61 0 70 51 33 5 27 81 67 36 69 11 36 64 76 38 79 83 54 17 92 99 86 49 7 10 85 63 47 48 90 8 0 79 50 91 7 63 38 61 53 68 19 100 51 36 32 63 93 91 94 13 69 67 77 12
47 61 98 85 5 2 54 52 33 81 6 67 73 80 47 10 83 78 58 68 25 75 70 47 28 96 42 70 25 71 49 87 31 86 70 27 54 74 51 88 90 38 47 35 52 36 48 82 50 76 70 99 79 55 81 83 79 74 42 21 52 100 78 95
50 98 97 100 28 21 99 79 8 35 98 95 50 95 8 73 77 37 76 36 29 97 34 63 52 91 15 77 3 60 16 68 74 20 23 91 75 55 54 44 23 10 23 91 94 21 41 20 23 0 9 54 70 47 8 30 74 98 24 31 47 92 76 13
26 99 9 75 59 76 59 91 58 69 76 0 3 9 69 85 32 11 21 66 0 17 84 73 4 29 47 38 43 91 4 81 55 32 93 2 65 80 28 82 59 31 10 82 60 75 5 12 78 86 13 55 91 5 11 72 7 97 47 69 0 44 61 41
63 38 94 90 1 83 9 36 35 64 89 52 33 88 58 49 88 29 20 17 91 69 73 19 1 79 31 7 100 84 83 78 70 14 10 49 100 15 53 82 2 2 63 15 42 53 46 74 58 75 72 82 16 79 76 20 90 88 28 72 28 50 13 44
95 24 60 58 60 25 52 92 40 34 4 10 43 9 81 44 82 6 91 50 43 64 82 9 39 83 51 18 79 8 32 72 40 79 46 6 43 62 62 43 85 37 43 70 49 57 60 26 37 36 4 17 73 100 68 72 7 37 99 20 53 64 4 10
64 45 36 75 23 97 94 69 22 4 35 46 10 37 83 12 85 100 68 70 85 20 54 87 21 84 89 28 45 76 67 51 51 53 94 24 44 24 42 83 73 70 24 70 56 31 86 13 62 9 57 34 42 76 59 41 32 11 70 69 52 68 1 56
6 92 61 93 71 36 97 78 61 44 99 15 74 16 35 7 54 51 82 6 4 12 99 26 57 42 39 93 59 36 12 25 49 40 33 26 17 77 54 26 5 21 91 94 74 46 1 39 56 46 99 26 47 69 38 81 98 26 57 22 36 86 55 6
93 84 35 91 33 62 77 82 81 97 56 58 26 86 55 62 85 55 38 7 24 85 85 80 45 47 46 95 28 92 5 54 97 3 1 45 61 25 52 25 81 87 66 0 51 59 52 37 13 42 42 37 75 69 13 65 28 17 20 25 90 73 81 51
97 46 60 99 90 20 33 40 23 98 20 58 51 65 71 48 84 21 76 67 29 81 87 94 84 82 26 71 59 10 62 82 15 38 10 3 19 18 18 68 72 89 28 17 92 8 0 94 50 92 18 79 11 60 79 62 98 75 80 17 63 77 37 5
84 46 44 49 9 99 66 52 75 57 17 57 25 50 89 68 98 24 95 70 20 10 28 42 75 52 22 91 100 52 55 81 66 9 94 3 47 26 97 9 6 82 80 53 37 20 35 94 20 2 17 45 51 1 30 66 7 90 4 6 92 79 88 54
3 24 57 86 96 31 53 13 54 57 5 63 84 77 48 29 10 81 71 68 30 58 84 54 79 35 14 27 38 71 3 100 68 3 12 22 28 37 84 68 65 85 21 33 40 95 42 67 80 1 43 80 50 87 84 54 26 42 74 72 46 66 27 26
24 81 15 29 48 58 54 39 21 18 21 85 30 72 35 81 86 88 95 11 58 38 1 32 7 23 84 57 58 21 32 98 31 54 49 48 19 15 41 69 0 40 36 63 60 90 93 84 19 35 6 2 41 4 7 32 92 71 22 93 63 64 27 56
37 53 92 40 89 48 0 46 91 50 52 89 50 33 21 78 77 79 38 5 32 51 19 63 26 90 9 14 92 80 5 31 96 6 67 33 18 19 36 95 31 93 10 83 86 60 98 47 81 89 64 66 14 44 55 44 27 2 14 63 9 88 17 8
16 24 82 33 41 9 52 53 15 95 25 16 80 63 94 35 59 45 11 93 37 52 11 54 98 85 90 41 57 28 80 83 72 59 85 41 27 74 38 75 39 68 40 44 16 54 16 41 36 71 89 64 13 80 17 1 94 73 37 6 74 24 76 87
68 47 64 19 40 59 3 47 50 33 4 24 67 31 75 100 52 47 8 60 52 32 81 62 0 53 11 57 93 33 14 93 5 19 50 50 70 72 46 91 43 68 29 51 99 75 58 72 92 85 33 67 66 21 37 75 62 41 96 7 69 69 92 48
40 70 83 76 24 53 94 32 58 77 26 51 50 93 75 94 37 46 86 36 93 63 60 39 87 36 23 26 49 44 40 1 66 53 40 49 0 63 30 45 87 94 18 51 61 57 40 34 12 92 13 87 92 52 12 39 42 63 92 38 44 21 13 56
58 44 55 38 0 6 88 86 51 24 9 42 8 98 58 41 98 2 22 19 8 29 53 88 23 53 96 11 71 49 92 39 55 92 75 97 43 37 45 83 91 33 60 57 32 44 7 1 46 37 89 58 88 90 90 84 42 54 25 13 5 7 90 10
15 31 44 81 51 37 74 17 18 69 48 34 59 31 42 87 80 58 13 54 99 56 15 50 62 45 71 55 68 66 90 78 20 33 71 63 86 68 55 49 25 96 70 29 90 51 75 43 67 61 59 88 22 48 92 76 12 75 99 65 11 26 33 58
