31 43 90 74 54 22 23 40 41 50 91 50 100 0 33 83 92 36 8 84 5 20 30 66 57 4 33 75 72 11 75 88 58 17 53 82 9 65 32 1 60 38 34 96 25 25 23 65 57 90 34 11 20 57 28 15 65 26 21 43 25 47 41 93
17 69 78 49 81 55 36 44 86 42 39 37 29 25 1 57 63 69 20 50 0 81 82 53 22 64 3 13 67 29 77 94 23 51 63 94 97 41 34 90 97 70 59 31 23 95 14 37 54 66 33 91 34 85 73 59 59 23 39 42 91 53 22 55
42 24 63 88 31 88 24 57 31 22 84 2 96 86 26 98 63 25 92 10 23 40 4 38 36 70 95 11 9 12 87 34 63 74 79 39 78 61 38 27 77 34 7 87 4 91 65 63 3 4 22 69 27 10 37 16 48 18 71 72 14 16 92 37
31 48 85 68 89 89 72 31 59 9 98 66 44 33 24 19 54 4 34 62 73 28 86 56 84 6 98 66 32 52 87 23 19 98 100 58 93 32 87 91 57 70 66 80 38 51 64 27 1 34 40 73 39 11 72 44 34 20 24 92 1 89 3 14
28 4 31 16 19 54 32 48 51 74 48 61 84 98 99 44 71 68 58 52 19 97 94 93 97 27 74 72 53 29 100 75 60 64 63 29 29 42 38 37 30 0 84 76 11 62 9 69 25 52 35 33 71 27 93 49 28 55 85 95 78 8 19 28
85 4 42 25 49 24 36 52 100 50 2 63 66 44 31 58 79 32 83 62 46 16 35 80 95 90 22 44 91 93 75 24 48 23 19 80 47 4 77 57 80 74 35 74 44 13 11 66 11 90 63 4 33 62 54 70 21 13 17 17 20 6 8 65
7 85 18 16 53 30 15 25 42 41 54 42 43 26 46 92 67 38 54 71 87 42 9 67 97 100 97 6 66 54 8 79 4 81 92 20 44 70 56 20 29 92 18 27 70 18 33 46 53 33 5 83 65 33 77 25 98 71 42 31 69 100 7 33
0 79 38 45 11 65 29 1 19 74 18 11 30 99 88 97 59 100 37 51 55 63 85 39 24 92 85 35 30 15 6 18 21 62 4 34 29 88 100 47 42 4 65 15 72 81 50 25 32 74 52 37 74 93 44 44 15 87 83 7 70 47 3 67
93 7 24 44 93 8 37 28 64 56 72 60 16 48 93 8 18 75 77 56 26 73 33 70 52 25 42 91 61 87 88 59 82 68 96 31 10 65 89 36 28 22 59 11 41 62 37 33 93 77 1 57 64 55 40 27 46 71 86 86 48 61 75 14
34 4 71 50 18 82 74 62 39 19 31 82 44 93 92 6 43 44 51 61 79 44 57 84 25 49 60 43 70 58 1 44 54 92 54 86 47 16 17 56 91 91 95 70 69 72 46 33 58 46 94 56 58 40 65 2 98 34 29 90 62 43 29 58
71 61 64 27 93 95 75 48 9 22 78 65 71 96 64 56 22 60 41 100 2 53 74 38 39 8 78 28 73 2 9 24 56 63 21 73 90 36 94 47 10 55 16 81 17 14 5 32 94 16 95 38 50 84 57 30 40 6 20 84 20 85 59 23
22 94 90 40 61 9 66 30 65 9 50 33 26 77 92 26 82 6 2 61 21 61 61 22 34 68 31 53 94 33 56 90 75 77 12 57 79 33 47 6 86 48 84 5 97 27 20 54 36 29 76 53 8 57 88 6 15 73 17 34 30 50 59 43
45 7 3 5 53 43 74 84 79 68 89 20 61 51 55 9 86 70 51 36 13 92 19 29 51 31 93 30 45 86 32 74 9 52 99 16 7 16 12 70 27 10 70 12 53 49 20 98 4 44 24 81 38 5 41 25 39 68 51 51 58 22 3 89
23 15 94 67 85 47 31 39 73 33 43 27 24 86 9 57 2 11 54 35 19 0 8 75 55 10 94 41 12 25 29 73 74 51 79 41 65 85 83 41 49 26 41 32 59 38 39 57 47 28 29 34 42 43 18 61 96 66 58 32 59 45 13 83
16 18 96 72 89 57 69 0 28 96 66 10 91 52 3 51 28 92 33 51 46 33 56 12 68 70 44 51 93 54 85 54 92 49 12 9 51 93 17 33 48 55 69 8 23 58 51 100 73 56 10 61 64 75 71 13 64 25 54 53 61 46 47 9
33 11 5 67 38 58 75 51 10 24 40 96 54 72 93 18 60 87 100 89 26 74 39 71 5 6 50 85 89 59 92 71 48 70 42 6 38 56 42 77 7 92 30 75 27 14 64 0 47 11 61 97 63 9 52 9 55 29 52 99 41 96 53 51
62 3 48 49 88 15 34 55 81 91 18 45 39 50 17 59 72 70 78 52 38 59 53 56 35 12 47 30 100 36 89 14 32 44 73 77 31 4 5 40 33 44 1 79 21 18 6 7 34 3 16 47 46 68 37 95 87 46 81 67 56 50 75 43
60 81 71 80 47 29 37 12 83 79 3 19 82 4 65 3 77 7 92 87 13 9 35 69 58 6 92 32 34 29 52 11 41 22 49 34 85 34 27 61 70 79 8 17 5 81 5 56 82 91 57 98 22 45 58 21 9 19 58 49 7 22 58 62
74 81 29 92 40 10 4 80 1 14 5 67 90 83 94 97 11 91 3 81 8 55 54 55 47 75 88 38 79 62 9 64 10 88 49 96 41 11 78 85 85 77 34 76 16 21 90 85 15 7 53 6 18 28 1 91 97 46 57 55 87 81 3 65
38 63 32 14 64 14 78 43 62 4 33 99 66 71 48 4 55 50 84 96 64 89 12 12 85 60 26 80 35 32 73 26 27 50 9 68 69 43 4 36 5 69 92 42 21 46 81 1 31 74 54 100 82 49 33 86 21 48 64 39 90 99 53 92
46 3 39 31 31 9 62 50 78 11 74 62 25 67 34 9 94 99 99 14 19 73 92 53 18 47 23 7 67 29 42 65 79 6 40 37 18 93 30 49 18 6 11 2 53 8 48 46 16 40 51 82 85 20 44 36 57 70 91 9 80 5 2 57
3 83 95 58 39 57 99 1 29 72 66 30 38 71 15 71 57 70 66 91 31 10 35 59 41 34 16 12 85 37 22 80 85 59 30 9 2 6 63 54 56 8 28 68 24 68 57 77 87 46 44 77 7 99 56 99 77 97 88 6 15 84 94 34
46 98 75 48 38 58 90 34 99 27 94 30 91 36 72 6 32 8 89 12 34 68 77 32 35 76 83 14 84 39 3 54 29 84 81 42 76 77 40 56 47 58 94 22 76 34 30 46 56 79 95 95 21 39 20 72 5 39 4 23 35 7 14 0
75 68 100 52 78 25 93 98 58 57 80 12 44 51 11 66 15 88 99 99 72 59 8 65 70 95 18 73 73 10 99 21 43 4 56 4 98 83 30 6 15 25 2 95 12 46 82 75 95 51 5 53 63 77 40 57 64 0 50 8 100 54 46 97
95 57 69 44 92 74 91 51 29 26 61 27 52 35 84 27 81 90 39 18 14 25 87 5 94 48 75 51 31 27 9 34 14 10 6 92 59 7 17 30 88 82 94 63 26 31 35 5 46 78 60 24 98 100 15 97 6 39 7 65 25 89 7 98
30 66 90 63 66 80 35 58 52 98 99 85 29 72 71 23 77 36 53 1 35 99 92 81 16 89 18 77 18 87 11 81 61 41 0 71 32 94 94 47 72 41 31 7 91 31 64 65 3 5 79 78 41 7 85 47 50 95 75 67 43 35 52 85
11 12 27 87 70 84 73 32 26 3 70 40 58 56 16 22 49 50 24 72 81 99 13 75 84 42 86 63 85 95 35 33 54 98 61 81 78 78 57 18 10 92 14 61 34 82 34 33 8 98 50 10 76 41 91 30 61 96 98 16 86 68 28 98
15 93 51 94 4 3 66 14 31 37 61 7 3 39 4 4 49 74 43 45 97 77 91 5 41 59 97 14 61 67 38 88 72 36 86 52 13 61 54 83 18 55 43 85 75 17 25 51 42 18 66 34 23 21 65 33 63 67 95 4 59 35 68 28
94 90 99 48 58 53 38 6 48 72 79 93 37 67 1 88 78 48 100 78 43 36 19 18 63 72 20 95 89 73 34 25 45 97 97 29 67 29 96 84 12 61 83 31 51 74 57 50 13 40 100 61 40 61 12 1 48 59 34 52 46 41 89 52
65 47 44 86 99 68 12 26 70 75 91 61 37 2 20 23 9 74 100 81 80 54 40 80 29 61 39 24 25 15 11 33 26 17 45 79 0 4 12 61 1 27 9 5 7 6 93 97 29 71 100 43 74 54 14 23 31 3 17 90 66 11 66 40
26 57 9 10 13 50 2 95 65 39 51 85 58 14 12 11 18 44 4 86 93 84 92 51 3 4 1 26 54 60 20 55 12 44 11 88 12 49 94 25 0 58 22 45 39 75 13 82 98 43 43 66 50 75 29 39 75 22 70 10 23 58 53 40
100 25 12 98 89 34 6 7 44 82 97 59 53 53 78 38 87 98 36 39 92 36 57 39 67 14 1 72 12 28 69 24 38 26 27 55 39 35 88 99 99 61 79 26 28 80 78 46 18 66 16 75 70 46 81 80 99 72 68 39 19 66 39 74
59 3 0 43 93 18 80 0 37 61 53 69 91 86 47 76 45 85 30 58 63 18 61 81 72 77 44 81 49 15 26 64 46 79 88 9 81 1 60 74 64 4 19 34 4 95 42 15 2 55 19 94 13 54 0 94 50 100 22 100 51 74 88 96
86 73 46 79 44 15 41 80 44 18 13 88 58 58 38 73 36 50 56 69 10 74 66 42 59 43 13 51 99 29 74 6 63 62 63 20 50 31 73 70 93 50 53 49 67 24 37 15 44 7 25 54 61 5 44 92 0 4 51 97 39 80 35 78
54 26 64 41 77 67 35 99 29 20 63 24 100 11 18 2 31 80 91 83 27 6 54 30 34 11 20 70 62 27 19 11 20 58 92 93 82 30 33 11 24 55 64 68 24 15 69 20 25 51 6 40 5 54 10 31 99 79 79 73 42 96 86 54
1 33 24 37 93 9 19 68 18 12 3 44 67 26 51 7 17 95 18 13 87 64 42 95 100 37 49 29 27 5 3 95 10 35 39 65 62 59 51 31 19 95 51 35 1 1 18 53 34 58 75 33 64 44 39 85 45 14 95 70 1 46 64 54
28 76 15 32 4 74 41 58 84 46 1 63 75 94 70 89 94 21 59 42 60 12 80 64 42 98 30 27 30 47 58 0 31 6 45 54 60 22 72 99 46 44 83 90 69 96 22 11 92 19 93 68 0 16 21 58 37 0 99 36 10 71 52 24
88 61 13 90 46 34 11 20 51 46 93 14 1 73 77 38 8 65 11 83 99 43 42 0 55 21 98 55 35 69 0 54 53 13 30 36 71 50 53 9 12 52 16 7 91 15 19 93 51 9 95 67 25 74 6 88 55 8 81 40 3 69 27 50
100 6 60 86 62 20 28 37 70 59 41 1 93 76 67 85 74 100 37 93 63 92 17 12 6 5 78 20 36 17 41 36 48 98 62 38 60 73 7 28 8 4 76 95 73 64 88 66 38 39 48 43 0 32 64 40 55 76 82 90 9 23 54 65
26 5 8 62 65 90 71 99 7 68 4 9 15 16 40 0 50 86 18 27 19 59 82 61 8 51 31 24 56 94 60 98 6 71 6 75 100 21 73 96 48 17 84 59 66 36 3 14 39 40 60 87 51 73 10 88 11 6 18 0 91 93 99 15
32 59 96 20 13 85 5 36 29 55 71 7 43 4 44 32 80 16 59 32 59 89 1 93 41 4 63 25 32 6 99 80 86 70 84 21 87 85 96 20 62 14 89 4 23 52 96 88 20 67 54 47 61 9 86 64 22 69 37 32 15 54 9 20
82 60 98 64 16 58 25 8 11 42 1 77 58 48 76 92 88 16 25 13 40 32 26 94 69 14 8 33 35 43 84 9 7 74 0 28 100 20 56 1 89 72 50 28 25 43 89 32 35 62 30 7 30 53 63 52 2 86 82 34 15 73 79 25
13 76 86 7 62 46 79 91 12 24 99 67 23 65 98 40 100 70 28 46 91 75 8 2 45 13 95 63 3 75 75 7 21 43 17 19 32 0 1 42 93 81 14 34 89 34 41 59 94 47 16 47 22 36 42 59 39 78 60 71 66 70 74 37
16 46 2 67 39 5 24 14 25 33 53 37 33 97 59 28 20 72 19 98 2 22 79 55 83 95 12 42 5 6 98 65 23 89 42 52 2 44 53 50 63 2 81 40 34 50 35 53 49 1 20 1 68 23 75 21 34 35 39 15 2 3 83 69
97 49 28 17 80 12 6 30 1 25 63 63 1 10 67 23 10 36 86 81 80 41 79 9 77 11 56 78 98 38 47 2 67 98 39 31 36 71 58 1 48 54 28 77 50 48 67 67 56 67 95 40 68 50 45 92 42 50 24 26 48 52 60 23
31 22 80 73 69 10 98 36 92 88 36 96 98 59 86 4 42 0 29 65 56 62 61 37 17 72 85 53 2 62 72 93 99 7 2 22 90 17 7 97 75 12 71 45 78 72 92 2 38 82 2 7 77 55 41 64 2 0 33 57 77 51 92 14
18 72 91 22 67 57 86 28 82 43 57 82 12 98 24 45 25 17 13 11 89 36 67 73 1 90 7 8 83 2 53 76 53 94 25 79 52 49 46 35 34 79 27 66 24 35 55 27 61 66 39 23 20 66 54 48 87 100 94 78 62 53 57 40
81 9 92 93 1 63 71 39 15 80 74 45 51 65 24 84 87 37 92 37 91 55 6 17 64 87 64 52 68 41 10 95 1 56 20 72 50 50 37 57 83 5 93 24 97 26 58 76 53 6 9 2 71 49 97 71 81 32 40 44 89 20 74 89
70 17 79 37 79 82 2 37 86 67 10 19 82 82 93 56 73 90 4 60 47 26 61 38 68 67 59 28 12 97 33 94 2 53 98 75 70 91 54 69 74 6 31 60 98 72 9 9 94 58 31 71 6 12 24 1 55 88 89 64 49 65 49 91
82 32 7 50 87 33 89 89 38 66 5 44 37 80 40 53 78 14 92 48 26 74 7 56 89 7 56 80 8 1 33 73 65 45 79 35 75 3 27 98 45 69 91 69 79 29 66 2 17 9 1 7 34 69 67 41 25 75 83 15 42 89 36 43
80 24 77 99 91 47 88 3 42 3 14 88 90 20 0 70 2 22 35 56 16 33 6 60 88 6 69 58 20 68 25 33 44 39 53 7 47 25 58 72 5 14 84 43 51 65 76 57 86 7 15 40 76 27 31 96 71 6 57 29 53 47 4 80
61 3 75 24 57 68 31 10 84 62 57 54 31 35 47 48 99 13 62 16 13 96 40 82 76 27 68 74 89 82 32 85 31 54 40 17 21 61 10 23 66 90 87 51 87 97 65 34 5 68 10 0 72 71 21 78 19 39 60 97 96 34 13 75
25 77 82 98 25 45 35 27 50 99 3 59 66 67 33 68 3 90 30 25 82 61 21 23 44 63 19 98 79 49 48 6 93 8 68 39 5 12 11 83 41 85 97 33 52 22 64 50 22 83 6 9 7 94 87 3 75 29 41 62 49 31 28 1
65 7 59 25 21 23 4 12 72 60 75 83 75 93 92 45 43 16 19 53 22 63 12 52 5 32 12 46 97 8 24 69 71 10 81 74 71 88 59 2 36 35 86 29 88 10 12 99 53 85 0 84 79 2 61 6 89 93 18 47 48 5 17 16
75 22 6 26 45 56 24 22 93 81 46 1 53 42 88 78 79 22 35 15 15 100 52 38 6 30 13 40 61 93 87 83 19 92 71 83 54 81 34 32 30 23 76 59 23 81 33 58 25 35 55 61 97 67 95 19 72 86 51 100 36 14 47 33
34 16 70 95 96 33 89 10 96 13 30 89 99 78 7 18 93 49 75 68 42 86 56 41 29 98 45 13 33 26 70 67 16 9 64 79 94 67 34 59 14 1 41 61 81 11 23 96 34 73 43 29 33 71 39 38 78 39 57 62 73 51 27 94
100 17 48 17 82 19 3 3 50 81 26 24 30 94 91 7 22 90 88 84 5 56 60 27 77 94 51 11 72 2 82 16 75 73 75 10 20 60 60 1 51 39 32 97 31 38 77 97 93 18 55 42 17 47 35 50 5 55 67 73 2 29 61 22
93 70 78 55 27 34 97 84 30 17 23 56 55 79 36 62 59 67 24 44 40 39 41 0 90 22 66 51 80 29 59 16 81 25 5 37 7 30 39 29 4 32 63 71 89 7 60 51 75 71 88 19 90 41 78 88 61 99 28 85 78 51 40 83
20 81 95 15 65 33 43 11 74 77 2 84 77 67 20 27 68 14 83 61 82 15 40 16 59 45 94 75 74 62 12 100 22 14 84 61 46 43 93 45 47 29 49 81 16 60 79 93 82 100 42 83 20 37 20 70 41 40 41 80 49 39 71 48
44 58 72 12 93 41 55 66 48 90 53 73 42 13 81 47 99 72 32 81 91 66 33 15 88 93 90 24 20 61 67 6 36 63 14 21 8 24 75 18 35 97 49 27 62 67 47 75 65 89 61 81 76 0 58 70 19 61 43 76 0 87 93 70
17 71 93 21 51 50 24 39 32 48 22 22 34 67 92 66 29 20 81 97 43 82 6 94 48 97 0 8 83 40 87 23 58 27 96 78 79 87 26 83 40 25 50 8 89 33 98 30 83 46 35 32 58 83 80 45 74 85 100 23 21 74 20 74
65 38 73 28 94 38 29 3 27 87 18 96 36 26 57 82 55 57 56 30 1 69 78 57 1 17 18 31 7 79 37 34 55 75 94 15 64 8 59 57 2 42 59 16 27 83 30 20 1 95 37 1 86 90 70 18 88 64 5 92 0 70 78 39
8 6 83 64 82 45 92 52 59 18 79 42 2 94 7 0 14 17 76 99 90 70 48 34 1 29 40 75 60 52 92 0 52 96 2 17 70 78 64 55 78 42 73 49 20 75 17 16 34 37 37 32 14 64 43 25 4 25 18 20 37 62 91 9
36 85 26 100 78 47 4 13 66 91 22 69 48 87 79 68 2 27 23 7 80 83 85 15 63 22 74 79 21 55 4 67 89 70 42 18 72 56 77 60 81 9 50 51 59 43 27 2 65 61 14 66 74 5 100 13 67 9 84 54 57 42 36 95
