40 11 5 61 63 14 64 92 38 16 83 5 88 8 47 10 24 58 53 40 72 19 62 9 55 40 12 6 16 34 63 40 80 17 70 86 72 58 100 15 15 34 20 27 19 95 41 71 43 16 79 73 50 54 25 53 3 88 48 32 25 94 5 52
75 21 48 60 1 47 46 24 100 37 35 84 4 53 61 83 13 63 16 29 87 20 18 1 17 58 55 76 1 80 55 36 57 92 62 82 70 33 22 97 82 42 84 56 31 15 49 7 66 64 45 88 36 35 88 78 57 9 92 27 69 50 6 20
44 70 93 77 31 88 28 87 50 1 10 36 95 70 64 86 75 92 52 45 82 100 30 72 19 69 70 20 89 28 2 49 81 59 42 43 63 26 90 90 40 66 89 91 52 69 5 48 43 44 64 51 77 10 98 82 90 90 16 74 67 90 91 48
15 54 92 54 50 93 75 41 35 94 39 67 38 24 17 94 45 21 16 24 97 12 97 38 63 32 65 58 82 64 85 46 60 34 55 26 67 50 52 9 89 9 25 84 9 74 14 85 23 90 36 56 61 19 53 46 22 70 26 96 32 23 72 69
85 28 39 86 30 62 82 78 33 5 59 45 79 100 95 70 56 47 63 74 23 87 9 87 18 80 94 62 0 93 64 20 62 76 65 57 8 14 50 92 47 32 23 17 83 82 64 92 54 42 40 81 51 14 15 92 4 22 9 21 6 47 89 77
12 27 58 19 70 95 74 95 73 53 38 60 72 5 49 50 72 19 56 32 55 62 16 17 80 46 15 28 41 88 97 96 97 72 99 58 57 10 49 95 91 31 99 13 99 70 33 27 30 89 18 14 50 1 9 53 16 40 30 60 28 50 3 34
82 45 46 9 98 69 61 60 81 79 5 88 28 88 95 33 61 66 7 94 0 13 92 72 91 86 69 86 58 54 81 25 84 18 60 2 8 56 80 33 39 69 89 64 53 16 89 35 35 50 66 74 92 24 44 72 38 51 30 0 58 46 55 24
50 44 81 66 37 49 17 15 83 81 30 28 50 80 82 86 11 86 1 17 55 44 9 63 79 17 86 57 33 26 14 83 53 18 87 24 96 26 29 0 7 3 13 93 23 87 38 29 18 97 96 46 56 18 34 84 67 91 43 3 2 95 99 16
23 52 10 62 31 80 21 84 34 71 30 17 51 41 62 13 83 27 48 2 30 88 7 89 32 63 12 43 83 18 56 45 29 42 91 17 57 18 95 13 46 0 95 7 10 55 78 5 46 60 75 91 47 81 69 67 33 71 4 12 58 50 50 64
23 12 85 99 54 44 23 87 39 51 3 19 48 47 16 14 49 85 95 47 3 22 38 5 86 38 72 36 73 67 5 67 77 13 23 1 98 94 55 57 72 16 39 42 63 73 97 18 27 28 12 92 58 39 17 76 74 1 50 69 9 66 70 84
44 38 91 58 53 6 61 45 60 51 55 88 99 49 9 72 58 4 23 37 38 56 49 65 75 5 73 89 76 69 44 7 44 20 69 71 37 65 13 42 98 23 35 23 6 78 74 74 90 4 75 82 93 40 15 71 94 2 82 70 97 29 94 48
42 49 62 90 77 91 14 70 94 62 6 72 36 52 90 86 92 96 86 95 45 84 87 1 14 55 19 44 37 40 0 26 18 11 62 73 94 20 84 69 8 74 18 100 15 7 30 84 48 93 92 47 89 99 50 8 90 81 11 67 65 47 100 31
70 0 8 16 33 67 3 83 94 20 11 65 97 84 65 52 78 47 15 11 54 68 55 86 61 69 69 20 12 33 75 65 20 28 24 77 12 56 45 99 39 52 90 90 24 30 81 83 97 35 88 96 87 71 34 82 99 97 42 42 10 31 85 66
15 73 69 60 5 19 28 91 94 21 82 89 70 58 54 77 0 63 7 83 94 3 76 63 47 20 61 25 55 18 15 51 12 22 39 100 63 60 89 37 9 9 63 94 21 1 33 97 33 46 5 47 100 89 40 29 98 46 100 18 82 0 56 34
26 22 57 4 55 48 52 91 85 94 80 64 40 62 45 39 31 59 88 93 74 82 62 19 24 57 91 89 1 13 35 31 38 93 37 96 90 50 11 89 10 38 96 27 5 86 21 5 64 38 51 17 2 85 57 27 10 55 95 59 10 81 18 3
25 80 68 77 87 83 81 98 53 24 36 9 22 2 33 52 48 47 6 59 91 76 89 77 47 43 20 64 6 50 34 96 20 65 48 96 23 79 84 18 20 96 25 84 63 26 92 34 45 69 40 29 17 69 37 78 88 6 72 23 96 28 18 74
88 90 1 12 7 6 43 22 8 18 55 26 21 12 20 12 88 52 90 40 86 54 58 38 35 0 72 4 48 88 28 93 77 73 10 47 82 27 61 33 50 86 82 46 78 82 18 66 38 52 89 76 89 74 11 21 91 14 52 20 47 8 77 95
41 94 93 33 2 84 12 89 37 74 13 52 80 39 9 12 51 73 18 29 37 13 17 65 36 65 50 89 79 59 63 72 75 17 3 35 65 20 0 49 74 70 2 35 23 16 6 42 66 87 39 15 11 20 47 7 68 9 37 7 57 73 91 29
21 12 47 91 81 2 1 1 12 55 54 91 56 9 23 39 2 23 59 46 67 11 72 43 43 77 57 10 14 6 54 43 60 7 41 78 36 68 59 61 16 65 71 78 52 16 87 31 22 16 10 19 30 73 80 89 9 23 31 1 64 53 78 85
28 84 55 90 100 80 42 67 35 24 29 87 62 98 77 64 24 42 32 41 85 49 22 7 37 16 31 50 0 7 18 40 94 28 84 26 39 70 86 98 9 72 40 94 12 100 42 84 41 81 67 84 50 22 57 10 11 27 28 92 99 86 94 32
63 30 12 91 61 28 57 21 25 25 49 70 15 38 79 64 0 10 91 11 44 49 91 23 90 87 7 55 50 27 100 100 35 35 20 8 94 74 8 0 93 94 90 54 83 81 48 38 58 86 54 23 78 25 49 20 53 63 21 96 1 25 30 16
97 77 14 10 53 75 56 98 43 35 73 11 96 16 26 64 56 19 100 52 67 63 80 30 56 94 45 23 31 63 47 34 57 70 28 17 25 23 10 30 50 38 33 54 70 97 84 3 26 74 83 40 62 73 84 42 35 69 36 67 24 52 13 95
63 36 29 77 60 10 30 34 35 30 38 89 83 25 50 1 52 0 5 86 20 94 46 77 56 8 1 36 85 78 57 100 16 73 38 35 17 72 32 67 66 57 28 15 96 91 22 12 67 13 17 29 42 14 31 34 10 25 24 89 20 4 20 24
7 10 8 8 92 93 59 98 37 52 77 57 63 10 31 54 16 45 64 70 90 53 6 71 89 76 76 54 60 64 75 49 50 83 12 39 54 82 64 96 44 4 97 9 81 86 56 16 98 47 42 29 72 68 29 12 73 31 48 36 4 66 58 27
98 57 80 94 6 76 56 71 2 62 52 27 85 73 94 58 84 85 23 5 5 38 67 37 100 80 4 72 21 25 45 18 65 32 55 75 22 14 64 22 8 87 85 14 82 55 9 95 65 33 63 84 55 99 82 62 8 100 90 60 95 46 100 56
90 78 32 15 28 2 28 61 23 54 92 27 41 1 3 12 74 90 4 97 32 100 42 24 37 75 49 61 97 54 32 66 11 30 46 80 6 53 71 82 44 2 36 86 17 38 7 29 95 81 65 38 85 52 0 75 94 48 85 90 11 55 43 2
50 67 35 12 79 81 1 71 6 57 82 25 52 57 48 88 22 36 65 72 78 73 68 99 75 40 10 9 68 3 59 34 64 38 34 4 3 74 67 32 17 78 99 60 28 37 10 66 71 74 91 84 29 75 56 9 33 50 82 68 11 2 67 96
80 13 69 59 86 56 100 19 11 2 48 42 24 86 46 11 2 59 33 66 2 96 39 42 17 52 32 81 4 44 38 77 75 75 48 89 5 17 44 11 91 60 50 15 55 46 32 69 36 82 45 7 54 31 97 16 75 38 31 7 3 16 41 44
50 3 24 36 29 44 51 33 83 76 60 26 49 58 50 22 43 96 54 89 43 52 35 100 6 90 35 67 99 17 95 42 100 40 47 98 29 46 51 54 99 35 53 89 77 58 52 2 55 77 66 49 24 12 24 11 64 36 88 9 28 63 27 57
72 72 24 68 94 83 21 56 63 61 32 78 17 63 37 10 30 89 2 87 70 79 80 20 40 97 71 3 90 80 85 43 46 66 11 52 13 94 39 94 14 99 100 83 75 22 56 34 96 91 10 68 42 63 93 51 13 86 49 37 94 15 75 10
55 86 69 73 44 15 63 47 10 16 52 47 32 63 58 88 11 51 19 68 98 58 12 90 67 65 65 71 46 3 64 57 40 29 77 40 69 12 62 98 73 26 14 38 20 94 65 34 46 45 67 91 70 81 65 92 30 57 16 42 36 18 41 41
91 14 70 14 51 60 72 76 33 37 55 4 36 6 51 10 46 51 37 47 90 1 98 90 87 12 94 87 1 73 59 16 56 85 77 1 23 2 4 87 54 35 13 26 23 39 22 26 12 32 34 52 13 24 62 9 41 60 73 33 9 15 65 98
61 61 86 8 81 39 52 76 86 38 37 91 79 97 35 66 95 90 34 45 55 100 18 13 24 21 14 65 29 0 52 24 41 90 89 61 57 76 0 49 92 96 64 61 99 73 42 3 46 23 13 61 30 91 9 50 43 38 68 14 91 91 77 90
40 87 73 20 14 39 16 87 86 72 87 65 63 24 11 81 17 74 42 24 68 91 63 6 54 97 16 55 22 3 99 30 27 59 67 88 25 68 73 16 34 77 89 82 4 16 79 33 69 34 1 63 98 79 28 28 1 62 81 100 87 81 17 87
49 55 97 52 17 19 77 54 99 67 37 47 87 85 5 86 77 76 86 42 78 17 71 2 51 52 6 52 85 77 67 90 65 9 31 15 85 89 41 24 78 11 6 88 23 77 93 87 76 49 38 87 32 16 69 91 20 43 44 8 98 1 67 13
79 5 71 62 1 85 56 60 67 86 59 78 46 62 13 80 62 56 38 93 19 51 71 77 68 90 8 48 32 82 39 59 26 20 55 52 96 48 75 39 7 58 94 92 12 28 66 92 7 39 45 20 15 73 19 73 59 74 33 26 99 7 80 71
27 52 88 37 21 52 62 72 13 17 55 7 61 24 3 44 99 5 43 49 35 72 5 69 70 67 33 32 27 67 96 11 87 34 5 84 98 21 53 65 7 50 69 77 41 5 24 51 80 34 59 46 59 35 85 41 18 25 6 51 53 36 27 80
68 36 71 19 14 34 18 21 21 91 38 12 58 31 40 50 62 17 58 25 33 64 92 14 61 59 64 90 2 13 71 41 75 41 41 2 30 33 32 94 99 68 7 72 21 1 67 41 68 90 84 97 10 72 19 32 78 6 74 34 84 85 22 82
9 79 88 67 78 92 50 38 82 8 46 31 14 78 32 98 4 16 26 63 65 51 26 24 33 78 35 12 43 67 20 97 41 82 39 87 90 29 54 58 55 10 73 85 29 44 0 15 14 11 79 8 77 23 14 48 21 8 22 16 63 74 7 70
45 14 56 4 33 68 5 42 66 46 95 98 93 80 14 70 12 79 96 43 29 14 27 97 48 81 39 27 58 35 92 2 23 93 78 54 69 14 37 62 56 54 86 61 52 10 27 84 69 41 57 95 6 54 88 41 1 17 35 47 38 35 64 8
28 56 1 89 47 18 19 66 17 7 18 60 62 7 44 21 55 8 12 60 2 68 27 75 32 11 60 13 17 3 9 12 0 89 50 54 97 12 96 27 30 33 70 39 91 91 57 3 49 57 58 44 0 90 17 30 12 71 31 3 74 27 81 74
74 88 19 45 82 37 19 61 72 70 70 96 57 52 26 16 91 11 62 15 24 98 61 55 41 55 56 14 36 46 27 45 35 57 86 70 25 14 12 61 87 84 67 90 95 47 80 40 56 46 97 51 73 15 15 35 99 58 72 98 85 7 53 60
80 41 46 26 63 33 74 0 74 53 6 52 80 8 32 32 36 21 38 5 78 22 45 78 42 27 11 42 31 63 34 19 52 60 21 99 24 89 14 59 35 44 76 50 46 96 58 37 20 97 50 95 17 4 45 72 19 25 13 74 69 32 62 75
17 5 68 89 85 69 46 8 40 20 12 41 36 59 76 85 46 21 35 70 25 80 14 33 58 52 3 5 53 72 83 8 26 76 45 33 14 51 93 60 76 47 8 20 8 50 23 4 74 39 28 48 83 96 76 9 4 90 66 36 91 77 23 20
67 84 18 67 93 59 60 7 93 30 70 95 0 7 80 45 39 55 67 93 72 71 14 30 2 65 5 66 91 26 53 26 43 54 70 61 45 88 22 59 33 73 48 78 98 21 13 61 37 96 71 48 85 70 89 11 97 1 96 62 60 19 92 77
54 27 62 41 67 91 38 100 79 82 89 48 55 77 34 15 100 97 16 33 54 64 96 47 36 69 6 76 93 63 96 93 78 1 73 24 82 40 44 46 61 51 89 24 12 6 49 9 47 77 7 83 7 83 44 44 100 34 64 7 69 12 50 36
43 37 39 58 97 74 20 65 47 89 34 41 43 27 83 29 39 14 96 15 83 22 51 93 92 94 55 21 18 32 73 44 63 95 14 78 60 84 92 41 63 1 78 80 57 43 98 30 26 5 0 80 58 17 72 1 65 33 19 79 18 12 30 63
85 79 43 11 9 71 42 90 20 43 75 53 32 6 27 15 96 23 13 37 83 92 58 69 76 35 0 51 6 63 57 12 18 77 92 93 29 25 58 78 45 24 42 19 17 47 59 74 93 31 58 45 85 7 86 61 57 88 45 85 40 40 61 13
27 7 46 52 27 40 81 52 19 64 56 88 41 52 34 5 72 62 21 79 85 74 39 50 75 28 91 55 15 79 58 82 44 22 46 28 56 64 7 54 85 15 4 81 5 49 43 35 14 43 24 96 84 72 64 96 60 99 76 23 70 91 68 49
15 61 83 48 15 11 46 65 90 83 0 21 88 83 55 86 81 67 64 62 86 38 82 24 83 70 28 21 4 7 32 57 29 86 63 62 80 9 27 39 71 77 33 80 16 50 81 99 31 31 75 89 70 47 40 79 53 35 23 50 23 44 66 37
81 71 71 46 55 74 39 9 77 15 31 10 34 95 12 93 77 63 45 5 56 6 52 98 82 77 79 62 25 53 95 66 20 10 65 36 71 23 87 70 90 15 42 80 23 72 50 27 67 79 63 1 95 83 4 9 41 79 45 19 19 26 17 11
98 3 8 16 5 47 67 32 61 17 52 87 57 99 10 41 10 89 52 73 45 47 64 12 21 60 82 48 20 20 11 13 93 34 27 8 1 89 5 71 74 4 21 9 51 35 28 25 30 13 25 41 71 18 44 72 10 1 54 65 68 33 4 28
51 23 74 26 28 76 81 26 89 84 60 44 0 63 32 40 79 4 77 40 8 17 6 69 50 27 46 60 61 100 31 68 62 45 18 15 54 68 33 7 80 34 55 26 52 21 12 43 39 47 14 12 40 61 90 75 73 65 100 24 82 45 34 75
43 14 78 4 72 52 5 46 57 50 5 92 31 73 35 37 65 97 30 98 34 31 69 31 14 44 69 68 35 47 29 26 37 68 71 34 7 19 61 87 17 49 34 48 2 67 50 89 47 6 21 7 43 49 14 95 77 35 33 10 45 33 66 38
15 27 12 100 71 29 100 68 99 5 20 85 14 21 34 84 0 8 4 28 15 91 13 26 2 88 22 67 99 16 46 58 56 75 68 38 62 10 23 25 10 20 27 95 54 47 5 56 49 97 56 60 10 42 22 33 99 11 3 6 10 94 98 3
33 88 83 95 16 94 30 28 39 51 98 29 78 85 73 62 91 92 71 65 91 34 50 68 63 92 18 37 77 89 89 17 47 19 31 4 46 13 58 3 10 3 4 78 86 84 82 79 83 43 53 49 80 39 36 73 37 53 72 29 46 96 11 1
28 60 78 11 9 65 19 30 73 58 68 33 77 28 33 67 32 84 29 52 6 55 30 45 97 79 10 69 5 90 20 33 54 28 26 49 85 3 92 79 39 54 30 88 6 43 33 76 93 74 42 35 2 84 100 57 90 87 54 10 90 40 71 59
66 99 49 78 73 43 0 28 41 44 97 19 71 36 86 19 48 49 55 80 35 30 68 90 90 92 13 35 78 100 8 11 76 22 99 57 96 40 49 95 51 36 70 34 84 30 71 27 81 80 96 86 79 63 16 24 93 92 26 1 75 56 24 97
67 32 66 47 99 29 47 96 79 46 77 68 8 31 44 32 21 70 1 6 26 55 17 14 29 76 18 33 36 24 32 37 46 60 96 32 7 76 87 41 65 61 28 48 66 74 21 33 85 40 16 92 46 66 35 76 87 17 47 42 66 5 15 25
98 72 44 18 1 63 83 82 88 51 73 10 87 87 8 65 87 37 89 98 70 59 12 1 13 61 64 9 39 53 81 61 89 67 54 77 100 24 23 16 71 69 78 76 33 95 23 36 47 75 76 74 65 31 3 54 37 57 7 82 41 35 100 34
5 70 14 4 53 50 90 99 27 81 3 53 82 33 97 46 43 93 26 74 33 84 57 53 87 93 34 13 96 78 77 54 43 1 3 58 40 21 88 65 10 60 45 62 97 78 98 37 42 82 75 88 62 23 7 32 47 8 47 65 5 95 45 64
24 10 75 68 20 52 73 64 38 44 66 91 64 17 71 16 60 100 60 30 41 89 19 34 100 98 44 11 90 5 23 38 42 73 70 36 83 77 97 29 43 57 23 96 96 65 28 63 27 74 7 10 92 96 39 41 34 71 82 72 26 73 27 49
29 27 36 40 76 66 11 3 85 99 96 44 76 26 24 92 46 74 33 31 60 43 71 36 57 100 25 22 29 91 48 97 17 78 69 18 79 77 24 2 68 16 4 37 58 100 84 34 57 66 3 63 64 80 19 6 21 88 30 16 60 30 82 6
57 1 96 4 29 99 47 14 95 93 88 94 100 31 16 57 34 1 55 86 99 15 94 72 65 30 93 76 50 65 98 88 28 45 17 1 26 29 28 92 3 11 49 57 43 39 44 16 15 26 35 10 95 40 47 97 99 90 70 3 42 57 49 92
