83 33 73 83 66 21 20 41 89 65 3 44 0 40 11 12 15 24 53 76 36 9 45 93 99 45 21 77 30 22 54 37 60 44 68 12 6 86 25 33 92 32 92 12 44 51 84 82 21 29 57 32 40 20 15 40 76 66 3 68 41 59 94 37
30 45 46 55 29 20 40 74 69 32 23 98 20 92 88 41 35 97 23 43 43 4 49 8 40 71 77 50 55 80 99 64 14 67 47 84 79 23 69 59 76 66 86 79 10 78 90 60 60 6 61 59 53 26 61 38 52 65 78 45 20 28 8 96
5 69 68 12 8 28 83 10 57 65 11 57 90 64 94 61 86 89 61 0 17 27 16 80 97 21 41 54 96 67 8 65 63 20 38 51 14 5 13 0 95 18 84 75 28 52 71 98 37 26 88 50 88 92 58 40 66 18 66 75 46 88 93 42
90 85 32 30 79 24 28 17 31 87 31 55 1 99 75 10 54 61 38 43 27 41 100 1 80 45 60 11 37 36 40 90 59 19 60 23 15 35 22 58 71 68 8 51 28 97 86 38 48 1 98 87 38 64 67 87 10 41 28 37 12 49 17 58
26 77 2 18 26 16 17 3 2 90 64 52 21 83 46 66 76 67 100 10 58 40 64 95 80 95 3 63 40 65 51 50 25 60 73 50 26 37 80 43 59 93 92 37 29 95 96 1 42 89 81 8 94 2 26 60 59 3 63 83 89 88 36 2
8 70 74 43 48 48 84 58 95 56 41 76 58 52 18 48 59 64 74 82 9 63 3 38 8 5 50 50 84 82 13 53 50 16 6 53 45 26 27 13 38 30 12 51 54 18 5 11 65 24 91 72 25 28 19 84 54 97 43 44 79 61 45 9
18 84 79 48 77 17 47 45 66 74 37 25 57 90 17 41 2 56 15 25 0 66 30 62 36 89 38 0 66 7 27 59 78 93 61 98 93 57 39 29 82 55 45 94 100 95 99 58 55 37 20 89 96 18 0 44 26 91 41 55 99 80 39 11
33 51 70 93 30 29 95 62 6 75 56 22 55 85 63 59 37 58 26 65 89 56 73 70 55 55 7 26 61 94 87 66 61 68 86 71 44 69 50 72 27 76 83 66 43 50 56 8 26 98 82 30 60 33 82 36 66 89 22 40 12 12 91 53
21 24 77 19 19 33 21 9 79 3 35 67 54 10 67 42 61 11 19 84 16 4 44 11 28 59 66 99 42 88 2 87 61 69 30 72 47 55 8 18 41 34 28 15 24 31 6 15 23 43 71 89 62 72 76 40 25 31 49 54 1 73 89 91
56 76 66 15 84 59 64 3 26 40 89 40 64 30 2 71 60 42 57 81 22 35 30 18 42 37 74 57 85 17 90 51 50 62 76 35 3 60 22 39 29 59 41 73 69 30 34 17 83 84 28 98 81 8 61 49 38 68 89 17 80 4 35 61
31 58 22 60 43 1 28 35 37 44 58 72 58 33 15 57 67 89 25 49 32 60 37 34 69 39 3 35 71 37 75 92 67 10 28 45 2 30 30 57 15 4 11 48 55 84 44 27 38 40 85 37 48 99 48 58 73 45 73 78 78 59 30 2
58 79 20 99 24 11 0 22 34 66 1 29 96 85 6 92 27 75 97 16 90 42 64 63 68 81 2 57 81 0 63 1 66 84 72 3 19 58 60 63 13 57 51 81 83 26 15 13 1 1 42 75 44 2 91 49 42 93 19 92 47 57 25 32
33 53 92 14 93 26 24 23 17 79 70 3 66 46 66 66 39 60 16 80 29 85 100 79 68 59 35 6 44 20 65 75 20 62 15 27 72 89 55 27 50 98 57 23 65 63 57 43 45 77 1 57 61 35 68 92 97 32 43 3 89 50 19 53
87 25 12 48 91 10 69 44 77 29 73 84 91 77 1 98 43 90 83 25 88 9 47 64 82 52 0 79 82 92 81 39 94 95 56 3 26 77 14 27 15 80 51 73 41 74 38 11 74 74 58 97 54 12 50 45 52 11 55 45 78 4 63 81
24 68 17 20 29 10 81 58 83 29 39 83 88 33 58 99 73 100 85 76 100 32 34 69 8 91 83 100 76 70 72 81 22 64 78 3 41 12 32 78 77 18 89 34 16 74 65 34 53 63 52 81 18 48 93 45 7 93 100 62 75 6 7 71
2 60 40 33 35 66 75 38 14 52 1 2 18 95 28 58 98 46 64 1 21 25 21 93 97 2 27 89 90 6 1 33 34 17 65 82 22 90 26 77 9 85 58 76 32 65 26 62 98 43 40 10 93 18 55 84 13 43 98 65 62 33 56 93
84 65 49 80 29 56 37 28 0 5 6 80 6 73 87 55 56 97 35 80 79 69 36 98 61 100 4 0 94 83 21 48 58 14 19 44 52 89 92 80 91 1 30 38 84 83 83 18 82 21 100 55 47 38 41 53 80 71 100 73 46 6 99 39
24 27 29 59 55 63 25 82 64 50 13 28 1 90 23 95 11 9 99 90 3 35 55 45 100 15 69 3 100 26 91 98 49 16 26 1 63 92 80 37 19 97 77 73 41 92 4 3 16 57 14 80 10 47 6 4 91 63 16 83 74 46 7 54
19 97 35 0 42 29 59 23 48 18 54 34 9 5 21 33 76 5 15 23 70 62 90 52 58 61 3 2 69 57 53 68 17 8 78 45 8 44 2 81 24 15 38 2 86 51 71 47 4 100 100 14 39 68 45 43 30 42 51 26 49 40 98 52
38 14 98 4 51 73 5 73 43 51 89 87 78 75 10 2 11 34 97 60 12 7 92 11 98 92 69 36 100 95 2 9 71 11 30 22 59 98 57 77 0 19 25 41 10 67 57 24 36 12 38 27 25 72 13 68 48 16 85 22 69 55 99 70
15 16 17 40 53 94 85 19 95 98 76 55 11 30 61 50 1 60 62 30 76 85 13 34 9 40 27 13 80 51 77 10 96 56 14 98 26 44 87 33 65 52 73 7 77 67 22 31 62 23 48 88 86 96 3 21 30 58 17 18 22 81 68 67
43 72 60 38 93 7 38 29 83 6 77 30 100 20 85 10 42 80 52 7 88 97 37 20 97 65 4 65 62 87 40 35 13 1 0 74 3 13 20 97 14 21 50 26 66 2 9 82 1 73 75 77 83 13 79 43 56 67 45 63 79 91 12 92
40 99 69 41 80 72 84 6 44 72 82 95 20 73 52 32 92 92 29 23 90 49 82 53 78 40 4 28 66 22 91 79 79 66 29 36 39 23 11 82 95 43 2 90 79 9 84 32 5 9 75 40 0 8 69 66 13 100 51 59 30 79 49 68
97 25 69 46 76 28 2 44 37 43 24 42 55 21 100 1 13 27 13 37 93 43 15 43 44 48 84 11 4 41 0 55 88 34 94 94 66 28 68 51 8 14 17 14 79 28 51 64 40 19 91 20 82 100 51 31 41 47 22 88 4 26 50 7
94 52 34 40 30 83 76 76 48 88 63 61 99 16 7 45 43 8 95 38 93 67 81 82 88 89 50 69 65 89 67 70 20 62 54 6 86 51 37 56 71 71 74 14 4 48 76 20 74 79 85 49 51 89 98 87 92 54 0 48 19 62 10 52
60 94 77 86 18 2 86 7 100 13 80 11 0 99 51 74 44 26 21 98 43 73 54 72 41 52 20 10 89 22 1 88 7 2 71 38 19 16 87 6 62 6 61 9 96 37 88 77 73 64 97 69 72 5 44 25 94 40 48 23 13 46 18 99
83 34 61 44 99 73 11 48 15 88 71 53 21 66 29 8 31 47 30 89 16 87 24 84 80 83 34 95 2 29 71 61 84 29 97 7 39 100 75 60 4 87 12 17 58 76 44 62 40 14 28 74 51 76 44 6 97 2 10 46 85 6 35 56
7 73 44 82 93 79 71 31 8 74 0 7 89 94 1 97 5 44 80 21 32 99 68 17 54 65 32 55 12 90 97 11 72 80 34 20 37 5 41 69 95 81 41 6 67 73 92 38 62 32 49 49 81 13 26 34 82 26 4 10 0 44 84 95
70 36 73 36 63 46 68 25 59 97 9 4 74 17 95 60 93 86 70 45 34 56 44 67 76 73 51 41 54 15 83 72 90 97 40 68 39 40 69 28 34 60 94 78 57 42 12 12 58 66 34 31 92 70 36 64 25 65 60 52 26 93 11 11
41 10 76 9 12 41 56 7 59 1 50 89 95 72 96 64 100 16 21 36 97 78 16 66 95 4 49 33 3 28 65 23 43 14 65 16 55 36 89 35 12 47 93 64 38 5 96 98 52 14 19 55 43 13 37 37 26 36 27 14 48 59 26 69
81 65 6 49 42 97 62 88 5 67 45 56 79 54 72 78 32 29 48 10 91 90 5 41 36 47 22 28 41 78 51 50 25 21 45 83 14 43 54 19 13 61 80 60 100 84 4 40 1 5 17 3 99 61 71 63 19 86 66 76 15 11 14 71
99 100 22 60 34 53 72 100 89 46 74 74 12 17 50 59 38 62 82 35 6 55 21 34 62 97 11 38 82 13 61 96 22 68 91 9 30 1 34 21 88 55 14 10 47 87 2 65 19 11 63 43 95 37 42 75 50 98 39 65 87 68 56 24
52 23 11 38 61 10 4 11 8 65 43 98 58 46 80 2 73 89 0 55 65 66 65 78 60 40 0 64 91 40 78 33 93 37 23 92 15 80 37 39 44 74 91 87 88 56 97 84 49 76 77 14 65 61 30 98 76 12 85 41 19 96 28 97
32 51 85 91 17 49 42 98 79 77 97 81 16 35 3 73 56 64 0 87 95 54 17 28 54 59 9 73 24 45 71 69 62 74 21 30 36 72 52 54 0 78 88 22 18 95 15 63 78 17 58 18 99 53 87 79 20 85 89 94 26 22 37 88
40 95 89 24 10 96 90 31 58 82 100 74 26 50 1 31 95 100 71 30 96 96 86 31 6 58 7 57 33 10 36 35 82 36 36 82 73 15 22 62 96 49 38 78 60 0 70 9 57 70 70 65 8 72 68 45 24 15 47 68 28 49 34 50
90 81 48 89 82 0 26 76 38 30 97 43 52 17 40 61 52 88 56 8 91 78 77 33 82 88 21 27 54 81 97 5 11 10 55 26 26 34 4 54 20 64 64 94 26 85 14 89 95 72 8 33 9 37 81 86 23 65 85 83 50 13 70 66
2 57 95 1 42 14 10 60 27 54 16 94 57 40 74 5 85 34 76 36 12 84 28 65 32 88 100 88 60 26 95 41 20 83 2 100 62 12 93 92 82 50 62 64 48 45 62 66 71 17 12 43 3 16 63 54 7 32 0 6 58 49 93 89
23 24 56 52 42 86 14 51 49 94 75 4 40 36 5 73 68 95 72 5 73 9 27 38 44 98 76 49 38 98 43 84 94 60 81 8 28 86 27 37 15 44 49 45 53 37 19 68 70 37 45 97 2 34 51 70 84 51 35 62 41 70 14 69
38 31 75 41 96 84 48 83 49 75 35 0 1 39 6 100 11 55 46 35 95 66 32 75 73 46 9 16 22 5 35 60 14 99 97 53 93 96 67 83 36 68 70 84 9 33 24 11 10 62 51 66 72 37 5 4 91 21 72 80 32 76 32 48
35 52 43 97 30 17 10 74 75 55 89 2 60 51 28 36 2 57 19 12 35 10 37 59 7 79 100 53 84 60 75 19 86 46 13 21 70 0 16 64 65 25 26 67 87 42 33 14 5 52 62 85 65 58 64 64 36 84 48 90 43 23 7 100
70 32 37 68 96 39 60 11 96 46 38 84 61 58 71 20 6 92 59 54 68 70 41 46 22 66 11 55 21 25 4 87 64 45 91 57 44 15 15 67 27 6 36 70 52 56 71 4 4 48 30 18 48 29 85 28 4 40 42 92 92 81 4 72
20 19 72 58 27 11 17 17 5 16 23 5 19 69 9 19 89 42 51 1 17 86 35 30 53 9 41 94 64 86 26 90 28 95 62 50 10 33 15 65 69 64 5 56 47 78 2 86 29 45 22 9 24 27 11 15 4 10 70 59 60 44 85 13
56 18 51 67 10 33 93 45 21 26 56 86 7 50 48 53 4 61 11 61 64 18 17 42 40 40 26 10 75 13 3 89 37 37 18 39 53 84 18 74 100 98 8 78 99 55 34 26 9 100 31 94 72 5 73 36 28 65 49 100 41 16 100 34
82 80 4 73 56 17 61 1 4 11 30 54 46 43 0 17 36 29 8 88 60 14 99 61 84 3 86 75 11 80 68 58 38 39 37 97 33 44 69 34 96 85 15 23 48 64 69 75 98 17 25 65 13 90 28 77 50 70 19 36 44 2 32 10
28 2 88 25 49 3 10 23 43 77 2 70 13 52 54 59 27 83 90 5 50 24 66 65 34 75 58 25 7 14 38 65 82 58 50 79 81 71 47 56 55 13 77 0 11 18 52 36 86 73 40 36 14 95 48 6 99 34 21 89 89 3 70 29
73 37 5 80 44 19 5 17 87 21 93 99 49 77 0 13 44 55 21 72 5 86 40 61 37 63 85 19 84 28 12 67 50 8 52 21 39 2 41 84 57 64 46 70 59 39 52 100 42 22 78 96 29 97 13 35 78 40 95 37 29 68 4 85
47 74 22 38 57 38 9 54 50 52 8 36 15 14 90 32 56 89 33 90 58 60 20 12 35 71 65 17 48 58 5 73 10 11 92 14 2 71 55 51 29 20 42 76 58 13 85 100 7 1 52 46 14 75 44 10 86 4 82 16 35 63 83 30
8 27 76 31 51 65 73 87 62 56 33 11 82 49 35 34 47 30 78 81 90 29 58 61 99 22 26 81 90 2 82 58 0 10 25 11 45 19 35 68 89 76 52 96 0 49 41 62 84 87 31 76 95 30 17 94 20 91 5 33 25 12 85 59
36 76 1 48 74 73 4 34 16 36 96 57 73 98 26 54 48 49 14 83 43 87 91 100 44 3 60 51 93 89 15 77 34 69 24 54 8 0 93 97 1 24 18 55 68 18 69 44 43 80 73 20 27 7 74 1 9 26 19 10 3 48 1 78
79 96 26 64 28 36 3 15 78 34 80 59 1 52 45 7 26 90 63 73 35 81 59 8 79 2 74 84 82 56 12 30 100 75 83 28 78 9 47 77 30 45 86 32 38 22 44 36 6 54 15 45 86 69 60 69 43 94 44 56 43 70 28 68
69 87 82 22 97 90 86 44 10 73 77 17 98 8 62 20 9 43 34 52 80 89 92 50 41 40 48 50 59 68 11 18 49 18 4 45 25 33 66 62 79 19 39 16 99 22 72 49 99 15 25 27 33 31 79 6 13 30 94 87 34 77 82 6
92 87 44 76 87 8 32 52 35 70 5 74 30 57 6 17 87 42 62 80 17 80 77 86 58 90 34 25 56 54 22 99 47 9 63 10 33 62 21 23 62 25 70 95 76 25 43 96 6 70 77 54 28 90 85 47 62 74 26 13 91 74 89 50
8 11 100 23 77 17 100 100 10 1 92 25 50 29 74 63 46 86 59 10 58 3 23 88 0 90 30 68 57 68 53 59 79 12 4 86 50 62 18 35 32 39 93 0 60 25 12 1 27 39 82 50 19 34 52 52 43 75 97 50 11 96 49 67
50 89 31 64 15 22 15 80 100 54 98 31 56 39 84 32 0 50 61 14 90 37 23 39 96 17 96 25 75 78 21 18 43 9 88 13 38 67 100 34 26 17 66 81 87 6 12 33 70 99 82 33 26 63 47 7 49 60 87 18 36 55 71 40
86 85 73 52 78 32 40 48 10 81 49 15 96 15 35 40 2 32 62 23 42 91 58 96 64 49 40 63 79 77 38 51 84 52 44 95 7 0 20 14 15 6 91 56 79 35 11 91 82 23 1 22 53 13 22 82 60 62 33 2 27 85 22 51
67 49 41 35 84 79 15 74 76 0 56 55 16 54 16 92 55 12 49 9 77 36 45 33 79 51 95 56 30 54 67 74 98 44 96 57 81 53 42 9 33 50 11 12 7 49 7 22 44 36 53 72 88 89 64 42 49 66 54 38 2 4 13 26
14 95 72 55 5 53 2 89 71 69 21 27 73 35 5 29 11 38 54 44 69 61 29 67 57 23 45 3 58 93 90 19 77 37 31 89 81 17 20 32 6 78 37 41 57 66 44 97 14 0 72 70 99 10 74 22 86 88 51 19 40 14 0 13
8 59 44 8 35 39 18 90 53 30 71 57 70 62 3 67 30 82 63 94 75 56 76 76 33 37 23 95 41 53 52 3 8 70 79 90 38 84 15 78 72 98 21 80 99 83 82 4 27 59 39 87 53 25 1 23 22 72 20 66 26 7 80 73
31 98 58 63 38 74 28 99 24 71 20 75 84 93 48 17 34 34 24 62 38 10 49 37 64 35 19 45 71 92 42 20 63 11 28 54 37 27 100 78 52 64 68 3 3 39 64 13 31 5 69 21 57 9 3 68 45 86 77 20 39 84 48 67
71 33 40 62 11 24 58 55 20 55 20 81 87 62 60 82 42 46 78 100 73 83 53 8 62 48 62 85 46 90 56 91 76 14 55 70 36 20 12 21 25 59 28 13 72 71 42 83 37 76 83 35 60 92 63 16 52 39 42 60 20 77 41 43
11 97 13 99 50 100 70 21 59 57 34 23 22 65 15 22 77 9 40 2 46 86 29 70 41 79 44 3 91 93 60 36 56 80 59 21 93 33 23 58 14 76 53 83 92 16 53 6 0 99 72 46 48 4 67 4 80 86 22 12 3 19 48 1
58 28 84 0 52 47 99 27 42 89 7 7 43 94 2 38 87 43 53 68 18 33 9 28 0 37 85 56 63 88 34 52 13 23 70 38 44 63 2 1 11 77 13 58 53 54 33 8 59 7 27 50 100 63 6 77 98 63 79 53 72 85 66 60
44 63 86 86 8 43 2 94 59 42 25 96 72 2 7 54 64 63 87 74 7 81 34 12 93 69 77 94 56 57 58 94 18 93 74 42 5 86 97 17 80 6 31 88 58 62 76 72 28 74 20 96 86 62 4 5 24 17 21 99 66 4 58 42
32 89 28 68 86 10 54 53 2 1 66 28 85 66 64 9 20 45 33 56 78 22 55 18 87 48 61 19 88 44 33 99 53 12 100 56 4 4 54 77 30 53 15 11 12 37 94 44 92 36 16 86 49 39 100 40 32 52 27 58 64 94 36 60
