97 12 41 12 12 78 52 19 77 56 25 56 71 18 5 83 44 16 70 93 57 41 29 43 9 59 76 79 23 21 78 40 5 29 3 39 71 19 67 72 91 53 97 74 49 39 20 1 37 73 15 89 72 17 2 54 52 81 100 48 78 67 91 69
73 63 98 24 90 40 39 56 21 25 89 47 57 78 29 52 49 44 47 12 23 93 28 59 98 87 93 51 72 84 5 22 77 55 12 66 15 19 36 90 31 60 58 87 20 87 87 44 50 76 95 68 82 80 40 81 78 36 20 34 45 23 47 1
88 63 79 1 61 56 64 56 35 34 92 30 56 1 36 8 42 97 43 37 44 47 45 1 96 11 54 61 32 32 8 89 55 52 37 66 68 99 75 8 35 18 20 22 69 12 90 94 56 93 82 14 69 100 25 57 15 46 41 75 22 80 66 92
83 42 56 57 86 48 13 69 47 99 91 19 9 74 7 43 6 54 86 62 74 100 53 67 66 47 40 43 32 79 78 35 51 96 42 18 7 83 10 74 58 79 82 83 8 98 62 30 61 94 57 16 92 89 63 36 35 50 84 88 39 14 17 24
84 90 72 91 23 17 11 63 41 17 16 62 70 48 2 83 50 81 2 12 100 87 6 47 81 91 32 93 47 33 46 28 34 39 46 13 71 60 40 74 0 88 45 96 1 53 28 18 50 7 2 60 34 25 2 28 27 65 88 93 71 40 78 37
85 70 34 66 55 94 44 8 75 40 63 47 12 50 73 52 30 65 14 11 74 53 26 47 82 1 68 80 45 55 13 67 27 100 4 89 84 58 46 17 37 77 93 14 77 87 59 67 93 27 37 36 86 48 38 8 4 98 38 17 35 49 11 8
57 41 45 45 93 100 87 46 87 50 9 42 63 44 98 64 27 43 8 91 96 100 46 83 27 33 42 79 58 65 79 95 54 59 74 30 19 75 97 36 5 46 53 83 71 96 90 44 66 64 68 34 64 65 70 9 99 76 17 90 75 22 78 3
74 24 6 18 47 57 57 87 100 80 95 15 55 14 76 63 86 21 11 70 85 96 85 50 68 31 78 27 6 11 18 17 87 40 41 93 12 72 3 8 50 37 15 90 32 47 22 22 37 65 82 28 10 100 54 23 42 99 16 58 33 93 92 52
2 66 2 83 29 99 12 100 8 50 12 56 78 46 13 66 72 88 85 14 20 49 80 69 41 15 10 35 96 64 97 3 9 98 74 46 71 60 51 47 100 69 14 86 20 22 59 45 7 84 78 60 66 18 12 73 88 23 5 34 19 97 8 41
89 63 21 92 0 87 60 57 38 26 13 15 50 31 67 89 1 49 45 41 66 100 38 1 35 90 41 70 58 32 33 43 19 32 31 52 1 71 31 72 57 62 31 14 15 46 27 81 40 52 9 72 45 90 100 60 34 4 59 100 71 60 76 10
59 75 49 22 48 52 40 78 46 44 80 73 22 26 9 0 48 21 75 51 20 40 53 22 31 81 7 41 87 10 95 0 6 69 29 25 9 29 87 46 95 88 62 14 3 12 58 44 59 95 67 69 67 62 29 95 31 22 76 64 65 1 66 97
17 60 50 100 62 49 80 54 94 90 72 99 57 9 98 6 11 54 63 20 28 21 72 43 47 63 17 4 74 7 7 96 31 60 40 22 73 7 3 4 28 11 66 75 9 2 23 6 92 89 99 11 43 45 62 21 92 6 28 19 68 64 40 39
7 9 5 50 23 90 62 5 37 100 97 34 87 24 15 81 16 42 60 50 81 98 33 1 2 9 2 66 23 78 7 64 94 40 71 92 92 43 30 0 93 23 86 8 21 22 41 88 84 28 17 20 27 32 8 33 5 20 24 83 62 1 71 16
19 100 79 11 96 9 95 32 47 24 31 70 83 15 92 34 35 90 8 43 77 11 50 73 43 39 73 29 36 7 99 96 28 47 10 80 46 85 58 54 36 35 12 34 17 39 27 59 93 96 35 19 82 98 70 12 11 29 5 67 40 97 20 31
68 75 67 35 34 83 70 81 14 86 38 12 52 94 32 32 62 13 79 67 4 86 58 73 21 48 83 25 11 83 49 11 87 98 64 91 94 21 23 82 45 21 52 95 34 37 42 16 17 86 52 96 50 41 61 65 86 34 1 76 58 64 75 59
20 13 22 12 25 12 75 45 88 53 81 76 66 20 81 74 86 20 45 82 53 0 19 86 6 40 70 0 11 3 42 12 17 54 11 82 12 77 68 93 86 69 46 21 78 100 1 97 12 49 5 85 3 95 26 10 69 96 2 89 74 80 47 58
22 35 18 93 79 56 2 54 32 12 83 1 35 53 5 30 54 26 79 55 50 58 26 19 77 10 74 36 16 99 82 10 32 49 63 5 49 60 92 3 15 75 52 8 77 17 70 6 62 38 82 20 95 56 22 96 74 46 1 40 14 8 93 97
77 10 16 94 51 69 84 83 10 68 95 99 88 17 76 76 56 20 37 35 83 47 13 81 19 22 19 89 32 85 61 96 1 41 62 88 47 6 70 18 7 3 14 88 6 90 53 17 83 73 44 0 60 13 44 40 87 29 49 21 38 79 56 47
82 16 22 39 85 75 8 97 61 57 71 77 32 33 95 42 7 64 6 88 53 31 80 49 38 75 58 49 4 38 85 15 2 18 29 53 70 47 49 62 41 69 95 90 65 81 12 12 14 60 96 56 52 55 93 30 98 68 13 74 46 25 76 61
67 73 99 46 21 33 13 11 1 99 50 76 14 71 100 25 15 75 42 16 52 55 87 2 30 69 32 39 72 68 24 90 70 38 13 19 89 99 79 4 18 80 58 65 76 70 37 67 100 13 24 27 94 81 52 15 53 16 84 79 98 52 14 51
77 38 73 49 53 89 50 81 16 99 20 13 66 28 74 34 46 37 59 84 98 13 62 3 86 51 97 93 58 38 23 11 90 49 86 75 17 80 99 48 29 37 87 34 79 57 10 40 29 24 47 56 94 33 38 52 33 11 11 64 37 88 45 13
22 98 67 42 16 56 23 48 79 8 46 95 45 33 62 8 74 9 25 82 88 51 51 47 43 31 5 27 55 87 63 5 65 76 74 18 50 58 49 0 21 92 56 89 22 98 28 45 41 63 76 44 48 87 62 13 90 76 35 12 58 0 31 24
53 77 50 13 35 87 9 47 54 17 49 13 99 42 36 14 30 80 69 32 95 77 98 96 39 45 81 44 54 4 55 52 99 32 3 91 15 77 5 81 15 64 24 90 36 61 55 54 78 70 5 24 78 96 26 24 4 17 2 82 83 37 31 19
20 49 94 71 90 0 9 36 75 62 90 13 87 91 92 87 6 92 84 15 66 7 15 38 50 55 45 16 77 0 27 60 38 83 57 64 62 56 12 7 25 48 91 90 0 44 22 82 3 33 70 42 78 67 41 80 80 87 46 67 8 85 92 32
1 99 36 29 13 40 21 85 96 96 26 33 69 39 64 2 17 51 25 81 64 42 19 50 19 93 84 41 68 31 29 70 78 9 88 58 98 98 98 20 26 16 76 10 8 82 29 48 45 68 8 38 33 96 65 69 44 21 51 69 69 30 74 94
80 38 17 20 14 51 40 53 8 55 50 21 69 80 75 75 85 98 63 25 58 51 51 98 22 47 85 80 37 16 100 50 51 53 2 39 20 8 51 54 16 8 25 17 17 11 3 40 94 46 8 49 60 50 45 4 59 23 22 3 33 71 94 20
86 94 36 25 47 20 46 67 59 11 27 100 80 59 100 74 90 99 94 93 75 64 49 48 75 89 87 51 29 49 59 80 48 68 28 96 48 21 0 6 76 12 4 81 61 30 76 93 92 21 53 74 99 58 70 70 82 54 63 63 50 55 96 100
24 42 95 72 26 38 25 13 6 50 13 59 85 39 94 9 1 3 12 98 43 82 99 90 43 8 37 27 59 100 94 62 64 78 35 83 62 29 100 0 77 12 59 64 16 13 23 63 22 76 44 20 74 76 24 96 81 22 57 61 92 13 49 24
68 7 36 49 46 86 3 28 88 8 18 6 72 67 80 99 50 56 37 7 60 9 22 29 43 24 22 15 93 73 59 91 95 76 91 10 17 64 82 65 24 49 20 5 1 86 32 69 79 96 42 61 5 59 67 18 83 71 37 22 92 46 34 97
71 15 48 22 5 82 20 80 100 4 32 79 73 21 56 62 36 28 36 87 53 21 36 26 97 68 13 96 32 26 22 78 35 76 40 46 9 75 9 15 18 81 83 89 22 93 58 7 34 70 98 94 80 11 95 50 9 78 46 75 63 73 56 79
40 6 14 97 51 22 45 3 43 26 11 72 100 66 4 13 18 50 33 27 27 77 100 3 47 13 38 54 17 16 45 8 96 81 69 82 97 27 76 51 8 1 31 3 56 15 1 46 99 84 44 77 18 74 68 14 69 55 22 51 55 2 48 11
67 44 62 11 83 74 31 36 53 8 15 2 27 78 7 74 12 60 49 75 48 98 83 73 1 78 13 38 56 30 5 82 80 62 29 54 17 64 28 84 77 47 96 72 16 67 54 24 1 60 79 13 28 28 33 100 46 75 11 70 22 98 36 20
51 41 0 29 81 99 21 36 64 2 82 92 80 51 10 70 22 21 95 44 2 41 34 90 24 64 73 76 13 79 72 47 52 7 31 92 98 83 63 87 70 94 99 94 15 53 57 57 36 40 7 100 85 96 31 79 13 80 36 52 32 66 22 45
11 86 92 75 57 97 13 96 57 77 45 40 5 7 93 2 96 87 26 29 64 23 33 62 1 48 10 81 20 84 35 67 67 80 82 92 17 89 96 7 4 20 60 47 83 14 28 94 20 82 73 24 4 25 59 15 30 24 87 86 53 38 67 66
99 83 29 38 5 80 20 17 2 100 24 66 2 54 73 31 63 98 23 65 41 40 6 56 17 72 87 48 85 55 3 32 15 56 17 12 100 17 2 68 14 24 59 23 10 15 76 34 62 47 84 37 7 13 5 95 7 74 14 22 35 74 29 82
18 100 94 36 33 1 46 40 27 89 98 22 82 71 100 90 52 67 94 90 22 11 30 58 64 79 66 82 14 87 16 78 44 97 72 99 94 35 81 90 1 92 55 15 54 89 37 3 69 19 61 94 8 39 61 48 93 92 69 98 58 62 90 18
28 87 56 62 62 9 2 29 9 76 70 56 8 58 5 20 40 25 31 95 9 87 64 26 5 24 37 43 76 89 18 80 82 71 52 29 54 17 1 79 74 36 38 24 27 19 79 87 29 79 47 12 62 65 98 5 82 56 3 6 29 38 43 94
80 78 72 65 75 61 32 93 27 80 64 81 82 6 88 6 81 58 77 97 9 98 0 4 3 26 93 22 5 39 99 18 71 40 54 22 99 28 55 68 40 57 96 75 22 67 82 19 40 29 73 0 67 27 70 35 89 32 4 44 74 72 76 73
27 92 11 83 32 93 5 49 35 82 7 77 98 88 36 93 47 99 91 71 24 20 54 90 31 62 7 5 81 20 8 31 52 70 97 0 38 17 54 88 35 83 10 68 51 98 63 6 1 64 12 24 2 83 40 36 73 68 42 58 89 99 35 84
25 80 31 35 41 51 0 28 0 46 36 83 36 13 34 27 3 84 25 11 53 12 91 98 49 67 66 96 17 98 84 56 7 28 47 80 93 50 60 89 30 90 50 44 15 63 7 96 33 41 38 27 43 85 98 42 94 20 46 80 45 88 30 58
84 84 56 45 85 11 11 59 57 24 2 17 13 46 38 6 0 29 55 80 69 20 30 75 31 13 89 99 90 35 84 32 29 45 40 82 27 84 7 97 37 91 12 91 39 11 7 44 46 94 89 39 78 46 31 57 52 1 81 59 98 66 12 60
85 28 1 80 38 95 13 47 97 77 60 81 52 1 26 33 64 33 95 77 3 37 68 22 66 30 46 97 78 89 59 64 14 67 90 77 59 87 10 52 77 3 65 51 12 16 45 46 81 60 42 17 13 95 36 72 61 18 1 71 3 60 63 44
84 65 34 85 54 3 88 18 5 35 18 31 82 77 67 36 35 7 12 15 3 91 19 54 27 26 33 41 1 78 10 2 46 94 85 79 6 62 2 46 95 93 2 86 76 3 44 14 96 10 34 42 39 93 35 59 11 4 75 46 6 43 22 4
14 11 18 82 25 86 67 12 67 79 19 38 27 4 8 55 85 26 2 5 41 19 95 100 56 98 100 15 24 90 36 28 44 86 24 36 47 80 97 14 11 51 79 26 84 0 77 88 16 94 79 34 15 40 31 67 19 7 57 84 13 21 25 49
72 16 56 48 20 88 84 39 25 37 68 34 59 100 0 40 98 39 7 6 76 8 61 86 89 34 43 17 100 38 79 48 26 86 29 78 18 91 73 87 27 96 75 92 38 44 58 69 45 12 74 36 89 5 52 32 72 7 96 1 98 70 19 24
28 79 83 0 98 33 61 60 94 53 60 57 31 63 41 49 0 43 81 2 90 85 29 87 15 71 52 95 55 13 52 24 5 36 88 20 20 72 23 99 85 59 47 23 38 78 73 44 61 22 35 48 93 88 15 22 66 19 26 38 18 0 78 46
44 65 22 54 54 100 7 58 73 5 0 18 78 5 40 71 73 75 57 36 64 69 6 90 62 54 20 14 96 63 6 29 9 26 24 98 72 55 52 91 92 9 50 51 87 12 23 73 77 87 21 24 87 24 23 35 34 59 22 45 76 8 72 80
59 10 6 26 95 75 67 38 13 53 41 62 43 74 16 34 15 96 96 96 96 55 62 91 65 67 5 84 34 21 74 86 55 88 25 18 62 93 9 2 30 55 61 13 1 43 66 91 23 62 13 62 3 5 80 22 30 34 42 6 15 70 29 6
83 84 75 13 25 17 57 80 44 38 21 15 89 61 80 83 49 74 72 69 93 7 27 17 32 17 90 34 12 75 78 40 85 58 26 82 22 100 40 89 3 82 26 35 68 18 11 12 91 71 96 75 33 98 0 38 44 91 27 20 0 25 62 33
13 45 74 5 10 99 69 84 87 18 54 31 37 75 81 35 67 20 100 85 38 30 17 71 76 84 60 64 77 42 0 16 95 97 50 43 25 38 28 32 22 40 64 38 62 45 81 91 28 65 48 2 100 76 78 15 33 84 71 64 1 65 4 37
41 89 48 21 16 41 25 81 100 18 13 20 38 68 8 73 45 11 9 74 40 78 79 64 17 9 15 96 23 53 76 45 84 94 15 56 47 10 6 44 37 98 64 66 27 9 54 100 67 54 44 71 47 97 80 62 88 81 29 90 10 35 91 22
77 50 53 33 45 86 30 26 83 42 42 48 89 56 51 55 18 48 20 3 7 72 60 16 1 36 33 40 88 84 68 29 65 37 23 84 9 88 76 54 42 14 7 39 79 29 42 40 7 83 96 11 73 11 94 55 48 45 36 13 86 99 47 88
80 3 60 86 33 73 6 54 63 13 53 81 51 33 15 19 37 100 30 49 86 0 9 73 60 90 58 13 35 15 20 22 37 75 83 21 60 64 99 99 19 42 79 73 25 59 18 80 57 43 63 42 36 63 75 88 85 22 43 56 21 93 13 97
68 49 56 73 73 97 97 96 84 68 88 63 55 43 74 84 56 35 78 44 50 49 29 51 1 87 82 100 41 86 16 17 74 99 13 30 69 89 72 26 1 48 38 9 96 58 10 4 65 2 52 68 100 74 44 76 99 44 73 13 68 41 91 62
25 95 96 7 86 2 91 79 13 43 1 19 70 66 94 92 86 27 46 8 89 49 93 9 27 4 90 64 95 0 73 69 78 14 52 73 87 10 70 4 90 68 19 54 76 14 43 41 13 96 43 47 55 97 50 94 85 57 41 52 18 97 77 63
34 93 54 83 98 20 68 65 75 91 68 79 86 82 37 3 18 96 39 44 12 24 77 42 6 42 52 31 95 33 94 67 24 54 11 100 95 98 99 75 72 43 82 89 18 93 49 29 35 8 72 45 16 52 52 62 85 17 72 30 82 71 30 19
97 70 27 17 96 53 78 99 80 78 87 27 37 78 7 22 0 92 7 80 27 27 99 1 37 5 18 75 4 85 5 76 97 22 29 96 11 23 56 73 94 26 26 62 97 78 1 55 54 50 67 74 35 63 27 0 62 68 97 37 20 18 23 21
50 86 32 73 87 88 32 57 37 20 2 48 36 19 99 31 16 65 37 48 21 100 67 73 77 88 32 19 100 3 97 27 77 92 50 57 60 74 71 71 51 69 65 51 95 73 99 11 15 51 57 2 1 79 79 62 10 81 46 100 73 23 54 54
3 76 32 21 75 67 3 91 4 1 59 89 6 79 62 47 34 94 26 20 86 90 64 49 18 96 3 44 68 29 36 38 37 38 91 18 90 47 43 10 82 4 52 98 83 90 82 14 85 24 21 18 11 85 87 7 9 19 9 12 70 71 22 78
7 24 12 65 61 87 36 51 14 16 9 57 76 87 97 27 75 36 59 61 93 100 16 18 67 19 42 34 9 56 31 20 42 46 31 9 27 83 3 33 14 57 69 62 55 67 75 9 23 76 77 11 85 14 65 22 47 95 6 16 78 75 85 0
38 63 53 32 41 51 52 79 38 46 13 68 51 15 8 14 75 75 95 47 92 86 95 95 72 48 81 70 26 64 99 53 26 66 36 38 87 78 35 94 70 47 43 68 22 77 83 42 66 50 85 55 52 48 1 2 65 15 59 17 68 35 48 12
48 23 31 78 61 82 22 55 36 50 96 88 100 78 14 29 79 89 29 8 76 88 30 18 50 11 87 90 97 4 28 44 12 65 67 26 64 24 84 6 22 39 47 75 29 56 77 80 91 93 51 8 57 29 28 31 59 94 86 87 3 20 46 73
71 87 74 92 24 61 86 68 99 91 34 34 43 60 48 93 44 45 1 60 30 47 69 67 68 17 76 36 15 70 81 41 2 4 45 11 98 82 28 11 62 34 31 40 37 34 17 100 38 73 84 14 17 91 45 71 44 5 20 54 28 71 9 58
20 20 71 54 33 24 33 49 16 75 34 5 80 3 52 69 50 22 33 26 5 83 70 15 50 78 4 66 93 73 100 17 86 7 46 100 85 69 40 34 2 7 11 11 54 46 19 22 100 4 40 20 51 17 72 60 68 88 59 27 70 62 100 72
