20 97 88 18 79 94 90 8 2 12 14 23 38 36 35 46 24 68 60 98 41 8 74 66 77 23 12 55 71 100 90 65 53 87 19 95 60 46 53 45 18 15 71 52 43 20 18 72 76 39 34 36 95 3 28 3 29 38 80 41 28 63 20 54
76 59 15 24 83 96 93 19 44 54 70 96 59 63 85 6 67 79 61 37 58 4 95 26 72 38 27 100 25 15 61 60 41 27 32 38 55 84 86 33 18 21 60 63 97 84 73 74 67 66 42 26 49 16 72 64 47 13 59 89 48 23 26 8
45 78 34 36 25 29 99 87 15 70 0 1 42 74 23 95 63 18 82 18 41 79 47 91 9 15 81 15 79 94 87 25 28 53 68 69 55 97 6 94 76 72 27 90 86 15 79 22 17 81 37 68 18 85 55 76 62 60 92 49 58 36 50 54
30 78 78 11 21 34 76 59 61 25 2 90 87 41 20 37 71 50 54 88 71 84 74 70 12 25 55 34 33 1 82 39 92 44 62 40 32 0 3 82 26 2 21 15 59 7 84 55 45 15 47 45 16 80 17 96 85 91 1 86 6 75 49 36
32 33 68 21 78 97 60 45 38 44 67 29 40 11 20 58 59 59 94 80 47 7 7 64 77 71 58 75 57 41 41 54 19 31 86 9 82 22 55 5 40 29 82 61 15 72 83 51 43 14 76 0 11 46 8 94 46 31 37 48 50 91 50 21
80 52 27 24 31 29 99 27 81 99 26 45 46 39 40 65 38 14 68 86 57 67 38 35 5 58 17 8 4 18 52 22 88 79 64 68 37 41 93 61 42 38 89 22 68 97 49 20 22 96 10 36 38 24 7 53 80 50 18 36 89 92 18 87
16 88 15 62 38 100 51 92 88 30 78 51 87 80 45 71 21 95 20 86 80 19 40 79 40 92 67 21 4 56 66 81 86 20 97 8 40 81 14 65 74 94 71 26 72 5 32 46 84 36 27 65 13 95 22 100 97 54 29 57 97 6 99 25
7 70 87 86 90 29 57 91 65 54 8 35 57 72 89 33 4 72 83 2 35 74 56 42 41 36 58 30 64 24 24 15 5 56 91 2 33 35 61 10 89 11 77 51 34 2 73 26 13 52 20 33 32 39 23 57 79 41 11 43 10 82 28 22
46 35 78 36 22 1 83 59 40 28 75 74 21 75 45 54 44 49 24 75 67 15 74 75 39 94 58 34 75 91 53 37 95 44 61 48 51 11 45 10 99 56 63 66 23 73 85 68 71 35 88 62 31 82 65 21 45 12 45 59 5 98 37 39
77 74 46 78 78 15 68 58 82 44 37 4 0 39 33 41 55 27 76 0 85 72 24 40 33 43 53 77 35 73 0 61 59 10 87 6 63 1 79 76 20 92 12 32 66 12 21 39 31 44 45 7 4 29 65 70 25 1 89 95 73 10 73 43
81 7 45 73 35 41 0 45 30 8 96 21 17 96 63 89 0 97 97 98 87 52 48 75 54 41 93 11 100 78 14 96 92 89 24 92 8 14 21 74 10 96 45 32 38 15 34 54 28 61 62 28 48 89 44 51 72 6 12 95 76 91 80 43
20 56 10 93 54 53 37 97 72 89 7 62 98 39 76 87 48 51 82 23 91 26 38 19 50 75 37 20 88 29 68 44 69 18 47 57 60 27 17 52 88 31 83 15 81 53 61 72 45 3 21 25 61 34 91 72 57 9 88 7 76 47 15 97
44 99 86 7 51 46 63 95 12 42 100 25 62 68 76 22 3 97 10 20 8 90 88 62 31 46 30 58 22 58 82 41 23 30 9 38 13 2 32 20 86 7 10 77 35 79 37 98 2 89 80 24 72 36 44 13 30 50 99 86 76 78 77 67
75 92 25 88 67 7 97 34 8 9 9 3 85 19 88 37 49 49 73 86 90 17 24 15 7 9 21 54 15 83 37 37 22 98 0 57 27 55 44 20 64 69 59 92 15 51 95 29 77 4 72 37 55 12 84 97 34 97 91 61 94 49 95 81
30 73 67 4 22 19 34 96 86 66 46 86 63 92 33 79 66 58 34 36 80 14 0 50 81 1 53 8 89 49 46 83 30 71 64 82 64 16 21 92 2 39 79 39 57 26 93 15 59 51 19 57 8 5 93 45 45 70 60 24 90 96 53 65
69 5 92 50 1 88 37 32 90 94 46 71 28 26 76 7 52 91 14 29 46 53 83 49 0 35 75 13 79 97 81 69 99 8 30 73 47 59 2 26 38 26 46 55 73 3 98 80 29 29 24 38 92 54 93 74 35 67 83 16 56 45 26 56
23 26 5 51 94 87 93 60 23 51 19 24 99 53 86 64 65 38 27 69 60 76 19 28 71 43 11 58 77 74 94 56 81 68 51 34 88 39 88 13 70 86 15 73 19 25 34 94 70 2 57 5 79 51 65 31 70 2 96 29 29 40 49 22
24 72 87 12 58 38 18 30 74 63 88 74 36 86 58 63 15 79 86 83 65 51 52 70 26 20 87 36 84 59 30 68 68 16 57 12 59 68 38 16 13 74 5 91 100 40 18 61 15 31 34 89 15 31 30 73 49 75 68 8 60 48 5 86
27 16 88 78 14 77 2 98 36 36 82 10 91 12 31 74 68 74 87 16 10 83 67 31 88 20 83 76 24 64 37 69 27 36 35 86 32 44 88 66 92 25 47 33 86 91 79 61 19 21 57 10 26 49 88 83 53 97 2 40 76 57 15 29
79 43 22 85 59 10 99 83 30 68 93 12 67 84 94 30 83 44 32 52 36 57 16 94 84 10 45 86 27 98 52 38 50 91 67 91 7 74 80 49 0 28 42 66 30 93 86 23 51 3 3 74 48 80 13 71 4 46 58 37 74 74 76 3
29 67 91 50 43 5 78 87 0 18 91 87 21 82 46 66 95 49 35 55 26 6 61 83 97 23 90 71 25 87 28 3 38 76 64 24 100 14 75 93 24 48 92 38 11 36 19 91 20 72 88 33 94 15 10 7 28 44 28 73 61 78 92 19
85 53 55 71 100 56 75 36 12 25 58 9 43 88 92 69 14 15 18 43 78 94 71 44 30 26 94 3 10 94 81 96 75 38 21 85 83 51 33 99 78 54 84 18 30 85 10 71 17 8 100 29 1 83 30 66 65 21 56 89 27 89 70 64
96 95 4 94 36 24 92 51 47 63 21 22 39 75 54 71 14 95 42 51 62 37 18 36 40 19 85 13 88 19 53 28 56 43 97 61 96 54 35 77 76 26 33 55 29 24 66 16 21 6 45 11 76 54 4 84 80 79 23 76 44 12 34 81
0 46 83 66 54 98 54 36 76 46 6 22 96 89 11 47 18 14 48 52 50 7 62 27 82 62 51 42 80 0 88 43 13 38 50 22 1 72 54 66 21 96 46 20 79 47 55 99 23 80 41 24 92 51 46 48 58 76 47 30 47 58 40 73
96 80 43 52 84 4 74 99 99 29 17 5 76 24 100 62 36 84 75 62 62 32 58 10 62 50 74 90 33 34 71 2 28 11 13 57 77 7 22 46 97 41 82 61 48 82 16 33 55 65 35 14 20 3 69 74 0 40 93 21 88 28 96 28
90 75 90 75 57 90 18 29 45 68 42 42 73 90 65 48 38 92 17 23 67 84 24 7 70 89 29 82 6 23 54 48 5 36 37 43 19 56 87 82 32 74 73 26 8 64 0 36 97 85 19 96 13 40 36 74 1 65 13 29 3 61 66 5
31 60 42 41 58 83 86 30 92 2 80 69 86 64 14 32 5 33 87 87 52 28 69 5 73 28 100 30 87 82 18 49 2 7 79 9 91 38 95 81 11 54 94 65 12 81 56 72 11 33 32 7 13 57 66 88 57 8 86 97 43 98 17 44
77 7 37 72 13 56 64 46 9 61 33 83 56 49 88 75 54 89 65 42 5 100 77 44 37 81 90 56 32 1 74 44 86 11 72 85 39 50 63 18 29 54 68 38 87 91 55 21 16 23 86 31 54 99 94 38 98 11 25 49 59 9 57 1
0 34 4 43 93 78 86 46 71 97 51 13 96 75 56 69 35 68 72 24 4 95 48 0 6 41 61 64 43 71 45 34 49 6 21 45 91 81 51 19 9 100 88 66 0 54 65 44 60 19 59 0 22 74 93 68 12 38 12 62 18 82 6 83
48 81 84 28 79 49 39 34 12 82 0 1 2 34 78 99 75 40 67 56 84 1 69 65 35 54 93 45 15 26 19 43 47 11 0 45 91 47 10 26 81 78 37 93 95 0 20 71 74 67 69 63 72 16 94 85 64 14 90 1 75 26 20 51
25 24 55 61 24 75 69 52 55 84 34 94 45 5 78 23 62 23 10 34 96 10 71 36 53 81 1 75 57 54 84 67 64 68 21 79 44 90 4 1 78 57 32 79 44 11 16 77 76 79 12 44 73 62 49 54 62 86 67 6 64 12 5 16
41 76 1 93 34 56 77 69 53 49 6 62 57 70 60 88 66 3 45 63 7 24 78 14 50 92 19 96 36 89 84 8 35 48 51 34 8 31 83 45 65 93 51 52 34 3 62 25 65 81 61 92 73 78 69 47 94 38 7 8 25 98 98 27
44 43 27 76 75 39 34 2 28 95 53 17 69 50 64 89 11 73 100 56 41 87 91 16 52 8 97 63 76 72 18 12 92 66 33 0 15 86 13 76 25 81 0 85 4 58 86 59 74 47 80 19 28 30 6 96 53 77 11 71 15 42 58 73
78 80 34 61 68 58 68 94 41 5 0 51 27 47 61 28 12 61 29 11 49 73 11 85 63 49 27 15 50 62 12 23 7 98 50 3 12 98 36 6 63 21 59 61 77 59 45 22 52 29 74 41 54 35 7 52 16 89 57 21 44 20 69 29
40 61 53 40 91 33 57 40 3 48 61 96 71 31 32 38 60 62 66 71 44 75 46 84 53 22 70 100 29 7 24 30 20 86 34 34 72 73 52 4 79 94 57 32 49 38 13 77 31 76 60 60 33 69 13 59 87 75 64 7 3 57 49 8
88 18 78 58 50 0 31 26 31 82 15 44 33 84 42 85 11 47 6 45 56 37 14 28 82 85 62 27 94 48 41 74 31 68 75 31 82 32 26 13 22 27 42 38 6 60 72 34 27 75 24 53 53 1 61 63 92 69 83 83 28 85 58 57
5 66 77 34 61 62 57 69 47 55 35 35 38 51 39 2 60 41 52 21 75 90 64 62 76 55 16 49 63 98 33 14 11 65 83 62 33 22 53 71 14 30 75 50 32 20 14 24 54 61 15 79 94 97 99 65 41 78 48 72 68 96 38 51
71 19 6 98 45 55 13 33 45 32 80 54 17 31 5 19 3 87 74 70 97 73 2 32 31 54 20 28 96 98 100 17 79 28 76 86 68 92 83 42 51 44 4 68 0 80 53 79 40 6 18 42 54 59 76 87 7 53 12 47 61 88 98 84
34 70 11 21 22 26 100 63 79 11 96 65 54 74 14 40 69 33 40 39 12 17 25 59 9 37 54 31 95 85 41 36 27 46 33 16 79 85 35 22 44 57 56 81 3 81 10 12 100 44 27 22 20 13 39 33 69 83 51 42 33 63 33 6
65 52 19 75 92 22 94 73 72 64 39 97 19 58 95 22 63 90 61 74 5 53 33 90 19 49 31 83 59 90 50 21 51 8 61 76 7 27 76 21 10 76 53 55 34 92 7 92 25 77 6 53 37 43 35 81 6 11 13 7 47 20 1 99
17 70 93 74 75 4 5 4 62 69 21 92 36 71 99 45 46 27 69 32 59 38 39 13 69 4 42 7 47 96 40 82 59 22 94 68 30 42 12 44 20 15 87 33 56 15 2 68 77 12 45 98 37 13 97 53 60 86 8 12 88 10 56 30
96 16 0 87 47 26 89 99 24 72 12 74 93 70 29 28 98 18 80 52 30 84 75 7 28 27 74 37 70 82 51 43 44 32 15 14 1 23 89 67 13 63 24 14 69 46 33 64 61 63 2 17 89 26 57 27 12 84 43 15 61 78 2 78
70 13 96 30 61 99 79 29 0 32 7 53 23 41 82 22 11 50 53 13 15 70 9 63 94 52 3 37 72 29 93 96 88 57 75 84 25 58 96 30 92 47 90 4 34 26 71 52 70 61 45 61 69 32 56 94 29 48 56 17 96 25 49 4
84 49 65 26 96 18 86 34 5 35 77 3 79 86 84 83 7 86 78 96 72 85 43 82 76 8 70 57 9 22 1 34 75 51 56 72 87 20 85 62 51 49 64 36 89 91 11 25 72 3 39 80 7 98 0 75 27 2 3 44 93 45 18 28
26 0 91 84 36 18 49 96 2 23 82 51 48 56 32 63 8 27 75 85 96 21 41 55 8 41 79 9 16 66 33 20 80 28 46 51 100 18 28 26 97 61 9 43 15 35 82 60 3 26 78 74 40 34 93 7 56 96 49 21 8 37 8 46
95 20 52 36 65 72 48 16 32 19 49 7 19 26 79 19 77 56 64 84 32 4 40 72 83 79 64 40 97 71 37 77 40 6 18 1 56 62 80 93 20 10 19 31 14 83 10 73 47 26 85 86 93 83 1 43 24 35 95 39 91 46 25 25
72 46 98 42 24 30 74 59 70 81 95 34 82 11 9 48 33 84 26 68 68 36 7 53 47 98 74 57 75 89 100 0 17 84 20 71 95 93 56 3 64 69 65 0 19 100 21 63 68 88 92 30 96 58 44 42 33 16 51 43 42 6 92 77
11 33 73 71 100 17 86 66 67 37 48 66 2 24 58 2 11 40 52 9 25 39 54 5 92 84 15 12 3 11 70 0 86 63 7 63 98 8 9 93 51 24 55 31 49 41 53 53 76 85 29 74 81 87 42 31 12 6 97 15 42 92 27 57
32 48 68 85 89 41 39 16 63 28 35 91 48 42 62 90 61 9 9 56 37 48 52 10 55 6 20 19 33 95 12 31 18 46 75 44 6 6 30 33 1 79 4 93 17 59 33 17 15 29 84 13 9 65 47 77 6 59 20 81 90 73 14 32
86 19 65 81 41 73 56 65 43 20 75 50 7 77 58 64 21 66 88 67 56 10 95 89 35 99 80 17 32 68 92 48 58 42 18 13 74 22 35 46 39 33 76 42 91 58 87 34 73 54 40 2 25 49 20 60 95 7 66 8 81 93 91 26
3 50 73 51 77 11 66 10 62 35 85 40 33 69 62 75 73 61 46 8 85 91 29 44 44 49 90 0 44 13 71 23 43 45 5 30 93 27 47 26 62 33 60 88 18 21 88 3 54 7 22 16 95 25 72 67 26 67 61 67 64 34 27 70
75 79 84 76 6 45 33 93 26 80 65 35 48 28 41 13 92 75 0 43 64 51 2 44 97 95 33 6 91 54 78 18 39 89 57 65 33 81 77 100 67 9 76 69 74 86 21 45 40 30 49 32 78 89 88 79 96 84 43 71 2 14 13 98
49 44 94 68 36 70 43 37 62 20 43 58 99 17 47 71 21 55 100 72 85 48 39 42 56 100 14 90 75 54 91 49 46 46 74 74 55 14 13 5 68 36 96 32 69 11 19 1 11 18 63 3 17 96 92 13 52 78 76 26 80 100 80 44
28 3 79 81 34 25 82 4 48 5 81 99 84 80 69 76 74 17 20 42 33 21 78 52 1 30 88 63 39 21 19 76 7 33 27 38 91 28 19 99 37 90 63 3 82 48 33 17 26 30 35 26 29 54 17 69 94 79 17 24 8 20 99 65
24 69 1 3 89 33 68 54 0 49 71 98 56 100 86 99 21 71 65 40 12 76 28 7 26 88 9 88 49 55 9 49 7 87 37 24 81 32 15 50 9 23 66 6 10 51 27 29 25 94 39 65 5 36 55 8 2 19 23 1 27 34 27 44
92 48 93 54 24 92 89 71 58 4 24 43 66 81 68 2 12 61 35 44 74 88 91 93 84 27 82 96 35 7 33 88 28 92 47 29 36 89 50 32 34 6 8 87 94 94 32 93 25 59 46 35 90 41 42 57 12 55 1 54 16 24 21 98
74 69 15 59 10 20 11 86 84 99 17 80 16 94 82 5 47 49 17 75 57 5 96 90 41 7 92 30 95 2 19 71 30 38 57 30 56 34 64 34 36 90 99 50 46 74 50 52 43 32 78 76 30 28 55 39 63 43 99 43 52 80 66 1
92 96 2 21 90 72 36 16 28 24 96 16 17 71 72 8 10 44 6 60 66 6 78 86 42 29 100 21 12 54 92 0 55 34 40 53 45 15 54 2 49 87 35 97 26 73 99 95 36 4 19 54 1 69 56 52 16 72 64 64 70 73 66 43
94 4 56 94 76 99 59 34 52 89 5 21 31 64 13 77 28 58 35 33 65 40 62 37 36 3 64 10 52 4 76 79 97 76 28 29 10 80 18 68 55 94 49 84 25 78 29 24 80 71 90 52 14 22 31 94 1 25 24 32 68 31 33 100
38 54 13 92 96 45 71 61 6 24 11 75 73 64 52 15 19 88 91 21 1 74 84 65 70 69 18 100 24 21 62 14 85 13 51 15 60 74 29 36 8 51 70 39 48 59 21 72 23 74 1 84 47 5 19 18 6 37 37 35 55 93 61 39
57 76 27 15 2 68 44 50 37 51 15 54 40 5 99 72 72 23 20 55 54 92 69 29 25 45 38 4 23 85 60 58 1 5 95 3 92 80 100 36 88 51 53 71 55 73 85 23 48 10 19 39 77 53 38 76 7 64 70 38 34 58 53 47
17 24 44 84 39 2 6 29 83 41 90 67 61 100 57 91 72 81 29 41 0 9 97 14 22 35 37 15 20 3 77 21 55 66 33 24 34 93 44 89 4 46 64 2 90 60 34 39 11 89 67 50 62 38 93 19 13 21 79 15 73 4 18 15
75 57 39 2 63 10 84 39 27 27 75 18 12 95 33 34 65 28 11 57 89 36 58 53 54 91 87 64 11 53 90 26 9 69 0 71 19 13 56 75 70 38 49 1 8 96 47 33 85 52 34 10 16 18 86 2 10 11 69 9 99 48 59 49
16 98 10 18 62 91 25 21 84 18 36 64 14 21 48 56 5 94 28 70 18 68 80 19 0 3 91 5 95 9 71 13 74 78 3 88 42 7 17 20 90 42 11 56 22 36 50 14 15 21 71 31 14 34 43 57 93 8 21 11 22 44 37 73
