50 93 24 66 61 33 44 27 78 69 97 9 100 42 58 74 38 32 82 66 3 83 20 78 0 77 41 45 78 3 76 86 16 22 93 53 15 67 83 66 68 93 88 98 69 23 26 99 40 87 77 6 55 6 47 89 37 23 92 29 2 46 91 8
49 19 71 75 78 49 98 74 70 44 54 15 27 81 97 67 72 89 99 60 3 86 56 9 51 68 52 64 53 26 78 55 77 11 14 45 24 99 42 21 23 30 21 27 55 0 73 61 95 82 57 18 25 63 65 77 97 16 72 17 97 89 38 92
89 34 22 67 37 48 30 25 56 47 44 18 52 70 63 97 35 82 30 75 78 99 86 98 39 37 95 76 25 54 59 2 93 20 59 54 39 91 37 5 62 85 88 75 44 72 85 56 1 41 65 50 50 82 38 38 42 73 29 16 10 37 63 16
62 1 7 19 70 76 41 12 54 44 8 43 90 27 0 49 99 38 97 80 92 46 59 92 39 78 36 36 76 2 95 12 79 49 80 97 77 69 74 84 76 20 90 71 8 85 26 73 12 43 68 25 67 33 35 81 55 88 2 10 17 97 45 43
57 95 0 69 53 55 23 67 57 95 67 90 73 0 70 63 58 72 57 86 94 98 35 39 94 48 29 97 49 57 23 25 1 5 48 91 85 76 97 13 3 83 61 25 9 66 64 6 15 14 99 61 79 39 3 100 12 99 80 71 89 0 1 0
41 2 30 91 52 48 0 68 15 38 49 74 55 85 40 96 87 18 38 55 28 67 77 93 70 32 35 47 1 11 25 32 34 4 49 62 34 2 5 23 86 72 85 70 68 41 98 86 22 48 89 51 93 53 9 53 48 35 42 58 87 15 81 80
87 64 78 35 34 85 34 50 97 95 23 31 69 74 1 47 41 2 97 73 19 60 42 26 65 30 43 87 25 57 54 29 32 98 86 76 42 3 70 14 48 78 96 19 73 81 22 19 57 6 10 20 41 88 82 99 43 43 89 56 34 23 76 16
100 25 70 58 23 6 47 72 24 65 18 80 10 30 100 8 92 87 93 6 72 98 68 20 78 68 76 79 45 75 33 95 39 92 86 65 41 43 68 56 4 9 16 66 46 99 78 11 100 63 34 87 66 48 2 83 69 22 27 90 92 50 61 0
70 17 96 71 99 10 39 37 92 88 62 73 46 83 36 33 11 94 69 53 99 77 77 60 0 68 63 5 94 14 4 31 50 30 65 43 55 65 19 7 29 79 10 58 57 44 56 99 55 24 11 42 26 39 26 30 31 26 54 6 77 94 93 80
75 68 43 25 99 44 35 44 5 53 25 5 49 17 18 2 58 68 76 54 10 45 9 76 98 48 60 7 22 28 11 92 95 59 79 81 85 19 70 93 7 82 67 7 11 58 35 39 42 83 90 87 61 86 26 83 60 22 89 82 22 99 100 76
19 0 70 79 34 63 16 63 61 74 75 57 86 90 10 15 13 84 64 98 27 39 49 88 57 38 69 17 98 68 98 33 23 24 2 5 31 81 75 8 90 92 40 25 12 80 38 69 20 22 11 65 53 22 65 0 39 10 44 82 52 81 62 43
57 22 96 25 82 82 45 63 64 54 34 50 8 29 99 37 79 56 64 73 12 18 0 30 84 31 48 56 59 70 65 34 70 58 69 26 71 28 67 49 61 61 45 41 100 81 83 41 25 59 72 54 5 26 54 93 79 91 73 50 49 36 87 8
71 41 80 50 42 45 85 9 20 74 20 67 55 41 57 5 36 98 93 64 69 47 5 48 62 80 10 80 32 70 99 27 55 53 92 81 87 12 59 25 8 38 53 86 97 26 88 1 10 62 41 43 86 30 9 29 92 36 55 92 52 22 3 36
53 38 0 6 49 24 43 8 80 8 85 30 88 90 69 29 57 11 51 84 63 47 99 100 40 1 84 23 5 74 38 64 67 5 96 82 68 85 63 15 79 9 37 34 60 29 11 80 36 38 72 6 25 35 27 90 21 53 97 72 36 23 57 54
34 2 19 56 81 80 4 14 73 99 72 41 85 51 4 44 11 72 77 84 64 64 72 75 39 57 96 35 89 48 17 36 77 70 19 45 23 83 35 96 27 1 78 68 17 19 72 37 90 79 69 36 8 39 24 61 100 88 29 21 31 4 16 3
78 56 71 61 89 70 92 33 39 13 41 3 55 83 94 60 100 61 99 42 18 66 20 82 85 35 78 2 78 77 55 21 43 18 57 85 92 5 16 70 55 76 96 34 63 55 99 84 97 56 82 60 91 2 59 98 21 47 98 12 17 98 56 15
61 95 15 5 16 96 83 42 9 45 76 9 83 52 85 3 6 98 0 86 74 96 51 41 37 91 41 36 30 9 44 55 75 80 19 94 9 20 32 94 46 13 12 94 80 73 8 11 89 84 23 63 72 90 61 38 23 55 73 87 22 42 46 46
85 74 46 78 17 97 18 40 25 17 51 56 95 65 4 80 48 63 25 99 39 88 48 98 74 68 27 78 7 59 56 25 46 12 89 54 6 87 9 81 20 95 26 93 15 13 5 21 62 3 47 88 29 89 34 85 75 17 90 80 7 84 47 29
73 30 87 35 93 7 7 57 33 98 33 8 80 39 32 31 49 10 95 56 59 38 63 28 63 94 63 1 5 0 85 60 18 100 28 32 54 11 94 75 19 29 57 99 60 26 72 41 67 58 79 34 40 1 31 71 1 68 45 60 44 65 22 31
95 46 50 37 54 76 15 19 50 90 61 98 83 51 40 85 71 6 57 54 15 99 99 1 67 21 69 75 80 57 99 76 68 0 57 76 78 58 16 80 76 54 39 54 36 9 53 7 12 95 83 47 32 9 47 85 35 47 49 14 16 9 79 62
87 94 56 31 48 99 19 37 52 27 24 40 37 57 89 23 99 26 60 58 26 67 14 5 34 1 25 73 60 79 33 45 23 28 38 95 22 16 33 12 16 52 53 59 89 99 28 25 75 23 74 33 95 88 39 21 13 31 9 27 16 29 31 99
55 13 4 31 1 22 47 25 82 17 69 15 36 26 13 55 26 9 16 16 65 98 25 20 17 78 100 92 52 15 30 31 46 56 41 0 82 96 6 10 83 94 1 47 0 86 18 8 18 66 31 31 38 15 6 26 13 26 100 53 93 90 90 91
79 76 8 90 60 68 14 40 83 85 56 66 93 12 73 99 28 40 54 94 3 43 30 33 48 5 96 41 79 72 41 67 13 76 47 75 45 12 19 40 15 40 50 80 94 65 37 18 50 70 99 46 90 7 22 31 71 52 89 78 68 36 47 32
0 5 53 58 21 8 17 48 68 35 82 97 86 65 85 32 56 53 39 96 19 81 89 26 39 1 31 16 26 68 89 46 88 84 22 95 14 70 16 24 61 36 94 76 57 98 11 20 64 71 11 67 41 44 36 78 97 81 99 10 0 74 44 77
77 68 11 40 88 83 47 48 0 9 54 93 40 57 19 36 96 94 7 58 54 69 66 5 74 82 34 1 1 83 52 49 12 28 80 13 98 18 65 94 0 30 47 88 74 76 22 42 42 24 48 85 89 47 51 72 14 75 48 94 50 12 40 35
19 71 16 75 82 16 38 56 72 33 32 60 92 43 94 21 15 78 65 21 69 26 60 77 63 49 5 90 98 22 41 47 67 13 67 69 74 97 83 66 81 19 59 78 64 36 72 8 80 18 8 31 69 99 79 23 20 75 60 9 31 97 67 36
92 66 97 69 17 58 64 9 42 54 82 34 76 4 9 89 35 36 78 99 87 35 100 22 81 27 4 43 65 50 38 22 8 54 9 53 42 3 8 15 21 12 19 85 86 73 9 55 8 18 77 9 45 100 68 82 76 49 53 76 84 96 43 73
75 7 36 60 66 83 69 3 96 78 31 37 18 23 66 71 31 52 52 37 35 74 89 59 69 94 53 24 98 72 17 41 83 35 17 100 100 20 49 3 27 29 25 46 73 4 44 10 68 33 57 48 62 34 35 99 86 39 3 3 16 91 49 50
41 31 52 7 8 73 46 77 31 85 86 66 38 46 47 83 17 61 5 2 68 1 79 33 30 93 73 76 81 86 72 35 13 24 43 0 9 38 41 29 53 86 4 78 82 69 60 29 43 78 49 85 15 83 20 6 71 57 18 37 97 11 22 44
5 32 39 32 54 82 86 33 6 51 91 1 16 4 84 42 0 1 0 91 22 41 75 27 44 59 8 66 2 80 84 20 93 100 41 17 23 93 1 43 59 34 60 87 7 4 76 17 96 23 31 7 87 69 29 35 97 8 43 32 39 5 51 3
83 27 71 60 38 21 39 47 73 83 28 15 22 98 58 99 47 1 99 26 98 49 51 7 9 43 82 88 14 32 63 26 25 89 7 80 74 11 83 82 95 1 85 97 22 98 77 56 40 34 59 44 68 21 69 41 96 48 95 51 79 95 49 23
86 12 85 79 97 80 82 58 4 83 40 94 63 98 83 16 17 78 74 92 23 42 5 45 80 54 99 17 88 28 75 2 68 12 87 6 43 59 70 0 5 47 86 10 37 49 25 8 97 46 94 27 9 38 47 36 16 48 43 82 43 23 3 95
72 48 72 27 45 25 96 71 49 7 98 90 25 49 26 76 22 34 85 80 90 92 100 78 56 97 48 100 30 76 25 29 90 3 34 25 34 43 16 86 29 51 45 56 24 31 40 89 51 82 87 2 30 63 87 36 22 39 61 86 15 34 66 66
51 63 16 76 31 41 42 96 44 46 47 6 78 52 98 42 33 20 10 35 1 31 23 23 68 36 96 56 60 35 1 41 27 3 1 50 0 71 98 74 93 92 1 58 60 44 95 59 90 8 87 39 45 4 6 75 30 92 29 38 48 68 46 39
89 20 24 95 6 83 72 95 47 63 29 95 24 48 66 52 96 7 33 56 18 29 51 81 52 85 38 56 1 59 47 51 62 63 83 5 25 3 91 52 52 42 22 42 1 25 43 79 14 78 14 90 98 26 27 2 58 78 68 89 77 55 92 85
28 78 19 15 22 21 75 44 100 60 5 15 97 59 58 100 85 94 89 23 100 21 62 98 55 45 72 1 78 34 83 97 27 92 87 63 99 35 47 53 40 70 71 20 44 11 1 85 17 96 14 50 67 12 29 80 75 69 52 49 57 30 95 48
6 100 92 22 19 88 70 29 17 100 97 61 87 15 24 71 3 39 6 16 59 61 41 26 55 19 99 85 57 35 30 9 34 1 26 46 90 59 24 41 62 54 62 41 45 72 61 23 18 79 82 4 48 82 3 27 73 76 66 44 88 74 25 21
64 66 37 60 9 39 15 23 28 86 21 65 20 80 94 47 24 81 3 93 88 0 18 68 14 100 50 96 61 23 19 79 27 49 48 13 71 65 36 59 87 61 75 31 5 93 82 80 96 74 99 66 83 99 3 35 97 5 0 10 36 44 48 30
10 5 26 40 44 76 40 63 10 72 25 36 47 26 17 58 63 53 46 20 67 99 20 80 24 27 69 54 93 79 92 39 63 56 2 19 100 23 74 97 62 47 33 92 37 81 55 99 97 34 73 4 50 3 11 69 98 77 21 32 42 4 13 56
17 15 93 36 84 32 35 48 57 25 64 59 23 15 73 96 79 54 23 39 3 79 22 71 33 0 23 2 66 84 61 86 47 69 19 44 33 28 72 85 22 85 97 92 59 7 56 24 21 20 31 8 50 10 30 89 50 95 89 26 27 36 21 5
100 84 53 69 48 7 78 99 94 14 51 5 89 59 97 25 95 11 27 44 25 54 55 26 14 14 1 26 81 5 100 39 31 67 34 72 94 37 40 53 51 17 21 47 55 94 45 39 86 23 34 28 77 52 9 74 17 51 36 88 49 82 23 81
24 24 43 89 67 4 2 36 54 59 22 54 67 34 36 79 14 69 44 68 69 39 3 21 75 91 10 26 0 26 78 81 33 99 77 0 94 61 88 2 78 35 41 95 87 100 75 57 54 55 58 17 53 24 52 28 90 18 45 65 25 77 48 5
79 43 88 77 17 49 69 61 88 67 36 19 54 78 27 14 90 6 13 8 89 19 66 89 39 97 53 53 15 16 41 37 46 77 50 44 57 88 67 13 52 74 75 94 25 100 8 75 22 84 27 27 85 86 19 82 65 29 2 20 8 40 11 39
24 100 60 74 55 7 25 47 84 70 55 16 42 79 35 30 60 35 74 61 63 85 65 20 44 60 8 2 100 42 28 62 49 32 32 52 94 53 82 38 91 12 57 80 23 51 77 18 24 75 39 66 79 52 59 19 0 22 63 17 23 26 23 87
53 83 93 3 2 92 21 72 25 41 91 81 21 51 48 36 67 70 71 34 23 13 96 23 67 1 65 30 59 19 64 37 96 26 72 98 35 53 83 20 39 25 30 47 28 87 50 42 73 80 18 79 53 80 59 29 83 3 54 5 24 63 22 67
89 58 91 81 99 23 20 60 69 48 77 43 17 51 100 89 74 45 20 60 38 89 84 63 10 5 11 26 39 81 65 6 72 18 46 16 92 61 87 10 98 91 90 92 100 100 70 57 82 87 93 53 31 36 92 82 91 45 89 87 87 88 98 0
24 28 28 53 31 62 67 93 45 89 94 37 83 28 13 78 36 64 28 64 26 68 48 72 11 99 88 20 88 39 43 59 11 95 100 6 42 88 31 31 1 25 62 72 45 21 9 19 92 100 95 85 70 74 51 62 19 59 55 46 14 66 33 66
80 25 73 59 10 80 46 42 22 90 85 23 80 29 77 75 67 71 77 93 95 44 81 77 75 69 63 36 11 39 34 44 23 20 19 52 3 24 71 41 64 13 99 5 51 87 23 37 35 2 88 98 75 86 46 30 55 83 75 43 7 84 20 36
84 95 71 50 83 42 69 26 89 31 7 8 57 61 98 42 26 16 92 94 32 39 21 58 98 31 31 13 29 3 16 10 99 88 96 75 74 6 13 90 37 58 3 42 37 99 93 74 51 89 86 93 4 90 21 72 21 3 84 91 92 45 17 14
84 33 55 38 82 0 10 62 70 25 0 92 16 82 66 28 68 73 9 98 28 11 24 63 25 63 10 79 39 71 50 63 57 82 76 43 84 48 74 92 43 94 45 15 33 75 49 77 71 9 63 56 44 3 4 43 34 90 65 56 4 44 41 26
42 55 6 63 68 85 87 98 25 26 39 67 69 48 27 92 14 87 99 86 23 62 48 39 54 17 20 83 52 56 21 93 98 11 76 2 87 59 20 3 14 83 100 96 22 93 78 62 71 84 52 20 87 11 5 71 98 69 52 28 4 58 82 70
34 51 85 89 90 52 71 91 83 91 99 19 23 51 55 15 17 51 75 82 72 100 69 38 3 9 94 93 17 39 94 83 97 95 19 34 68 54 13 8 7 14 81 93 98 93 27 25 87 32 44 20 25 58 80 45 45 8 81 41 75 87 43 56
91 35 7 94 75 26 51 21 85 70 54 41 91 18 51 85 52 65 73 71 11 94 27 35 74 82 11 75 35 8 34 15 8 35 61 71 41 22 71 82 65 22 28 94 88 36 86 10 10 38 0 77 53 67 49 37 81 10 32 79 52 41 6 11
76 88 93 44 43 62 37 82 4 55 91 11 53 66 94 76 27 25 44 9 44 86 21 76 63 70 27 71 62 99 52 100 53 63 49 8 83 24 53 59 74 27 29 78 68 56 16 2 53 66 67 69 67 9 12 75 8 72 43 24 73 30 18 68
92 51 92 3 81 3 96 46 14 87 96 64 55 15 17 54 95 3 10 96 83 30 33 14 10 20 83 100 81 19 37 95 91 23 62 67 79 42 48 78 14 5 50 43 32 70 81 84 97 30 6 94 23 79 47 47 52 70 32 47 60 94 77 14
61 56 81 25 32 98 43 6 11 19 78 19 89 63 55 87 10 21 84 26 23 59 11 44 32 6 55 14 85 76 53 88 30 2 84 87 66 90 5 6 34 16 44 69 89 12 89 5 37 76 27 95 89 47 8 59 73 32 90 98 84 46 99 5
17 70 43 5 95 70 63 61 76 74 43 32 67 45 99 11 62 14 99 52 5 62 79 89 8 99 84 56 62 12 89 66 20 35 32 42 3 85 36 29 10 89 33 56 48 61 41 97 54 23 67 39 47 14 11 55 5 43 57 49 27 89 90 25
74 3 77 31 28 87 50 99 7 22 1 7 94 96 15 77 76 82 81 17 97 7 97 14 8 55 71 60 37 86 37 79 9 75 44 49 32 41 0 57 47 31 95 79 70 90 97 50 3 98 37 60 97 51 44 57 86 97 30 7 3 40 97 51
31 79 27 49 0 12 8 4 39 24 60 100 16 91 36 89 99 4 1 68 77 12 24 33 94 86 58 90 33 23 27 24 20 90 23 68 91 87 55 65 83 65 67 38 64 47 63 17 34 30 22 50 46 65 6 0 8 14 60 37 68 26 23 100
60 81 82 30 10 61 47 61 88 63 38 74 18 55 17 33 22 53 92 67 1 33 65 2 53 87 39 66 29 14 91 65 87 83 77 24 60 79 58 56 70 53 49 61 94 18 14 44 70 66 8 89 92 28 2 30 9 56 100 16 52 67 73 2
93 48 14 17 78 65 65 69 13 96 84 63 87 61 9 44 41 7 14 61 68 94 10 48 34 54 27 47 74 85 7 28 88 66 39 62 65 68 33 78 71 54 54 11 56 91 64 45 73 51 70 53 28 96 92 46 100 84 27 20 94 13 5 9
23 38 30 48 29 42 24 34 29 6 74 6 49 82 75 39 34 60 64 44 36 62 70 9 21 5 45 75 63 35 87 8 96 3 69 83 34 30 23 3 16 62 63 33 66 38 2 61 6 18 75 92 48 74 72 86 95 20 76 89 17 82 3 77
14 33 99 47 33 22 87 75 71 43 76 24 67 75 36 73 4 48 19 34 3 55 62 45 10 7 80 70 32 38 1 79 24 0 85 78 49 50 7 0 20 10 93 45 25 92 51 81 20 66 58 54 64 62 48 88 42 35 67 25 87 45 15 20
17 92 73 97 30 57 40 13 58 48 33 9 16 52 43 51 42 36 59 96 11 34 33 62 17 17 51 32 19 90 16 82 34 58 74 57 22 99 36 94 55 99 33 0 54 52 15 48 94 56 77 16 26 75 90 52 98 83 66 52 98 18 93 22
