70 10 34 48 41 64 95 55 45 84 9 57 73 29 68 45 14 43 84 9 7 21 70 4 17 77 29 41 38 51 53 88 99 57 45 38 72 84 73 44 24 13 22 3 62 10 11 31 37 26 27 43 7 28 66 9 6 94 41 74 3 12 94 24
57 100 66 33 98 51 72 38 1 33 32 87 41 71 76 99 4 72 6 97 51 61 54 86 100 86 55 32 95 92 71 53 59 98 6 13 68 26 67 71 86 97 53 9 48 95 15 10 57 0 52 41 34 66 96 42 19 32 48 53 63 57 38 0
96 29 75 47 59 52 39 96 0 86 31 96 24 5 74 92 52 29 85 10 33 63 9 90 75 94 13 32 67 76 33 57 51 95 66 77 0 95 80 44 14 81 73 51 33 16 94 47 71 24 8 2 90 68 83 74 81 12 24 34 32 95 99 20
18 57 62 5 58 48 26 65 55 90 37 44 39 59 39 71 32 73 71 59 100 84 20 74 21 55 90 28 32 33 61 80 50 23 66 56 74 27 65 17 39 94 62 94 96 78 58 90 18 36 81 28 92 47 37 62 78 38 84 39 96 13 82 0
73 42 88 71 33 23 60 44 39 19 33 81 65 58 23 32 0 50 38 99 17 55 14 86 99 29 17 73 45 15 73 89 6 69 92 43 18 1 17 75 38 66 90 45 77 31 49 73 17 51 86 89 21 42 3 47 35 0 27 14 31 27 90 29
48 15 100 56 46 11 43 100 64 45 95 56 87 42 84 61 20 82 68 1 95 69 62 76 27 93 8 33 17 55 42 16 52 99 19 25 13 65 99 9 28 25 12 40 6 24 14 27 1 12 13 45 79 69 32 24 76 22 53 4 42 0 63 47
90 80 27 79 7 24 21 75 22 83 91 61 100 74 13 72 91 48 28 76 13 95 27 98 72 11 47 60 93 89 49 26 95 59 85 74 0 99 76 22 49 16 78 39 17 0 55 74 98 60 46 73 3 66 50 37 14 23 27 59 83 36 74 39
86 36 62 85 39 42 2 83 47 15 78 31 1 37 92 35 97 23 13 13 64 14 90 34 42 75 37 88 19 69 23 5 82 61 75 91 19 3 63 76 78 13 38 90 87 62 85 86 19 44 77 68 84 26 87 72 3 44 10 18 69 11 49 91
61 1 59 12 57 66 14 59 6 31 16 35 79 21 99 95 86 41 68 0 1 87 9 86 57 7 10 21 7 32 9 47 8 57 15 7 71 81 49 83 23 83 75 50 31 51 91 33 19 40 53 88 95 90 94 34 14 68 45 38 14 49 84 32
42 76 74 6 9 55 70 78 44 55 49 88 22 41 50 48 30 86 15 44 57 5 62 10 94 90 59 83 43 67 25 97 95 82 48 21 72 98 85 46 25 88 89 98 71 64 46 91 76 75 74 71 19 29 17 27 64 57 37 61 33 6 43 48
42 82 50 64 82 59 9 19 23 70 98 62 90 8 54 83 27 35 98 66 16 76 62 59 6 29 59 86 3 96 86 85 16 44 29 82 97 52 94 20 2 63 82 66 38 18 53 5 88 65 51 32 41 92 41 76 6 26 20 52 89 25 97 3
4 22 34 59 19 11 85 31 55 36 62 21 41 29 38 34 74 40 82 14 77 53 74 39 56 85 17 31 52 25 35 15 61 50 64 31 55 92 11 80 98 35 29 75 55 81 5 18 81 90 24 99 82 68 38 89 19 63 21 61 10 76 34 99
40 92 82 50 75 8 45 87 55 28 65 72 53 25 87 77 83 11 90 73 44 9 84 96 78 59 18 61 68 45 23 56 78 46 17 15 14 22 11 23 78 85 5 85 31 16 82 79 87 12 1 82 4 49 25 35 74 79 11 2 31 88 18 18
20 20 22 11 19 53 45 25 21 67 100 85 65 52 48 31 11 54 85 55 41 86 35 25 97 44 50 9 63 65 57 77 46 55 29 78 57 16 96 24 25 80 80 2 54 4 89 88 95 1 64 7 12 46 44 87 2 89 87 38 18 41 51 68
27 76 16 26 75 85 77 61 12 78 61 99 17 2 93 68 22 71 52 65 50 7 15 4 42 26 31 3 57 26 24 18 82 42 50 80 25 36 3 59 28 57 90 57 72 0 41 60 20 41 52 28 59 100 90 11 24 74 33 72 61 88 39 38
3 50 0 36 38 69 63 7 36 37 76 23 41 37 1 37 0 7 36 11 76 89 67 61 86 46 26 99 10 89 100 50 18 32 32 12 25 57 50 1 83 34 84 61 33 36 56 85 70 97 52 40 99 11 38 1 93 41 30 46 51 19 82 59
49 10 32 17 66 50 68 33 48 82 13 94 86 78 77 18 96 17 67 79 3 94 33 12 64 24 54 97 89 96 43 58 64 20 51 4 91 77 89 70 36 15 19 94 18 1 77 37 61 78 71 50 49 9 70 85 38 77 27 92 85 75 84 12
84 42 83 16 14 22 47 76 57 4 71 54 87 18 40 35 19 78 53 26 12 30 49 20 6 72 85 26 5 8 29 12 66 47 49 48 0 18 98 69 72 81 81 15 33 87 23 55 33 54 2 34 24 90 42 64 64 17 95 72 67 90 95 3
36 46 97 1 7 64 38 43 1 11 68 99 12 65 36 55 43 9 22 77 11 93 0 20 43 61 100 53 74 89 98 80 15 88 100 54 62 27 59 92 32 8 29 70 87 90 31 66 24 98 21 60 85 71 22 81 76 21 61 85 24 23 1 96
50 96 71 54 24 56 60 41 14 6 74 37 17 35 42 85 42 82 62 69 79 100 72 17 6 57 2 38 66 15 25 39 2 11 43 67 43 22 63 74 96 19 5 47 34 4 85 20 61 22 60 60 77 16 55 72 60 24 38 87 57 24 90 23
20 90 98 74 23 75 55 67 9 27 27 18 99 49 18 24 43 7 50 91 42 62 52 35 29 71 68 28 10 52 31 71 95 23 98 33 4 6 66 49 72 43 30 68 43 42 2 63 49 73 60 37 72 35 38 18 93 24 6 11 9 2 84 47
58 24 60 12 42 20 2 80 95 12 78 13 74 71 42 9 20 0 39 84 98 67 28 27 100 8 31 72 8 45 30 97 48 0 40 98 56 40 86 14 3 17 59 32 82 76 61 47 56 42 63 27 29 33 6 49 73 58 99 46 0 20 53 53
39 58 87 65 69 59 50 12 49 93 53 26 16 88 2 17 56 55 1 96 52 61 82 14 1 35 86 88 9 41 90 16 37 24 41 94 63 32 72 42 79 70 58 85 36 6 92 28 10 87 77 78 7 14 63 74 13 33 66 0 45 75 14 16
83 6 5 53 33 73 34 95 46 70 87 18 19 41 19 25 24 86 72 29 15 54 61 44 87 83 66 66 13 37 69 64 43 31 25 86 90 61 47 26 75 62 46 49 17 60 56 61 66 90 53 30 82 24 40 72 56 21 38 65 65 4 44 60
52 88 77 2 21 82 38 75 18 26 35 9 76 44 22 64 34 61 40 50 90 48 29 71 72 94 46 87 93 51 50 28 71 91 57 10 21 19 36 6 94 62 96 74 91 2 27 71 92 88 31 91 38 5 52 3 48 9 15 30 66 59 32 100
20 68 61 44 87 45 91 69 96 22 21 51 65 68 52 61 92 85 71 83 90 29 54 5 25 73 16 68 83 45 4 93 87 46 85 37 59 20 17 7 89 1 46 50 71 19 10 7 18 25 73 86 9 48 37 89 2 5 7 62 62 22 13 11
51 90 11 32 45 100 7 60 49 52 32 74 13 47 88 13 33 17 87 70 11 79 68 83 7 95 68 6 18 86 1 36 90 38 74 89 62 18 3 37 15 34 92 13 33 51 14 97 71 65 53 83 89 66 24 66 99 77 6 68 2 30 39 67
77 99 84 2 73 42 75 95 88 23 49 82 99 9 66 81 34 46 68 18 61 77 81 52 14 56 78 39 72 22 24 61 23 30 72 23 49 1 46 13 7 70 80 4 23 52 52 77 39 50 74 72 4 66 99 83 20 39 83 61 14 11 22 54
38 94 9 12 49 89 71 40 47 73 66 15 60 99 97 37 93 48 52 4 51 71 54 31 68 78 46 99 77 89 66 42 1 84 90 35 98 71 25 44 47 90 82 55 89 76 59 2 93 70 12 59 26 6 46 11 41 73 68 74 76 20 27 18
4 99 98 1 39 39 38 58 36 87 27 29 49 91 25 83 55 45 19 9 7 92 63 14 3 6 64 96 47 100 25 1 11 61 13 22 32 35 79 6 89 62 12 70 68 89 83 61 97 11 15 3 91 12 35 23 14 36 37 37 46 99 32 44
69 32 90 28 53 14 17 81 41 32 34 67 98 100 99 79 80 55 41 40 47 6 51 11 51 25 41 89 52 7 86 12 74 24 7 2 66 17 7 76 44 69 73 93 8 0 49 65 82 29 59 98 52 57 17 80 37 28 44 13 56 18 98 7
83 97 71 42 41 48 72 1 28 1 35 97 43 5 84 79 20 26 12 8 6 49 84 37 69 81 14 50 84 78 32 21 42 87 8 63 6 63 14 87 25 51 60 2 39 96 67 77 8 24 2 10 61 91 86 62 95 82 80 90 82 97 20 72
33 60 83 100 11 63 68 98 93 87 42 66 87 50 41 78 33 3 20 9 67 61 13 66 74 39 27 87 51 95 9 35 8 90 42 94 88 26 0 13 84 2 32 2 100 83 80 27 55 94 91 93 65 2 62 81 5 49 28 95 92 61 11 30
31 64 82 61 100 50 89 10 9 45 44 84 69 46 2 60 43 86 97 14 67 1 14 73 62 32 61 53 61 25 55 62 49 44 37 90 84 69 19 46 29 6 92 95 38 39 84 89 26 21 93 36 3 39 3 52 88 75 15 77 70 73 70 14
67 59 99 51 8 1 26 79 5 58 71 98 2 85 56 99 74 3 94 100 40 3 5 5 83 61 55 59 29 72 45 11 54 54 55 69 30 24 53 91 20 52 37 87 85 78 1 0 99 86 55 59 56 44 43 25 77 67 71 73 39 77 45 20
52 28 87 6 63 30 47 74 56 6 56 56 5 69 7 51 24 92 59 19 52 42 28 72 84 94 64 99 85 16 73 22 84 75 92 48 86 15 53 25 38 9 30 85 65 13 47 1 42 30 24 18 93 64 43 42 85 85 95 32 12 12 23 99
26 68 27 22 92 21 68 10 7 16 18 36 18 33 51 48 52 90 30 57 16 98 23 64 64 85 89 71 89 62 80 45 85 55 22 22 69 66 30 53 23 68 66 13 96 73 79 7 12 87 19 9 2 2 19 82 65 23 9 34 24 44 75 1
10 97 62 45 38 38 35 38 58 91 73 57 15 28 41 67 67 94 22 12 80 44 92 0 33 92 18 64 58 91 19 50 30 7 50 85 74 5 83 74 98 64 57 63 9 80 22 86 100 61 97 28 23 40 13 34 17 93 40 66 32 53 29 19
68 54 79 74 25 57 91 33 61 63 65 53 75 58 56 39 59 74 41 64 60 97 49 27 21 76 46 23 2 22 0 64 15 40 5 89 84 62 34 84 56 100 80 90 37 84 37 86 26 12 77 58 95 12 30 98 45 13 79 24 1 23 32 47
43 61 34 34 82 91 92 69 26 13 30 77 40 77 46 72 84 44 87 85 11 16 46 42 15 0 90 19 99 23 4 97 48 6 9 55 42 84 75 70 36 52 49 46 49 95 17 64 12 51 29 10 66 73 65 68 35 81 87 39 90 47 38 2
98 99 51 28 57 99 1 31 5 9 13 53 74 15 83 76 2 60 81 45 47 10 0 18 56 84 64 66 11 11 78 52 36 85 90 14 50 49 22 57 57 12 80 34 83 57 86 100 0 68 79 30 33 59 16 90 70 74 75 63 16 60 88 73
73 20 21 29 98 35 56 2 41 72 5 65 99 93 89 1 47 76 94 46 86 13 65 45 90 14 14 35 78 54 66 79 52 18 25 67 14 70 43 15 10 11 13 16 7 75 1 3 66 84 73 89 67 0 72 20 53 42 51 75 23 31 82 90
41 82 98 10 80 11 4 60 71 62 21 88 36 57 73 81 52 58 49 41 94 6 51 27 45 56 4 32 53 19 23 30 70 72 18 2 69 18 29 30 47 4 22 55 100 65 7 10 17 94 74 35 92 40 3 72 9 95 59 51 68 81 6 90
17 30 35 94 31 86 27 43 60 34 16 66 5 84 43 88 30 89 0 87 45 56 74 17 77 75 4 55 7 22 59 64 54 59 15 51 69 50 39 23 85 86 25 100 19 99 22 8 1 35 43 9 72 24 95 23 26 34 70 60 67 89 28 68
61 60 4 90 89 46 55 68 55 71 8 92 1 29 21 86 86 67 93 13 47 7 56 62 18 62 23 51 55 32 71 86 75 10 98 16 29 14 53 70 78 53 46 52 77 75 37 20 50 82 79 76 6 34 25 77 66 35 0 8 69 27 67 29
71 13 49 69 64 51 10 81 33 88 23 30 45 50 78 15 84 60 14 93 24 76 64 50 42 79 51 0 37 97 71 65 11 24 22 73 37 55 69 42 77 40 33 0 88 5 61 42 62 25 22 15 25 6 20 90 29 57 98 23 51 85 71 90
0 20 84 50 82 95 41 87 3 14 25 22 52 71 26 87 35 90 46 24 52 23 62 11 1 31 74 84 65 0 69 30 58 14 63 20 2 40 40 5 43 33 80 96 23 79 92 9 76 57 78 51 75 100 11 45 15 7 3 16 41 52 12 38
43 47 34 52 72 68 43 19 78 51 41 53 24 51 9 15 88 100 63 18 57 2 22 43 2 28 62 83 17 9 46 31 37 9 61 0 27 48 16 81 65 13 57 11 17 92 51 52 31 31 99 85 94 6 97 37 69 6 16 44 98 96 77 29
60 91 17 2 83 32 76 89 52 73 85 5 41 43 78 2 27 53 32 71 8 82 68 65 99 42 8 34 6 72 95 20 21 89 53 26 35 81 72 56 20 98 12 65 28 61 78 13 58 95 95 2 83 71 99 86 22 27 49 92 11 22 7 29
78 76 33 2 26 68 42 31 93 27 97 48 2 71 92 85 53 59 32 58 27 71 39 93 75 83 28 76 24 20 36 32 74 24 44 52 92 29 25 67 38 28 94 93 70 10 2 91 18 36 100 37 99 78 71 11 29 18 68 85 10 41 78 14
8 60 24 55 39 38 46 78 38 23 41 39 61 1 12 33 98 50 31 97 33 64 43 40 99 38 51 21 51 53 78 16 41 8 45 24 47 74 19 89 84 61 60 22 87 28 24 27 18 0 29 16 68 59 63 31 18 25 100 57 72 47 90 76
92 26 58 13 83 44 27 51 33 16 74 25 89 48 96 14 77 20 64 90 68 17 73 49 50 71 98 55 92 52 52 26 82 73 63 63 14 67 91 0 35 8 21 35 65 5 79 77 98 50 32 11 73 31 87 46 46 90 24 8 8 23 89 39
98 25 63 89 49 74 69 15 81 46 52 34 94 88 62 81 34 26 53 32 58 3 12 70 91 5 97 20 68 46 85 74 42 35 89 98 57 77 63 35 18 46 38 18 63 78 25 16 20 96 95 35 11 52 63 27 6 64 30 23 72 13 20 71
89 26 65 20 13 47 42 29 60 67 82 23 66 46 36 9 43 39 68 12 23 78 97 76 43 8 8 37 35 51 20 5 71 71 78 65 47 28 6 50 29 100 36 77 70 10 27 86 21 50 14 38 95 72 0 49 57 89 58 46 49 48 59 62
72 74 70 97 91 73 8 41 59 42 17 89 47 1 42 78 26 95 71 100 88 82 75 29 8 94 19 2 26 45 74 0 78 36 80 96 77 94 10 61 60 3 97 36 86 61 31 19 77 64 52 61 66 11 30 93 83 56 4 53 85 52 9 46
40 86 87 9 0 16 37 58 46 88 55 93 23 49 88 16 79 31 84 91 41 55 84 7 100 83 25 58 85 90 69 64 92 27 69 25 63 48 91 70 100 9 19 40 31 12 93 37 67 70 51 79 43 95 66 98 76 41 13 5 28 99 60 29
44 98 59 60 48 8 64 31 20 84 17 96 15 27 7 73 37 86 92 54 63 62 60 24 73 95 70 10 89 67 79 13 9 25 94 37 75 13 84 45 10 90 58 98 76 84 70 27 30 0 80 33 20 6 89 43 41 78 71 75 68 66 29 65
89 76 4 25 30 20 90 31 26 35 94 64 84 61 36 45 87 52 54 92 37 49 66 71 43 93 79 44 7 1 45 82 2 63 58 87 24 26 34 63 48 30 74 4 34 17 71 54 12 13 64 100 98 83 58 58 36 10 74 13 69 0 39 29
79 79 30 53 39 29 22 90 27 64 80 17 70 4 34 92 16 93 61 27 22 91 81 84 3 57 50 97 4 21 32 26 15 90 55 90 5 3 74 43 49 18 17 70 75 70 28 85 65 28 13 66 26 45 42 12 86 18 73 23 88 65 73 48
3 50 52 76 20 11 94 27 70 58 31 23 25 5 39 59 69 48 28 92 20 59 82 42 53 10 0 53 74 70 35 49 88 89 25 73 40 59 58 70 41 86 98 51 32 51 97 19 15 68 34 82 96 76 54 46 7 82 65 53 22 49 38 86
99 35 68 53 84 54 13 73 70 77 52 58 93 92 78 96 82 26 66 63 62 25 83 48 33 76 12 68 71 74 14 82 71 26 10 73 33 47 26 43 75 78 16 37 3 98 44 37 49 13 78 24 59 40 59 46 11 61 80 43 50 67 37 94
14 22 50 40 85 32 76 77 98 83 36 20 87 57 36 68 60 70 63 58 22 44 100 8 76 88 93 81 52 6 20 61 34 55 0 34 30 37 95 55 21 80 51 64 6 25 98 70 25 57 33 26 99 36 93 19 4 75 60 41 91 48 81 46
98 39 77 44 88 6 93 12 77 100 69 5 99 30 20 64 61 92 35 29 30 3 69 63 17 99 67 20 96 44 45 32 94 37 30 66 96 4 61 56 52 39 42 13 61 27 21 66 47 13 94 97 10 75 58 91 79 33 60 100 29 92 78 5
67 82 8 10 24 12 18 42 56 59 52 74 55 75 8 85 16 22 96 45 28 28 1 87 70 6 62 36 97 42 62 37 41 3 10 16 50 50 13 41 87 10 26 44 30 34 11 82 59 86 65 95 14 77 55 26 29 30 47 36 26 36 60 42
