93 77 73 1 88 72 47 71 60 7 44 89 42 46 0 69 74 44 52 42 6 87 16 51 91 42 59 4 57 43 33 98 71 13 37 50 48 32 81 34 18 75 60 73 52 7 99 66 44 71 75 65 44 7 81 79 21 38 94 39 67 21 35 82
100 59 57 31 36 21 53 63 45 51 2 2 52 11 44 6 16 51 77 1 71 16 36 19 46 92 51 69 42 84 74 32 57 6 98 55 48 38 94 79 22 59 17 37 47 52 1 40 16 85 1 100 76 70 22 62 56 67 75 20 80 2 98 2
83 38 60 95 72 9 45 12 57 77 21 26 53 77 39 37 19 31 96 43 57 97 56 71 83 10 89 24 55 47 44 8 87 79 3 97 61 21 24 68 33 10 100 57 55 28 39 58 6 87 10 62 30 73 30 56 18 57 46 53 16 20 61 68
47 34 5 12 24 21 82 81 76 54 81 71 76 1 8 82 19 80 73 91 52 82 46 80 57 36 92 34 65 84 30 4 48 97 86 84 34 4 0 85 49 42 64 81 88 99 57 4 85 53 36 38 19 19 37 19 76 2 86 44 53 87 40 43
27 40 39 21 23 33 78 16 65 22 21 21 41 30 18 28 75 30 41 74 8 91 69 0 7 10 9 75 12 18 69 94 73 15 60 72 15 42 75 57 33 27 86 11 70 79 70 65 74 42 87 66 20 86 100 81 15 45 6 45 28 33 19 60
28 1 79 40 32 9 5 42 82 22 85 100 43 46 92 25 74 26 75 25 45 43 3 81 0 89 23 62 40 57 51 12 34 94 57 0 23 45 8 47 15 61 53 37 33 56 93 53 80 62 35 37 54 96 39 88 6 84 36 43 56 77 9 11
98 4 59 33 35 87 85 71 86 47 58 58 92 16 12 50 47 45 89 73 80 100 98 10 15 68 35 75 69 40 48 91 52 7 14 12 18 32 46 26 100 3 81 52 76 28 86 72 15 59 27 78 98 84 38 45 58 99 91 82 44 3 80 39
82 2 96 57 54 23 38 38 97 19 64 60 15 93 54 58 63 88 61 51 86 85 5 87 39 53 23 38 9 28 63 30 36 44 51 63 0 69 76 39 75 26 54 37 2 0 35 26 39 96 18 94 21 88 25 50 2 49 73 1 87 52 99 19
78 91 80 70 21 69 4 38 49 31 82 26 51 42 40 65 20 48 47 80 66 5 92 9 97 7 51 97 93 13 81 54 16 63 7 32 60 33 91 31 19 40 59 92 40 79 52 65 92 27 68 6 40 89 24 45 30 9 56 12 76 16 85 61
42 49 96 35 42 55 0 5 9 69 26 28 34 29 51 46 63 93 58 58 95 31 90 35 36 56 1 5 29 49 69 2 25 47 46 81 18 77 68 97 87 53 42 68 57 82 66 15 62 68 26 85 70 57 23 67 57 84 6 16 36 41 25 43
60 97 59 11 91 20 21 98 7 1 89 53 69 28 37 67 21 10 53 94 13 23 15 51 5 93 38 95 58 9 70 63 87 8 67 44 66 71 6 23 21 22 26 21 97 16 10 4 38 73 45 24 64 12 1 21 47 96 14 98 89 11 84 66
33 23 57 37 17 56 90 98 99 58 25 13 36 28 41 37 40 72 100 42 49 33 11 46 87 38 90 77 53 11 59 84 83 25 54 41 61 49 96 90 40 92 16 59 48 76 62 8 48 60 11 100 86 16 91 80 57 15 100 26 71 99 31 30
38 90 2 74 28 3 64 11 57 97 84 59 81 57 59 53 43 69 22 94 31 51 81 72 25 90 27 58 25 49 86 55 83 26 53 16 40 6 34 61 27 23 37 40 58 60 80 63 69 48 47 94 33 48 79 70 82 71 59 68 44 32 6 15
28 78 19 4 47 26 81 24 17 66 77 43 65 0 17 38 41 19 8 58 62 82 77 26 78 30 29 99 9 35 78 76 33 85 29 0 69 23 82 34 24 59 19 77 25 63 61 59 84 19 55 62 17 16 21 23 45 17 88 67 39 96 92 71
38 6 86 96 72 52 6 76 44 94 91 79 81 17 15 34 44 59 74 34 8 16 87 68 61 65 48 38 49 88 3 78 5 83 55 99 42 16 63 86 19 31 18 12 92 75 27 70 69 42 69 87 76 15 67 15 63 6 45 77 9 13 29 72
77 0 66 46 59 95 32 67 29 97 12 24 79 6 15 22 57 96 54 48 62 56 10 14 49 79 55 42 74 82 92 11 33 51 62 73 42 78 33 30 83 41 22 46 85 48 0 99 73 22 19 85 7 57 46 96 18 2 93 60 89 98 12 38
43 20 5 65 58 84 9 54 48 50 14 90 2 30 40 71 5 81 15 0 15 96 87 3 2 53 87 40 93 61 8 88 42 94 72 43 98 43 2 91 2 20 85 57 64 56 3 17 19 39 30 47 60 42 17 46 70 33 12 63 36 88 81 33
70 14 81 67 50 100 57 7 68 49 69 68 31 75 45 1 17 21 100 62 35 72 95 83 20 45 81 91 56 1 63 49 72 68 98 89 53 82 79 70 43 57 49 9 77 4 87 5 34 77 70 31 84 72 37 30 51 26 86 72 5 11 1 33
57 34 37 74 31 54 53 86 87 28 19 31 31 20 30 52 64 63 23 30 91 60 61 15 16 53 68 39 4 71 99 59 57 29 64 32 79 45 15 0 95 45 29 69 55 10 80 33 30 17 97 81 71 13 25 30 57 39 72 69 8 8 43 79
100 73 65 55 33 8 22 11 64 42 73 76 84 83 99 32 88 83 29 81 74 68 74 84 55 75 24 30 73 49 15 22 62 61 20 54 26 76 1 8 47 57 91 15 89 28 67 51 91 18 62 2 25 47 81 79 62 50 100 72 30 40 41 22
34 54 83 45 92 36 42 97 70 98 57 66 82 3 81 65 34 62 6 40 49 90 16 19 45 28 79 82 62 65 84 94 51 4 79 99 16 6 57 6 59 42 75 47 69 42 19 22 66 86 1 5 89 89 64 50 53 1 59 3 83 97 57 4
52 97 60 72 48 28 86 65 5 86 94 33 47 73 15 26 60 58 95 47 19 83 54 85 89 25 54 80 58 35 8 11 36 37 76 70 49 87 10 9 45 88 97 11 17 15 27 0 70 41 91 61 52 94 71 7 36 41 83 87 32 93 90 79
68 16 92 20 72 36 74 34 64 100 43 1 74 71 54 39 77 62 18 48 59 30 91 88 64 40 18 70 52 87 28 26 28 51 31 52 74 28 8 79 96 28 92 86 76 63 11 41 71 78 24 87 36 18 56 77 18 18 86 61 70 88 22 36
40 38 98 79 5 59 69 16 2 45 62 34 29 4 56 25 49 20 39 45 70 41 7 81 21 2 13 72 79 41 1 49 74 17 55 25 84 83 79 85 19 93 91 32 53 48 35 93 29 71 48 26 57 10 24 11 92 4 57 27 24 69 16 88
60 87 50 86 11 75 78 14 88 80 22 46 48 0 49 18 19 7 78 34 90 66 27 89 80 80 21 51 83 24 51 65 52 48 60 68 30 71 51 69 73 100 20 94 61 77 74 36 39 88 89 18 20 22 43 48 41 76 59 16 79 18 38 99
60 11 56 27 65 6 92 80 81 38 59 36 14 61 69 34 89 34 81 37 100 2 76 64 79 23 40 51 43 67 64 64 97 39 84 90 9 12 10 62 88 46 26 59 52 7 4 46 51 20 74 59 31 52 43 54 40 83 98 80 72 45 73 23
10 96 32 98 78 72 13 57 71 88 76 6 73 74 73 33 25 68 92 26 54 6 68 26 21 99 6 47 91 94 60 34 10 52 82 47 89 3 99 89 86 29 25 20 67 64 60 87 32 36 73 85 45 7 88 3 37 47 71 79 61 70 34 25
20 95 76 82 82 67 42 51 8 71 69 86 67 9 29 72 93 90 36 7 98 41 42 0 43 50 17 62 14 46 72 17 99 12 6 100 5 62 47 2 57 13 7 78 87 59 68 94 70 63 40 55 63 90 18 38 43 19 25 59 39 13 62 56
12 67 53 100 67 29 13 28 19 42 86 1 93 93 44 82 14 35 6 60 85 37 68 12 6 77 68 73 92 85 92 46 7 33 8 71 53 91 34 46 87 36 44 15 3 27 24 80 48 97 67 17 92 17 44 62 1 23 50 85 87 56 13 31
40 93 85 8 82 39 10 38 92 99 64 44 20 43 73 38 15 100 69 66 80 63 64 36 83 87 94 40 52 97 12 82 4 98 72 86 57 1 100 67 21 90 72 30 52 65 13 34 70 96 76 37 26 54 36 85 15 95 89 69 100 9 43 91
83 87 21 56 88 73 81 18 5 30 77 27 37 62 61 25 32 26 95 2 53 98 89 11 98 53 58 64 54 14 49 41 29 3 33 57 10 69 83 57 11 13 45 84 97 8 96 81 13 3 93 17 26 48 97 63 78 46 80 87 26 34 49 55
41 71 45 70 76 11 64 75 36 30 91 72 15 63 2 22 79 67 81 26 3 55 9 39 71 81 38 100 28 3 60 45 31 62 59 98 4 99 56 24 91 26 45 48 82 33 84 61 9 69 17 42 49 16 10 68 12 20 54 25 82 19 100 41
54 100 94 66 6 79 29 6 68 37 83 79 35 70 37 43 3 47 39 10 4 34 74 46 35 57 6 31 78 38 97 30 33 53 20 58 75 0 80 81 73 64 77 43 31 40 43 75 10 11 20 49 12 62 25 38 51 40 88 80 28 90 59 31
8 19 45 14 4 39 47 27 77 90 24 27 77 32 55 79 37 82 27 43 8 100 65 37 60 56 93 31 68 100 70 17 87 48 21 57 19 4 83 96 50 33 97 66 55 39 18 46 87 23 26 83 2 43 90 95 62 10 55 82 47 31 40 39
6 77 95 98 89 48 50 11 34 16 18 72 23 72 74 26 68 57 23 19 43 79 18 70 27 10 14 55 75 2 8 1 82 45 88 6 62 19 39 0 97 63 57 47 62 56 50 46 75 94 27 93 24 5 46 51 74 14 96 21 62 17 41 99
55 56 85 65 81 31 51 66 2 81 57 52 65 52 3 34 70 23 41 22 66 25 33 28 34 72 58 85 62 47 87 74 59 7 80 85 49 100 61 92 90 77 55 22 46 98 54 76 97 53 81 33 66 5 57 40 25 7 15 18 99 52 43 75
57 79 34 71 48 57 18 26 89 18 46 71 92 5 30 60 34 68 50 33 75 1 69 9 50 92 29 4 12 24 62 95 65 18 63 15 36 48 25 57 71 27 58 44 57 77 50 76 20 13 11 73 91 56 79 76 31 24 7 27 95 6 73 40
13 54 23 78 1 62 50 8 21 60 13 28 79 50 0 94 43 88 49 57 18 89 39 86 6 65 12 63 15 21 15 62 15 32 7 58 96 43 88 89 0 14 32 40 31 22 93 90 29 2 91 56 86 66 2 26 57 20 67 98 100 54 49 69
61 58 99 50 19 41 60 93 94 57 17 9 63 72 90 63 15 46 60 85 17 90 63 38 70 33 39 31 23 9 11 73 34 84 36 32 90 14 55 95 16 10 25 35 80 24 23 23 36 49 49 48 73 72 83 32 32 3 63 57 40 52 21 25
98 74 9 0 61 57 39 58 86 93 73 73 8 90 70 13 3 25 58 75 95 89 34 0 81 8 0 15 53 28 53 39 97 87 14 32 94 57 84 66 33 23 73 28 4 100 8 26 64 2 17 59 75 92 91 26 36 86 71 25 8 60 71 13
33 20 31 70 42 44 91 78 90 78 3 50 71 53 64 92 51 40 84 92 81 33 97 48 10 23 93 96 54 31 58 100 92 92 45 62 20 96 68 32 47 38 66 63 65 74 10 99 82 67 14 33 7 41 95 30 4 1 24 76 2 7 4 13
66 2 88 26 97 39 71 11 54 91 89 90 42 25 90 79 75 35 14 72 89 49 96 53 14 78 85 91 33 83 64 85 77 72 71 34 91 75 92 16 93 0 76 26 51 42 14 93 29 35 0 54 64 38 31 36 58 71 35 38 0 24 97 81
83 28 90 57 68 32 82 45 54 19 71 39 69 95 66 18 73 50 65 46 10 71 98 60 43 36 80 82 5 84 19 11 90 63 27 59 7 75 63 39 94 38 36 68 63 98 8 68 78 80 60 90 89 99 67 77 93 76 94 75 52 64 36 67
50 77 33 88 94 46 91 34 88 46 77 32 12 46 82 40 19 68 13 92 0 2 99 57 10 54 32 27 96 25 10 35 24 95 56 19 51 21 82 20 3 29 49 42 64 4 66 41 98 30 34 10 46 63 18 92 29 2 37 29 2 14 23 31
69 96 97 23 7 8 36 64 64 81 45 32 46 52 77 0 96 93 79 38 64 38 57 64 85 64 25 33 80 94 32 92 56 19 44 83 60 84 99 6 70 74 23 15 84 50 74 95 5 51 80 19 77 6 66 82 85 63 36 28 71 69 91 18
80 54 91 81 6 44 38 1 11 92 99 24 39 29 28 57 65 54 64 62 84 71 19 62 46 50 36 18 0 40 62 30 99 96 49 26 46 65 24 85 66 46 60 29 84 97 99 7 16 1 61 83 52 11 94 96 34 99 77 73 82 59 26 51
32 23 30 86 7 99 51 14 56 22 54 51 33 76 50 26 50 65 51 15 60 57 37 59 23 84 2 69 25 5 54 77 54 23 62 25 59 54 37 58 31 79 71 85 78 52 64 14 35 60 88 51 44 35 13 98 37 76 64 24 100 73 5 18
79 12 72 19 29 47 21 69 75 71 82 85 78 17 96 72 32 74 63 6 57 48 5 32 36 49 33 57 12 2 93 49 12 85 78 36 86 31 51 15 89 70 88 90 48 35 65 21 32 74 22 67 98 61 90 69 53 41 57 13 46 34 32 94
24 65 39 62 63 99 27 64 23 95 57 43 19 92 79 51 6 44 77 6 20 75 70 24 49 58 91 75 49 28 3 66 18 100 76 30 68 67 37 87 4 82 60 94 13 1 0 77 15 64 73 69 18 49 19 97 42 68 56 10 46 78 89 2
31 79 2 61 9 94 84 50 11 68 41 84 60 39 83 49 99 86 61 13 47 51 11 87 27 31 56 3 40 27 89 52 23 7 76 29 75 83 1 62 83 1 14 53 32 22 68 43 90 21 46 20 93 7 30 54 34 63 80 88 64 41 55 56
62 87 63 56 96 89 68 8 75 6 21 67 25 83 36 7 39 87 44 10 14 86 66 65 79 62 58 99 58 19 93 93 38 78 29 55 81 67 31 100 49 83 34 53 53 94 79 15 7 100 55 65 28 21 19 76 51 99 12 30 32 22 16 38
67 29 77 64 60 1 74 89 37 75 67 69 75 57 79 81 59 28 37 48 70 66 33 100 58 11 91 5 52 50 16 90 30 7 33 79 51 77 20 57 54 25 73 12 64 66 1 76 21 28 28 96 90 79 31 54 83 27 93 87 6 24 63 85
66 77 89 54 95 84 85 6 32 25 20 89 87 7 44 10 86 29 15 53 5 81 10 17 55 55 19 68 42 65 32 1 28 83 31 24 66 46 61 88 14 40 82 61 65 1 32 26 76 16 0 33 51 48 79 98 1 69 75 2 73 29 42 26
98 23 11 80 72 12 14 99 78 56 6 53 14 10 45 32 53 50 93 55 4 97 16 86 20 66 91 89 85 12 56 77 36 25 49 33 64 70 60 54 99 39 3 1 65 58 16 100 47 22 30 52 23 51 75 10 55 13 8 78 91 56 83 82
47 99 69 9 71 82 65 29 55 69 40 1 28 81 41 34 78 51 18 81 61 25 40 55 2 42 50 53 48 100 36 85 19 38 43 20 77 58 43 3 44 83 90 60 37 59 72 38 86 5 80 28 19 28 30 66 54 51 78 55 84 19 27 47
76 2 98 39 90 10 10 5 96 45 87 75 82 8 40 13 25 44 3 38 76 17 54 63 56 2 35 11 56 77 12 29 6 69 20 51 89 40 55 37 0 21 5 32 67 26 94 85 68 43 18 89 61 63 42 6 91 94 63 60 27 10 4 79
4 1 6 5 57 81 10 28 6 48 12 53 42 55 86 49 66 6 98 83 31 12 7 63 96 40 79 53 92 49 55 27 20 0 2 81 61 34 11 99 61 28 32 92 54 6 57 55 63 2 15 48 34 89 39 31 42 88 1 74 28 64 15 29
56 86 56 14 23 35 78 22 16 18 0 22 70 37 0 15 57 45 70 59 30 18 93 3 85 58 47 30 78 74 42 9 33 73 61 84 35 36 87 95 89 26 57 9 17 14 45 99 25 38 94 66 8 35 53 78 36 90 63 22 28 23 51 47
20 45 8 75 93 94 5 77 77 25 22 33 68 71 29 32 51 94 67 82 95 42 88 79 81 79 0 23 71 19 80 11 14 52 70 45 77 1 81 34 66 29 23 54 41 44 62 29 53 50 7 35 78 88 11 98 7 91 27 32 30 97 66 29
54 40 53 74 29 67 19 53 27 83 62 17 43 10 100 26 25 63 40 24 47 55 2 97 98 63 11 81 28 18 63 63 30 69 53 35 62 90 90 62 69 89 36 57 62 66 83 39 97 96 42 27 61 13 65 51 78 44 10 2 56 0 11 2
88 0 7 60 69 95 89 46 14 47 6 64 71 5 82 6 43 51 95 56 33 6 45 2 39 32 3 30 11 73 81 25 84 73 54 53 35 61 56 84 35 59 34 29 75 47 80 4 92 99 48 27 92 38 27 99 61 7 90 47 85 32 93 99
12 43 93 72 50 72 59 37 72 16 21 83 10 55 61 32 65 81 27 76 49 34 46 0 50 7 62 6 38 59 90 29 59 50 36 52 17 0 88 55 51 86 6 11 23 38 91 86 25 11 86 60 41 23 15 83 65 86 85 44 98 68 82 47
5 85 14 1 2 72 52 77 89 13 60 64 17 87 17 79 92 91 94 67 14 35 40 33 21 82 17 9 74 49 74 68 42 0 31 67 77 4 64 80 9 55 49 71 30 44 28 19 20 72 78 14 87 56 78 2 75 88 28 34 0 14 98 65
61 48 29 75 64 22 45 20 74 65 55 26 41 56 87 24 62 21 65 16 17 91 46 76 62 42 2 51 30 96 100 13 90 2 24 18 89 17 29 87 43 3 1 7 73 88 62 100 46 19 72 16 84 82 51 40 41 24 33 18 13 56 32 74
